Time,Hips.X,Hips.Y,Hips.Z,LeftUpLeg.X,LeftUpLeg.Y,LeftUpLeg.Z,LeftLeg.X,LeftLeg.Y,LeftLeg.Z,LeftFoot.X,LeftFoot.Y,LeftFoot.Z,LeftForeFoot.X,LeftForeFoot.Y,LeftForeFoot.Z,LeftToeBase.X,LeftToeBase.Y,LeftToeBase.Z,LeftToeBaseEnd.X,LeftToeBaseEnd.Y,LeftToeBaseEnd.Z,RightUpLeg.X,RightUpLeg.Y,RightUpLeg.Z,RightLeg.X,RightLeg.Y,RightLeg.Z,RightFoot.X,RightFoot.Y,RightFoot.Z,RightForeFoot.X,RightForeFoot.Y,RightForeFoot.Z,RightToeBase.X,RightToeBase.Y,RightToeBase.Z,RightToeBaseEnd.X,RightToeBaseEnd.Y,RightToeBaseEnd.Z,Spine.X,Spine.Y,Spine.Z,Spine1.X,Spine1.Y,Spine1.Z,Spine2.X,Spine2.Y,Spine2.Z,Spine3.X,Spine3.Y,Spine3.Z,LeftShoulder.X,LeftShoulder.Y,LeftShoulder.Z,LeftArm.X,LeftArm.Y,LeftArm.Z,LeftForeArm.X,LeftForeArm.Y,LeftForeArm.Z,LeftHand.X,LeftHand.Y,LeftHand.Z,LeftHandMiddle1.X,LeftHandMiddle1.Y,LeftHandMiddle1.Z,LeftHandMiddle1End.X,LeftHandMiddle1End.Y,LeftHandMiddle1End.Z,LeftHandThumb1.X,LeftHandThumb1.Y,LeftHandThumb1.Z,LeftHandThumb1End.X,LeftHandThumb1End.Y,LeftHandThumb1End.Z,RightShoulder.X,RightShoulder.Y,RightShoulder.Z,RightArm.X,RightArm.Y,RightArm.Z,RightForeArm.X,RightForeArm.Y,RightForeArm.Z,RightHand.X,RightHand.Y,RightHand.Z,RightHandMiddle1.X,RightHandMiddle1.Y,RightHandMiddle1.Z,RightHandMiddle1End.X,RightHandMiddle1End.Y,RightHandMiddle1End.Z,RightHandThumb1.X,RightHandThumb1.Y,RightHandThumb1.Z,RightHandThumb1End.X,RightHandThumb1End.Y,RightHandThumb1End.Z,Neck.X,Neck.Y,Neck.Z,Neck1.X,Neck1.Y,Neck1.Z,Head.X,Head.Y,Head.Z,HeadEnd.X,HeadEnd.Y,HeadEnd.Z
0.0,43.4404,-28.3303,91.9523,33.15181378145059,-28.072124096246498,91.41386371203609,27.09328726526016,-30.915026154270233,47.2161684486957,22.043876907465872,-35.4961419990935,7.706402411108122,23.216783630144228,-35.14087556815549,4.302351085621904,14.425020285071145,-24.190686458549912,2.4158684463948896,12.676716302939486,-21.935934082415194,1.8852695458330424,53.7289862185494,-28.588475903753505,92.4907362879639,56.784078788302274,-32.59167755938746,48.07379258238493,58.80148188718697,-38.58188794271146,8.481467013025814,58.54911872846113,-38.93407619292928,4.889564158531217,68.3340417015803,-28.824783004937885,3.210863872787714,70.88263789814434,-26.200923281613264,2.4070658889794943,42.91634037595609,-32.82290876638368,99.81200298021238,43.38162805208626,-34.45326962566298,109.59008100645923,43.96129785483098,-34.844592469152055,119.48938544628476,44.53707381449861,-35.076577139450194,129.39393208898454,44.79039470188008,-30.420461193710253,138.8332887711871,26.009401668567353,-37.48516522355722,145.39752874953365,-1.3533279693762594,-26.12734490789702,147.27573695896584,-24.11325416227283,-20.156015371307905,147.65055091195964,-34.7894769917092,-20.079405296566666,150.77478807061675,-34.7894769917092,-20.079405296566666,150.77478807061675,-28.84567986286968,-16.725591792536044,146.17677095177683,-28.84567986286968,-16.725591792536044,146.17677095177683,44.79039470188008,-30.420461193710253,138.8332887711871,62.377117659377085,-39.12604761997108,146.62077420816553,91.1410974997523,-33.92439941188466,141.44167763619484,113.05735962477917,-25.84858814179657,138.5658770455713,123.85851260070332,-23.617487144585397,140.01699508411684,123.85851260070332,-23.617487144585397,140.01699508411684,116.74659947187752,-21.60133978181968,136.40114218149319,116.74659947187752,-21.60133978181968,136.40114218149319,44.80419717625888,-34.647478713226484,142.20700474521396,45.04612145367197,-34.17401945370657,149.63545145203452,45.48487254996553,-32.06989678661393,156.76599678740882,46.15523878106685,-29.66050433165195,166.16711255100685
0.00833333,43.446,-28.3269,91.9519,33.15736389346412,-28.070922266270287,91.4133674781214,27.096256450540764,-30.911174216239743,47.215855696619116,22.045730532500148,-35.49368626541246,7.706394159407729,23.218356314133835,-35.13861270075029,4.302225922741675,14.425983264676617,-24.18892912903956,2.4156504965828294,12.677637092638065,-21.934273252828717,1.884780618471392,53.73463610653587,-28.58287773372971,92.49043252187859,56.787426163640475,-32.58736000444359,48.073445941733574,58.8028224255623,-38.58042358340848,8.481449950928614,58.55061130151082,-38.93284413667154,4.889559202848648,68.33499895901146,-28.82307508286737,3.210604514212669,70.88346993287695,-26.199113275474616,2.4067427423207617,42.9228264291485,-32.81956230182722,99.81163140832453,43.388375722923605,-34.44944916926952,109.58977600199897,43.96796536333829,-34.84074238536057,119.48908630666995,44.54363061873021,-35.073253472642406,129.3936270405165,44.79673248684059,-30.417501025985626,138.83316889093533,26.01640501876096,-37.48657254843387,145.394610565004,-1.3471833147201977,-26.132552177261413,147.28325467302838,-24.105545955960924,-20.15608938117067,147.67097180796293,-34.775474065287106,-20.07567330431307,150.81654460592165,-34.775474065287106,-20.07567330431307,150.81654460592165,-28.839883532224516,-16.724533923120106,146.20599359488193,-28.839883532224516,-16.724533923120106,146.20599359488193,44.79673248684059,-30.417501025985626,138.83316889093533,62.384167574548115,-39.12340172434828,146.6186944933544,91.1485703762052,-33.9169631102242,141.44676544691728,113.06061509042092,-25.82610463286155,138.5811402478552,123.85963514966615,-23.59051806740309,140.04120165040817,123.85963514966615,-23.59051806740309,140.04120165040817,116.74954186027415,-21.5764388449685,136.42062033580356,116.74954186027415,-21.5764388449685,136.42062033580356,44.81124141977031,-34.64465862799336,142.20670638007834,45.054594234609674,-34.17015652774778,149.63503988543957,45.493276028230504,-32.06490802090302,156.76525716900628,46.162959100006574,-29.6525546940681,166.16566229305732
0.01666666,43.4526,-28.3253,91.9514,33.16391023379819,-28.071682639684198,91.41277588301242,27.100245256112792,-30.909377010719897,47.215450625198635,22.04866039124213,-35.49336851844026,7.706296092354513,23.22099837253198,-35.13846999436985,4.302010478773028,14.427858404212746,-24.189416842689692,2.415350578518188,12.67943756946803,-21.93488229367526,1.8842113907049862,53.7412897662018,-28.5789173603158,92.4900241169876,56.79181680312301,-32.584551098486344,48.07298588386536,58.80528284956671,-38.5803574220043,8.48130695128306,58.553228228494994,-38.933007232212326,4.889427718491868,68.3369183014697,-28.822602581982416,3.210235244537288,70.88522181619669,-26.19849636400828,2.406313996391964,42.93038685303932,-32.818024676298855,99.81115962524407,43.396227651312856,-34.447432841801955,109.5893701170087,43.97574758517079,-34.83869005399971,119.48868592571813,44.551310286348624,-35.07172125023491,129.3932203963025,44.80412399554586,-30.41632924382789,138.83294773564464,26.024577764271413,-37.49006463642189,145.3915984949845,-1.3400218995178363,-26.140231184654315,147.29072658378828,-24.096895951222038,-20.15895520136447,147.69138010816113,-34.76047945355885,-20.074866915345012,150.85829925454118,-34.76047945355885,-20.074866915345012,150.85829925454118,-28.833177168498814,-16.726333317521664,146.23520925763063,-28.833177168498814,-16.726333317521664,146.23520925763063,44.80412399554586,-30.41632924382789,138.83294773564464,62.39243943911967,-39.12223207000477,146.6164819379533,91.15716088222108,-33.91047766757684,141.45168397582972,113.0648112247788,-25.804140215319585,138.59622397464562,123.86164331170633,-23.563858259539156,140.06524217608518,123.86164331170633,-23.563858259539156,140.06524217608518,116.75333875303251,-21.551984560599713,136.43992546241492,116.75333875303251,-21.551984560599713,136.43992546241492,44.81940754721623,-34.643626904556434,142.20630629836035,45.06418431437653,-34.168078450934814,149.6345261056235,45.502766256955674,-32.06169779640561,156.76441515948463,46.17173146111963,-29.646372524023388,166.16410823269769
0.02499999,43.4584,-28.3238,91.9517,33.16966132092677,-28.072380832355414,91.41297965892926,27.10341225826139,-30.907427727006805,47.21583909910527,22.050713877014314,-35.49282376966488,7.706989939833129,23.222771402561246,-35.13811951703885,4.302587511567955,14.429022328377856,-24.189572472063645,2.4158294920372483,12.680559395932564,-21.93513468991356,1.8844182151725102,53.747138679073224,-28.575219167644583,92.49042034107075,56.795364677510264,-32.58213606382859,48.073339870833536,58.80683294335597,-38.58079254913591,8.48199112547281,58.55493075798584,-38.93367490634407,4.890124037929486,68.338067318883,-28.822776960715515,3.2106768777242998,70.88624086418434,-26.198564097680055,2.4066917708313476,42.93707291269939,-32.81657784469938,99.81148805444047,43.40317667859534,-34.445513632603756,109.58976471849033,43.98261801599004,-34.83674130815457,119.48908629538646,44.55807196917923,-35.07029902216124,129.39361468306788,44.81066818302527,-30.4152705089488,138.83352710003075,26.03179303718693,-37.49334140504022,145.3894213553493,-1.3336358104945774,-26.147266314239054,147.29903012585243,-24.088918544730767,-20.160817984425876,147.71260759072405,-34.746115548927285,-20.072904774042986,150.90084912988777,-34.746115548927285,-20.072904774042986,150.90084912988777,-28.82707338536369,-16.727054456355845,146.26525032591937,-28.82707338536369,-16.727054456355845,146.26525032591937,44.81066818302527,-30.4152705089488,138.83352710003075,62.39971049480669,-39.121452595527444,146.61510617305316,91.16483896385202,-33.90490788419563,141.4574160821312,113.06823771710341,-25.783532571594115,138.61208862682278,123.86292218065918,-23.538772726884257,140.09002685378283,123.86292218065918,-23.538772726884257,140.09002685378283,116.7564385771505,-21.528961980853282,136.459998987228,116.7564385771505,-21.528961980853282,136.459998987228,44.82665903939526,-34.64270801204861,142.20670713404877,45.07286506393098,-34.16611721868846,149.63481290279404,45.51137791332718,-32.05861175989378,156.76437380964973,46.17965965110843,-29.640327602456395,166.16335469798202
0.03333332,43.4642,-28.3217,91.9518,33.17539285190495,-28.072179047832268,91.41350493803347,27.10647768036101,-30.904163546184517,47.216534061154405,22.053030625414987,-35.49233401444249,7.7081027545704615,23.223975461941826,-35.13829595745123,4.303248119257379,14.42799676027596,-24.191534988458613,2.4165197425215252,12.679780129623893,-21.937372626064633,1.8831334461303277,53.753007148095044,-28.57122095216773,92.49009506196654,56.799349516738786,-32.57754143508029,48.07283156441188,58.80814320261359,-38.58041321538283,8.481985930517709,58.55624133524082,-38.93347726146147,4.890136675303803,68.33935067903671,-28.82263791401149,3.2101782658808933,70.88750540321098,-26.19847305577853,2.405976849515837,42.94403073183374,-32.81529061270484,99.81120012293346,43.410559947312926,-34.44444811558629,109.58941956014745,43.99024092093547,-34.83595354157627,119.4887161266031,44.56590877350173,-35.069776153239886,129.39322583431687,44.817868057644,-30.41495204897242,138.83325606856215,26.03890577628308,-37.4981812078685,145.38332699625357,-1.3287266865127947,-26.16045632358257,147.31086674151572,-24.08301389524877,-20.171471297445965,147.74211402448245,-34.730812075206074,-20.079132449337052,150.96148170880988,-34.730812075206074,-20.079132449337052,150.96148170880988,-28.823694408887928,-16.735040091474293,146.30943292014484,-28.823694408887928,-16.735040091474293,146.30943292014484,44.817868057644,-30.41495204897242,138.83325606856215,62.40872244715054,-39.121782279485856,146.6100123347824,91.17488462614209,-33.905686544116655,141.45763614399243,113.07099398663651,-25.75903355451067,138.62851221948637,123.86109048777598,-23.50851336863119,140.13098924756727,123.86109048777598,-23.50851336863119,140.13098924756727,116.76075317065595,-21.49980123078605,136.48834785921315,116.76075317065595,-21.49980123078605,136.48834785921315,44.83481589975794,-34.642477407500664,142.2063213222518,45.08111713594785,-34.16543283668601,149.6343948060703,45.51969088655468,-32.05611548469761,156.7634161187316,46.18782050246497,-29.633017350894004,166.1611679103412
0.04166665,43.4692,-28.3192,91.9517,33.180324729044415,-28.071577369140826,91.41383059075174,27.108813768904447,-30.9004988836587,47.21702007262048,22.05468443518427,-35.4914495234292,7.708999006117793,23.224528500298106,-35.138078086195186,4.303696767803974,14.42632926025296,-24.193101679536127,2.416968756100749,12.678360794983174,-21.939216403145792,1.8816018817115467,53.75807527095559,-28.56682263085917,92.48956940924826,56.80253965516144,-32.572547944344166,48.07212347213693,58.808667348847074,-38.57962978204506,8.481781226056363,58.55676650242209,-38.93287495997167,4.8899497083704375,68.33984899480207,-28.822094011966527,3.2094835323512063,70.88798506367695,-26.197977059925506,2.405066714955016,42.950189127835046,-32.81360303405839,99.81071215398738,43.41714424617551,-34.44298380734053,109.58887405965831,43.99706519711522,-34.834768588253695,119.48814551853376,44.57294727212496,-35.06885770708852,129.39263647771614,44.824270113786596,-30.414241329973812,138.83278610349828,26.04522496898513,-37.50259775584025,145.3770702866146,-1.3245943925579624,-26.173225636740888,147.3225874783852,-24.077871418572364,-20.1817038936136,147.77153515805225,-34.71616961204296,-20.084955299990103,151.02202928776487,-34.71616961204296,-20.084955299990103,151.02202928776487,-28.821034957324684,-16.742600262714575,146.35356048511633,-28.821034957324684,-16.742600262714575,146.35356048511633,44.824270113786596,-30.414241329973812,138.83278610349828,62.41694840427472,-39.12168867475694,146.60472409509453,91.18413405374152,-33.906070244030374,141.4575816029755,113.07293284630396,-25.734218246076637,138.64460727279456,123.8583949242188,-23.47799716000973,140.17160923988948,123.8583949242188,-23.47799716000973,140.17160923988948,116.76423413784613,-21.470348785556922,136.51636896113715,116.76423413784613,-21.470348785556922,136.51636896113715,44.8421748355803,-34.641855483683756,142.20573512183353,45.08857125333829,-34.16436093350215,149.63377653679365,45.527205479799186,-32.053247938930184,156.76226259219322,46.19518184666545,-29.62535939052809,166.1587888256609
0.04999998,43.475,-28.3181,91.9513,33.1860528668527,-28.072554456127,91.41385317734313,27.111935824309302,-30.898447018793558,47.21720697395175,22.057153823607173,-35.49219395993089,7.709594446032909,23.22588079787029,-35.13946433354628,4.303842118881042,14.425261733266135,-24.196426417915056,2.417155537388649,12.6774998098007,-21.942850503580296,1.879815661598049,53.763947133147305,-28.563645543873,92.48874682265688,56.806613847297896,-32.56857001724429,48.07110549087079,58.81018979457821,-38.57969804488086,8.481248166691891,58.558296854624004,-38.933117113764354,4.889433200389932,68.34115671729674,-28.822199471079887,3.208493483993566,70.88922332287254,-26.198078382861638,2.4038701512982383,42.95722361004196,-32.81333754152171,99.80991629103978,43.424629869428436,-34.44294994157187,109.5880180421308,44.00479459311186,-34.83501896639929,119.4872639635919,44.58089192385519,-35.06937956469062,129.3917359846478,44.83149398453297,-30.41497937495414,138.83201136341535,26.052478804946666,-37.508798050263536,145.37046028702858,-1.3196922590224567,-26.18820596686617,147.3339184012068,-24.072039182487188,-20.19450245001721,147.80053373144943,-34.7007590496681,-20.09350526747911,151.08208433824757,-34.7007590496681,-20.09350526747911,151.08208433824757,-28.817687502003608,-16.75280476568992,146.39724281732396,-28.817687502003608,-16.75280476568992,146.39724281732396,44.83149398453297,-30.41497937495414,138.83201136341535,62.42613213070226,-39.122779051731484,146.59911649560462,91.19425859059712,-33.90714354483296,141.4572522532625,113.07556933468324,-25.709704868976495,138.66051459729368,123.85630025746495,-23.44762796126764,140.21206532642006,123.85630025746495,-23.44762796126764,140.21206532642006,116.7683120086744,-21.441131573727294,136.5442395964325,116.7683120086744,-21.441131573727294,136.5442395964325,44.850428496978765,-34.642686340018734,142.20483842595246,45.096909329440116,-34.16474619767493,149.63284838300459,45.53556418219097,-32.0518383092857,156.760801362496,46.203340693321906,-29.619157579461632,166.15610228818883
0.05833331,43.4773,-28.3157,91.9537,33.188285299908834,-28.072070368472467,91.41667494104126,27.111515069926487,-30.894841487231094,47.220193983468384,22.056008426052195,-35.49130728130667,7.712990406555534,23.223624077255323,-35.13923844118637,4.306788553100304,14.420759445843084,-24.197999644753704,2.4201436791327424,12.673239439134074,-21.944707371294548,1.880831115380511,53.766314700091165,-28.559329631527532,92.49072505895873,56.807119406889,-32.5636600686525,48.07290265921213,58.80805121476662,-38.579001059012484,8.483551510703542,58.55616076085813,-38.93260218993948,4.8917542888330035,68.33897616055263,-28.821725804988546,3.2103077140821705,70.88701962357709,-26.197648227165587,2.405469223635105,42.96068722408166,-32.811749344635146,99.81192845715647,43.428518688958384,-34.441581242198104,109.58997328966555,44.008920749847604,-34.833925677099415,119.4891943869296,44.58522939690487,-35.0685486791563,129.39364790192138,44.835185422887825,-30.414353160215427,138.8340413154686,26.056092393579938,-37.51332718278804,145.36666878559416,-1.3182549369620524,-26.201129501619207,147.34808582625143,-24.06957244676777,-20.20492208095024,147.83238983854355,-34.68860970630763,-20.099530233500833,151.14500226227491,-34.68860970630763,-20.099530233500833,151.14500226227491,-28.817615167483584,-16.760564102792383,146.44380251573742,-28.817615167483584,-16.760564102792383,146.44380251573742,44.835185422887825,-30.414353160215427,138.8340413154686,62.431659280654074,-39.122735209965086,146.5963334182271,91.20081489779042,-33.907586146587114,141.45973659116927,113.07475504255487,-25.68499715012996,138.67921955676653,123.85074280024644,-23.41729048136217,140.2553081143583,123.85074280024644,-23.41729048136217,140.2553081143583,116.76899192595981,-21.411808200221515,136.57490105421732,116.76899192595981,-21.411808200221515,136.57490105421732,44.855083556189356,-34.642147442593455,142.20675337880616,45.10165713741129,-34.16375459640793,149.63473111546247,45.540366398475605,-32.049048289872296,156.76214740215815,46.207981589458186,-29.61157262373047,166.15621695800752
0.06666664,43.4799,-28.315,91.9556,33.19082202724352,-28.07354211257492,91.41880639987272,27.112252702971347,-30.89251133182545,47.22233018557555,22.056831790254776,-35.4898181392002,7.715213494982535,23.223893936452328,-35.13818021554521,4.3087774452143375,14.419971157568126,-24.19784102970651,2.421853174808659,12.672464636259916,-21.944713914969793,1.881807391820337,53.76897797275648,-28.556457887425083,92.49239360012729,56.8087371940132,-32.55898767663108,48.07433734579189,58.80779005986318,-38.57754912994429,8.485380737133589,58.555826828232405,-38.93138617076772,4.8936118523015635,68.33854218935109,-28.820556704241067,3.2113013393020005,70.88662412591673,-26.19642715141745,2.4067541659518876,42.96441218459115,-32.811028784911976,99.81391409603282,43.43299501978792,-34.44008003361754,109.59205303941309,44.01392612201024,-34.8320169057363,119.49125924916267,44.59087068864222,-35.06678895593075,129.3956722096506,44.84144904966965,-30.4128721069387,138.83618650674546,26.063188585496114,-37.517388496068044,145.36518104313848,-1.3145876770909588,-26.21595989019539,147.36062586123987,-24.06641450021852,-20.22281650522723,147.85873309630674,-34.678557436608514,-20.118150631681708,151.19338872821342,-34.678557436608514,-20.118150631681708,151.19338872821342,-28.817315225981503,-16.778126548126764,146.48078545365263,-28.817315225981503,-16.778126548126764,146.48078545365263,44.84144904966965,-30.4128721069387,138.83618650674546,62.44031958556994,-39.123411875118265,146.5906201835257,91.2106533983306,-33.91128228233852,141.45755881136282,113.07763130233685,-25.666050606060118,138.6893582784898,123.84800502382025,-23.39474473297709,140.2982959284137,123.84800502382025,-23.39474473297709,140.2982959284137,116.77474240761056,-21.386494244156257,136.60310490628163,116.77474240761056,-21.386494244156257,136.60310490628163,44.86249464833613,-34.640776772128625,142.20875323208125,45.11068175798999,-34.16044746328997,149.6365522611458,45.55018447467041,-32.04392966741709,156.7633819409041,46.21850879549253,-29.602026650050178,166.15625119062605
0.07499997,43.484,-28.3154,91.956,33.19486323513417,-28.075951664125704,91.41943319303806,27.114465692719968,-30.890950535670815,47.222955399786215,22.059073722359784,-35.48894594261464,7.715915141703846,23.225583854393317,-35.13775227815123,4.309244191127041,14.420757287599047,-24.19818514347893,2.422060831018264,12.673295597100054,-21.945198037314977,1.8812863636130595,53.77313676486583,-28.554848335874297,92.49256680696195,56.81179947091064,-32.55563025962991,48.07427806001174,58.80888913403602,-38.57745507499223,8.48571862094495,58.55684784809855,-38.93152493412048,4.8939781558445175,68.33964040573056,-28.820914148975458,3.210802488943154,70.88780679009278,-26.196777588203982,2.4065456844156357,42.96956266876403,-32.811399050585216,99.8143999468001,43.438866485846326,-34.439674111653275,109.59263359573566,44.02031586782077,-34.8312079330949,119.49182532654221,44.597888265242496,-35.066133426011795,129.39619805675156,44.84915822490832,-30.41249624134646,138.83683183350985,26.07161735491983,-37.52225643536917,145.36218681997627,-1.3093966447344378,-26.23116680682086,147.3716865066709,-24.06162927622905,-20.24072966142433,147.883619441151,-34.66683399805402,-20.136643771947757,151.2402933554086,-34.66683399805402,-20.136643771947757,151.2402933554086,-28.815314974968143,-16.795641027043946,146.51631446735527,-28.815314974968143,-16.795641027043946,146.51631446735527,44.84915822490832,-30.41249624134646,138.83683183350985,62.45028141889303,-39.125467650421974,146.5834169117754,91.22188579186515,-33.91679404739991,141.45397028057306,113.0820248899204,-25.649306216026595,138.6981644434774,123.84673650944194,-23.37467723827224,140.33996455096982,123.84673650944194,-23.37467723827224,140.33996455096982,116.78204384194392,-21.36348286986714,136.6300096347937,116.78204384194392,-21.36348286986714,136.6300096347937,44.87128309354798,-34.640510426805754,142.2092543500019,45.12108739166986,-34.1582473059766,149.63687386081614,45.56141288442835,-32.03992395963906,156.76311629026577,46.23047886565675,-29.593603209598186,166.1547831277916
0.0833333,43.4865,-28.3167,91.9557,33.197300858404944,-28.079423425125864,91.4193645996995,27.115097938676193,-30.890544386020153,47.222888395861,22.059792620038856,-35.48931094693613,7.715926807508531,23.225744603575553,-35.13854459454949,4.309020765111676,14.419860969130022,-24.199872031901386,2.421584147957634,12.672412379183985,-21.947049520904947,1.8800821217903123,53.775699141595055,-28.553976574874138,92.49203540030048,56.81331261232905,-32.553036918963755,48.07351985760427,58.80852331197015,-38.578153358153905,8.485366505266171,58.55640857566843,-38.93246532831377,4.893655070428881,68.33910211330353,-28.821905803584517,3.2095962099316857,70.88730711252136,-26.19771900224239,2.4056257296135284,42.97318752697383,-32.812677928203854,99.81418558748054,43.443243790788905,-34.440170098073274,109.59251342951274,44.0252235909783,-34.83129417654014,119.49169018860816,44.603433700434614,-35.06636625702488,129.3960222320475,44.855327658127706,-30.413005148908734,138.83677546351953,26.07862482992973,-37.528305887764446,145.3585018559084,-1.3058134608396017,-26.248038465600473,147.38206999746242,-24.058548317872763,-20.260707896458896,147.9078374568691,-34.656768494148544,-20.157369587401643,151.28652227790909,-34.656768494148544,-20.157369587401643,151.28652227790909,-28.81505180513979,-16.815298895065354,146.55118064645868,-28.81505180513979,-16.815298895065354,146.55118064645868,44.855327658127706,-30.413005148908734,138.83677546351953,62.45884288802026,-39.12812907540419,146.57549986336525,91.23163086972053,-33.92248299478801,141.44962020388337,113.08476773991858,-25.632392231535064,138.70620876747446,123.84369805380744,-23.35435244810351,140.38084725886608,123.84369805380744,-23.35435244810351,140.38084725886608,116.78757724354921,-21.340279844543975,136.65616990204768,116.78757724354921,-21.340279844543975,136.65616990204768,44.87860072415912,-34.64112850429176,142.20905338030843,45.13001875661304,-34.156927692938,149.63649237701122,45.57113782864029,-32.03677968614577,156.7621430768483,46.24091217673629,-29.586015018870423,166.1526007523116
0.09166663,43.4888,-28.317,91.9562,33.19953879145458,-28.081912572946568,91.42009134127134,27.115553264264886,-30.889171127825428,47.223614991215946,22.060360675003356,-35.48871419972228,7.716729374842167,23.225755804072513,-35.1383727135502,4.309589095985334,14.418797071112387,-24.20060995648528,2.421896126749855,12.671358026825612,-21.947955316008205,1.8796654174210392,53.77806120854542,-28.552087427053433,92.49230865872865,56.814654225805,-32.54934846320259,48.07356138568622,58.80801791861899,-38.57768893383977,8.485805803331608,58.555832849517316,-38.93223781209151,4.894122684311695,68.33840994179832,-28.821708989117084,3.2092032935447845,70.88664916540208,-26.19746610781641,2.4055243907297115,42.97661637880934,-32.81295660756821,99.81477143987047,43.447421386293996,-34.43966387080302,109.59319386708573,44.02992594621661,-34.830374308530324,119.49235609587663,44.608768052659705,-35.06558920250894,129.3966478327884,44.861272419394496,-30.412502595093077,138.8375200549227,26.085428462114567,-37.53340882174025,145.35560006694868,-1.302440921919068,-26.264007585105528,147.3932281023981,-24.05567853696266,-20.279818213493307,147.93281853786664,-34.64687118104699,-20.177264925161737,151.33349229902197,-34.64687118104699,-20.177264925161737,151.33349229902197,-28.814986729741676,-16.83410426075103,146.58681437943187,-28.814986729741676,-16.83410426075103,146.58681437943187,44.861272419394496,-30.412502595093077,138.8375200549227,62.46719936995523,-39.1297138272584,146.568403147127,91.24116415018615,-33.92705705161813,141.4460955674403,113.08727742852906,-25.614387757649244,138.71509463757644,123.84034194624347,-23.333033760953604,140.4225747254534,123.84034194624347,-23.333033760953604,140.4225747254534,116.79283844722913,-21.316027031342333,136.68319923777534,116.79283844722913,-21.316027031342333,136.68319923777534,44.88569867265639,-34.64073451610988,142.20965369288044,45.13872426007877,-34.154594431420875,149.63691142185874,45.580627957645845,-32.03263263305654,156.76197357954263,46.25109869427725,-29.577438641052115,166.15122445164877
0.09999996,43.4907,-28.3155,91.9563,33.20139178576994,-28.082118786799477,91.42034805075178,27.11652282806374,-30.887299553541695,47.22386139306096,22.06142582018302,-35.487423286801615,7.717031153599656,23.226554459305234,-35.13719723691459,4.3097878673229415,14.41899495618059,-24.19989712845601,2.4222172232328045,12.671399143579018,-21.94734557765003,1.8800634889110444,53.78000821423005,-28.548881213200524,92.49225194924821,56.81595850982885,-32.546635293110675,48.07350511450269,58.80853201782537,-38.576746147299204,8.485979382380599,58.55613556545479,-38.93100660598294,4.89428265216465,68.33895156589597,-28.820668197780165,3.209607795365318,70.8871945387229,-26.19649276413988,2.405720574097921,42.979382097228125,-32.811609605605945,99.81484028246868,43.45084826053624,-34.4381068104567,109.59326579682774,44.033880107250944,-34.828833706800836,119.49239633433403,44.61386061738132,-35.064298204500695,129.39661554225708,44.86741412975668,-30.41118758558284,138.8374478112086,26.094042072949176,-37.53691952662162,145.35737378940334,-1.2968546116294597,-26.275894506729163,147.4006104267254,-24.052112503147793,-20.299681172268002,147.94339464858646,-34.64297129939709,-20.1965953333686,151.34509188652393,-34.64297129939709,-20.1965953333686,151.34509188652393,-28.81152392354422,-16.854103800639745,146.59740585962,-28.81152392354422,-16.854103800639745,146.59740585962,44.86741412975668,-30.41118758558284,138.8374478112086,62.47663009278487,-39.128658668886914,146.56054304040205,91.25173871185171,-33.93283688023458,141.43772335379674,113.09246994747156,-25.60305107132,138.71584354178714,123.84045982579981,-23.320169582158602,140.45297523301315,123.84045982579981,-23.320169582158602,140.45297523301315,116.8005349429861,-21.298398521105362,136.70191535948513,116.8005349429861,-21.298398521105362,136.70191535948513,44.89318118165488,-34.639421636865386,142.2095687993422,45.147286409504886,-34.151794361384596,149.63669217760156,45.590088938508515,-32.02842605500337,156.76127949605473,46.261497633257356,-29.571124086896305,166.14991187188843
0.10833329,43.4917,-28.3156,91.9563,33.202344915211796,-28.08394239047943,91.42050012962453,27.116689442550424,-30.8870582415351,47.22399075112692,22.061778183623513,-35.4877734128825,7.717205615323884,23.22664725178325,-35.13766183531468,4.309861813929953,14.41847754354426,-24.200835553524172,2.422393066427769,12.67072335977139,-21.948389331296042,1.8803122477534147,53.78105508478821,-28.54725760952057,92.49209987037547,56.81639216258548,-32.54542664973816,48.07334847639779,58.808210711160655,-38.577240852648224,8.486044249144278,58.55560534743303,-38.931208299370205,4.894333316945369,68.33862516313899,-28.821023249374562,3.20992168662778,70.88686294371153,-26.196904914060347,2.40583164469811,42.98125190395502,-32.811862524268676,99.81480933756531,43.453375795960625,-34.438149449984515,109.59323809203518,44.036929298476714,-34.82889241964356,119.49233725719982,44.61804237772675,-35.06460610104205,129.39648415079577,44.87263123665793,-30.411473107229476,138.83727752851573,26.101740170705913,-37.542063080910836,145.35903527144038,-1.292217238970263,-26.289510214820183,147.4079064417882,-24.049512272845174,-20.321352242475577,147.95390589079136,-34.640033689003175,-20.217750847705144,151.35663769270644,-34.640033689003175,-20.217750847705144,151.35663769270644,-28.80903462027882,-16.875920958081533,146.60793538543155,-28.80903462027882,-16.875920958081533,146.60793538543155,44.87263123665793,-30.411473107229476,138.83727752851573,62.48516996752719,-39.12914028943203,146.55257060097765,91.26138993402205,-33.94005362842984,141.42916687840108,113.09669643675865,-25.593092635344874,138.71639443098374,123.83954900910263,-23.308748074951307,140.48312852788303,123.83954900910263,-23.308748074951307,140.48312852788303,116.80721125492947,-21.282183338168814,136.7204417441307,116.80721125492947,-21.282183338168814,136.7204417441307,44.899743965274695,-34.63970982115458,142.20938462689838,45.15492262627531,-34.15059527262291,149.6363734051237,45.59861517090439,-32.02582011836434,156.76048590930174,46.27095100618904,-29.566409554870372,166.14849979356748
0.11666662,43.4927,-28.3154,91.9559,33.2032984819906,-28.085448627926365,91.42025685604376,27.116760658280988,-30.88656531108633,47.223742232174665,22.0619470054008,-35.487923979684645,7.717019550742705,23.226543968280808,-35.137934405393345,4.309570203277941,14.41776970443752,-24.201575078219648,2.4222171267199233,12.669857739792798,-21.949233121665596,1.880211813555844,53.7821015180094,-28.545351372073636,92.49154314395624,56.8167963080248,-32.54401417381477,48.07279231078415,58.80782771905153,-38.577607338913644,8.485719583334642,58.55501141984076,-38.931288045260864,4.893995245302685,68.33825273430847,-28.821277272703895,3.209824065857412,70.88648963512411,-26.197222247711597,2.405524654733543,42.98311770873332,-32.811815180721005,99.81437818381582,43.4559026567753,-34.43789167768562,109.59280999363708,44.03998350324008,-34.82865075490117,119.49187742187327,44.622235170461444,-35.0646132633759,129.39595151948646,44.877873103077334,-30.411456961588247,138.83670506062617,26.10945680856863,-37.546872629862385,145.36030697038188,-1.287538396162617,-26.302748540591544,147.41482610074115,-24.04685732285087,-20.34260972840302,147.96405244090866,-34.63703858461745,-20.23848876987213,151.36782688992648,-34.63703858461745,-20.23848876987213,151.36782688992648,-28.806491989618483,-16.89732692729042,146.61809903467142,-28.806491989618483,-16.89732692729042,146.61809903467142,44.877873103077334,-30.411456961588247,138.83670506062617,62.49369436701116,-39.12938288199504,146.54420774849055,91.27104686426645,-33.947125349759055,141.42025304940336,113.10095238076443,-25.583078072047154,138.71665535060055,123.83860974700707,-23.297415767387868,140.51301916261048,123.83860974700707,-23.297415767387868,140.51301916261048,116.81390788460455,-21.265971081038774,136.73871830226207,116.81390788460455,-21.265971081038774,136.73871830226207,44.90632667041005,-34.63969573923704,142.20879852399474,45.162584059998885,-34.1490932965975,149.63565202302496,45.607174336718,-32.02291109864772,156.7592887522152,46.28044679968379,-29.56139178475989,166.14668281789548
0.12499995,43.4932,-28.3151,91.9555,33.203752189573706,-28.086872255073338,91.42000895156023,27.116426066050913,-30.885924778148937,47.22347212016425,22.061798476547786,-35.48787504628743,7.716794540911735,23.22613602414221,-35.13800012362507,4.309244767635663,14.416751613367978,-24.20211482287202,2.421992799301453,12.6686814958544,-21.94987821199694,1.8800597796486476,53.7826478104263,-28.543327744926664,92.49099104843977,56.81672979440378,-32.542406217301995,48.07223577393564,58.80700700686311,-38.57770342605074,8.485384877335704,58.553981744485384,-38.93109121518635,4.893646422118158,68.33740931583549,-28.821216997271865,3.2097375011563853,70.88563621734296,-26.19721470721158,2.405234387556459,42.984487601787535,-32.81166775642653,99.81394724244365,43.457931905904346,-34.43753188795981,109.59238246271754,44.04253614768116,-34.82830494520847,119.49141844298477,44.62592225955092,-35.06451411566092,129.39541990263083,44.88259692276482,-30.411331199975574,138.83613219654373,26.116665961661294,-37.551602285587535,145.36157109573432,-1.2833657242847423,-26.31590420759549,147.4216861287747,-24.044705367007964,-20.36378153031962,147.97409498393043,-34.634554925303064,-20.25914527492974,151.37888549402044,-34.634554925303064,-20.25914527492974,151.37888549402044,-28.804448298274266,-16.918643747282335,146.6281532330922,-28.804448298274266,-16.918643747282335,146.6281532330922,44.88259692276482,-30.411331199975574,138.83613219654373,62.50173619630385,-39.12944730011086,146.53583165588603,91.28020474261781,-33.95393318030044,141.4113294005971,113.10467568927518,-25.57274944112033,138.71694092292518,123.83706873757262,-23.28583819755769,140.54293031275955,123.83706873757262,-23.28583819755769,140.54293031275955,116.82002949356786,-21.249485065818703,136.75703848589527,116.82002949356786,-21.249485065818703,136.75703848589527,44.912396983718715,-34.6395708077722,142.20821298849208,45.16972841042774,-34.14747909405139,149.6349308224087,45.61520975764626,-32.01987586061921,156.75808759120645,46.28941067405084,-29.556229184221912,166.14485693239067
0.13333328,43.4929,-28.3123,91.9552,33.20340228050929,-28.085355429086476,91.42012276040906,27.11641797258407,-30.884656022793006,47.22355456251447,22.06220637207914,-35.48563131640559,7.716710204417637,23.22646937452392,-35.13562516283175,4.309148437230032,14.416466020297786,-24.200175616756695,2.4222607554187476,12.668422798537778,-21.947999033491012,1.8799916178600982,53.78239771949071,-28.539244570913525,92.49027723959095,56.815991358542036,-32.541518753278275,48.07177644034871,58.80701005823831,-38.57577957678319,8.484804839310904,58.55428940669307,-38.92923432638098,4.893051527087288,68.33772653656305,-28.81926311513458,3.2097805941563093,70.8859815210532,-26.1952482569602,2.405407435913688,42.9850666502238,-32.80922396940089,99.81350026511987,43.45939927011243,-34.436635458700884,109.5916350284888,44.04481973003225,-34.82900126431535,119.49055976808005,44.62956202621623,-35.065793745865314,129.3944673205633,44.886626955523404,-30.412366206416824,138.8350484204333,26.123474884782304,-37.5595831320736,145.36087430133523,-1.2767634522482822,-26.32442793932048,147.42120158326682,-24.04011575494894,-20.37976162198772,147.9709620390128,-34.63671691878177,-20.275835957052944,151.35470317297805,-34.63671691878177,-20.275835957052944,151.35470317297805,-28.79782765327823,-16.936032391079454,146.6142775549916,-28.79782765327823,-16.936032391079454,146.6142775549916,44.886626955523404,-30.412366206416824,138.8350484204333,62.5102330216655,-39.12836613000793,146.5269170748891,91.2887850052262,-33.9603687754765,141.39530224980234,113.10814270967536,-25.565675765208887,138.701557483003,123.83703413210836,-23.27726950432653,140.54615675158746,123.83703413210836,-23.27726950432653,140.54615675158746,116.8244858557473,-21.237870372781543,136.75358920337908,116.8244858557473,-21.237870372781543,136.75358920337908,44.91744803996081,-34.64052763263186,142.2072180642415,45.17500090631701,-34.14796001912162,149.63389667379855,45.62074041979349,-32.01993724842829,156.75691196762153,46.295485045569365,-29.555308855280263,166.143384524449
0.14166661,43.4918,-28.3128,91.9557,33.20225234382679,-28.087139555787353,91.42104010318873,27.115519702506248,-30.8867659732048,47.22445788322537,22.061642366805092,-35.486828861169904,7.717464515057593,23.225817703236448,-35.13669720451946,4.309885689460721,14.415186496984022,-24.201688099780867,2.423377108325937,12.667167588845727,-21.94957281090857,1.8807751295987514,53.7813476561732,-28.538460444212646,92.49035989681126,56.81444411570376,-32.54400671118321,48.07212009354641,58.806196282664594,-38.57729918414749,8.485037794757595,58.55378011252257,-38.93082728694129,4.893270290980959,68.33722690492947,-28.82076227964577,3.2106189877092524,70.8855100820046,-26.19673623079256,2.406371660094398,42.98484877336426,-32.81006657873331,99.81386115437454,43.4600738074832,-34.43901015304015,109.5916974712225,44.046314673215235,-34.83295328052354,119.49051101124104,44.632417115586705,-35.070313517731314,129.39432457396722,44.889875720082046,-30.41662504397075,138.8347663222203,26.129530990032265,-37.57081334948206,145.36102437251057,-1.2709108482462241,-26.336201053775802,147.4216056672629,-24.036273412571852,-20.398996435810883,147.96875361728831,-34.639571130302244,-20.295783968831458,151.3314735768891,-34.639571130302244,-20.295783968831458,151.3314735768891,-28.79193804503833,-16.95668209944544,146.60134284299244,-28.79193804503833,-16.95668209944544,146.60134284299244,44.889875720082046,-30.41662504397075,138.8347663222203,62.51794805253443,-39.13049406863596,146.51881091493362,91.29658612716484,-33.970055276198345,141.38007725001796,113.11083354390027,-25.56188707770697,138.6869713428301,123.8362001682654,-23.272032007653753,140.5501770110187,123.8362001682654,-23.272032007653753,140.5501770110187,116.82815945314775,-21.22957705086882,136.7509278959274,116.82815945314775,-21.22957705086882,136.7509278959274,44.921719297845584,-34.64470232972459,142.20703196185303,45.17949645922261,-34.15164737414658,149.63367045099147,45.62549740583271,-32.02318165562805,156.75653703286807,46.30079030765208,-29.557542428829144,166.1427046846002
0.14999994,43.4921,-28.3125,91.955,33.20250257815904,-28.08812372188811,91.42075755291756,27.11609437338831,-30.88807406844097,47.22415117333522,22.06261539709067,-35.4872229760514,7.717000437655187,23.226714579347743,-35.136964810461976,4.309408596646884,14.415463235631877,-24.202394477829603,2.423253142135944,12.66747095169107,-21.950340088727415,1.8803127322298718,53.78169742184096,-28.53687627811189,92.48924244708243,56.81429703180674,-32.54569505103706,48.07126394848934,58.806780920655456,-38.57802619157823,8.484071971114439,58.554668496267176,-38.931628026238855,4.8922903920657195,68.33812495166708,-28.82146977411127,3.2102556414644106,70.8864362532625,-26.19743271948699,2.4061333462133967,42.9860310565752,-32.81010898667677,99.81302205277926,43.46214898785805,-34.44058263271069,109.59055990468757,44.049210744474074,-34.83610107490484,119.4892619759797,44.636673585109655,-35.07402693845481,129.39298136491266,44.89452418838737,-30.420077285585982,138.83328366097032,26.136965223546085,-37.58119927062551,145.35994455578364,-1.2636812636340125,-26.347129819784467,147.42076412533947,-24.031050737020735,-20.417384302767257,147.9652892447897,-34.64101074241347,-20.314872730762975,151.30695064182495,-34.64101074241347,-20.314872730762975,151.30695064182495,-28.784636019483514,-16.97647779212902,146.58714714039672,-28.784636019483514,-16.97647779212902,146.58714714039672,44.89452418838737,-30.420077285585982,138.83328366097032,62.527057737566295,-39.131814320614666,146.50950586395462,91.3057712654736,-33.978903754516125,141.3636451957637,113.11489648232069,-25.55724726903383,138.67119992121903,123.83671830951306,-23.266000305151948,140.55300354734666,123.83671830951306,-23.266000305151948,140.55300354734666,116.83319095093485,-21.22044804571647,136.74710401565525,116.83319095093485,-21.22044804571647,136.74710401565525,44.92738973445837,-34.648070208529255,142.20564526545803,45.18538971092744,-34.15452651244648,149.6322435536852,45.63165063918513,-32.02561650489384,156.75496107343517,46.307489951219374,-29.55896311728305,166.14082292923175
0.15833327,43.4909,-28.3122,91.9544,33.201253044516605,-28.089124394074204,91.42056705276649,27.115212570244637,-30.88941588287553,47.22393164719211,22.062175310881685,-35.48767236641805,7.716620533209053,23.226200917271893,-35.13728733786246,4.309016600380003,14.414312425010474,-24.20317188212897,2.423200755542333,12.666343430045028,-21.951181688902317,1.8799192013271453,53.7805469554834,-28.535275605925797,92.48823294723353,56.81268582112481,-32.547290545741525,48.07051157082609,58.80593982501113,-38.57858690070563,8.48320069417538,58.554134881642334,-38.9322567969619,4.891404246911545,68.33758452407365,-28.82198512634067,3.210011716820998,70.8859199979168,-26.197931189763203,2.406021125902882,42.9857146465743,-32.81016468567387,99.8122753107704,43.46272069826714,-34.442184733632786,109.58951187485683,44.05059626245025,-34.83929315110194,119.48810198992935,44.639411917889575,-35.07779918681875,129.39172708558175,44.897640295839516,-30.423601273317022,138.83189666206593,26.142888796148288,-37.59173247066519,145.35893122321494,-1.2579839342021053,-26.358252301966097,147.41995488988752,-24.027368605917243,-20.436005302693445,147.96181685669268,-34.64395280386932,-20.334249602341536,151.28239610979057,-34.64395280386932,-20.334249602341536,151.28239610979057,-28.778861954632458,-16.996518960089226,146.57295726384172,-28.778861954632458,-16.996518960089226,146.57295726384172,44.897640295839516,-30.423601273317022,138.83189666206593,62.53462701634972,-39.133187734144684,146.5003249196631,91.31341666170388,-33.987753541688505,141.34741359114614,113.11740821859617,-25.552578068939088,138.6557098238462,123.83565350051903,-23.259971780952874,140.55614012135476,123.83565350051903,-23.259971780952874,140.55614012135476,116.83665894772577,-21.211307992257655,136.74358157300125,116.83665894772577,-21.211307992257655,136.74358157300125,44.931532967085865,-34.651514414292016,142.20434812223652,45.189750121084884,-34.15749213910673,149.63090704245667,45.63626261497848,-32.02814723906318,156.75347879653225,46.312637961516515,-29.56049201368647,166.13903869275936
0.1666666,43.4897,-28.3113,91.9535,33.19999892094271,-28.08957477742274,91.42014792179998,27.115000019767983,-30.89372752106136,47.223613917275976,22.061890673421974,-35.4888737571113,7.715950145633052,23.22608757377028,-35.138272223229684,4.308427000405825,14.414465178747792,-24.203886136978703,2.422936962156045,12.666597773989842,-21.951824849035347,1.8796232630543002,53.77940107905729,-28.53302522257726,92.48685207820003,56.81093737980857,-32.55105143432792,48.069632947902015,58.80617105227259,-38.57946350953458,8.481982472864118,58.554459752293866,-38.93282267927059,4.890148879526796,68.33790672844792,-28.82236080755099,3.2098849105962253,70.88620910376801,-26.198276634307057,2.405888097624507,42.9854734952997,-32.80949423203823,99.81130549754928,43.4637882299499,-34.44239523374715,109.58833103569914,44.05299602453086,-34.84019334567783,119.4868142466436,44.64335008800612,-35.07891155493945,129.3903426449825,44.90300220505495,-30.42455208698046,138.83039351704525,26.14994891149506,-37.59617609202056,145.3584705799509,-1.2526906095391404,-26.365981803292037,147.41390366270105,-24.02578640385603,-20.457232086315763,147.94708933861446,-34.64898020533253,-20.35655893984306,151.24649522524234,-34.64898020533253,-20.35655893984306,151.24649522524234,-28.77633182411054,-17.022168090362356,146.54411397664137,-28.77633182411054,-17.022168090362356,146.54411397664137,44.90300220505495,-30.42455208698046,138.83039351704525,62.54146951653844,-39.135035061741,146.49439678479868,91.31902337849876,-33.99204323194575,141.33215401632756,113.12105236321673,-25.553695346119163,138.63450330741742,123.83949888291515,-23.255792501320748,140.52738670348177,123.83949888291515,-23.255792501320748,140.52738670348177,116.837147977212,-21.211326100602815,136.71874000373427,116.837147977212,-21.211326100602815,136.71874000373427,44.937953188650056,-34.65241293277301,142.20289973488383,45.1980888332894,-34.1581553048376,149.62937604240113,45.64543555960379,-32.02909577496182,156.7519807574756,46.321486802851766,-29.56271662469959,166.1378994173647
0.17499993,43.4896,-28.3101,91.9533,33.19984499372458,-28.08972519076566,91.4204288483274,27.115964451290733,-30.89781499692431,47.22399085343982,22.062850926873402,-35.489925930157,7.715974697522363,23.227219535135085,-35.13911656774306,4.308531612313532,14.415867825168373,-24.204460826345446,2.423340412358747,12.668102980556464,-21.95232903548081,1.8799890256709642,53.77935500627542,-28.530474809234338,92.4861711516726,56.81028997188699,-32.55451279892218,48.06945522465045,58.80751034568206,-38.58003554855077,8.481465050075961,58.55589296540361,-38.93308435989047,4.889594357198303,68.33930146361016,-28.8223979569509,3.2104577878172273,70.88756143555307,-26.19827441028149,2.4064550845825443,42.98633243923101,-32.80852353923361,99.81103570301563,43.46595614181169,-34.44230507041838,109.58785001303924,44.05649642343678,-34.840790705454175,119.4862261634413,44.64838905013585,-35.07971869002432,129.38965766858377,44.90946311878465,-30.425195332154498,138.82958851513786,26.158109221066486,-37.600278953905196,145.35874549467317,-1.2462544870968024,-26.373278434438653,147.40863103455123,-24.02303120119987,-20.4779593158464,147.9331853652486,-34.65278560010654,-20.378358666604672,151.21142604592762,-34.65278560010654,-20.378358666604672,151.21142604592762,-28.772589250095795,-17.047322719055146,146.51610484762637,-28.772589250095795,-17.047322719055146,146.51610484762637,44.90946311878465,-30.425195332154498,138.82958851513786,62.549407678741,-39.13654054251862,146.48921052849678,91.32570912395038,-33.995896083117245,141.3176564761382,113.1257600124649,-25.554340732489344,138.61406132144828,123.84439945017394,-23.251123813676163,140.49937860512895,123.84439945017394,-23.251123813676163,140.49937860512895,116.83868757825252,-21.21087010495835,136.69465565523544,116.83868757825252,-21.21087010495835,136.69465565523544,44.94547204085506,-34.65300299806503,142.20215026988743,45.20752475592438,-34.158506756250326,149.62854329368142,45.65570381999364,-32.02974186427959,156.75118374956173,46.331428232214186,-29.564648967450637,166.13746384420693
0.18333326,43.4875,-28.3079,91.9521,33.19769113324116,-28.08889301119773,91.41970518933134,27.11487792599904,-30.900858882686993,47.22336672477773,22.061715534179136,-35.48987268477519,7.714996955118288,23.226256238119817,-35.13884519400996,4.307635146740374,14.415153163489956,-24.203933710603977,2.422765268386939,12.667486220079775,-21.95173380152641,1.879381325523044,53.77730886675884,-28.52690698880227,92.48449481066866,56.80767299360282,-32.556878779718915,48.068277920064915,58.80690509651784,-38.57944931221826,8.479940055616197,58.55538389086652,-38.9321820922137,4.888031577853381,68.33875423537357,-28.82126793410957,3.210044513043454,70.88697202659245,-26.197103668387754,2.406041021369248,42.98519552360138,-32.806552693326566,99.80976613647562,43.466126844495484,-34.44121086628393,109.5863696756689,44.0579960907596,-34.84037989960297,119.4846389142058,44.651423383665445,-35.07951347782897,129.38797361622406,44.91390890204281,-30.42482275675117,138.82778279807485,26.1642644428589,-37.603428217920296,145.357977674728,-1.24188166665542,-26.379757403424072,147.4022600700392,-24.022357821337295,-20.49798289940694,147.9181448341726,-34.658641753647984,-20.399581468815036,151.1751744779725,-34.658641753647984,-20.399581468815036,151.1751744779725,-28.770920039276387,-17.071823822446053,146.48696449814926,-28.770920039276387,-17.071823822446053,146.48696449814926,44.91390890204281,-30.42482275675117,138.82778279807485,62.55532947743158,-39.1370309953328,146.483022606849,91.33039141059808,-33.99878480115577,141.30219656938567,113.12846687718888,-25.554022487693537,138.59269520161692,123.84728658535357,-23.245486701189463,140.47046713056736,123.84728658535357,-23.245486701189463,140.47046713056736,116.83822719612766,-21.20945582421635,136.66964938959632,116.83822719612766,-21.20945582421635,136.66964938959632,44.95098212181877,-34.65257604621358,142.20040118618448,45.21494916549956,-34.15783953421906,149.62671040988704,45.66395533569985,-32.029354873009815,156.7493825214347,46.33934627239351,-29.565530332856056,166.13601962981215
0.19166659,43.485,-28.3065,91.9512,33.195141401263925,-28.08866389239589,91.41928623044599,27.113325355255917,-30.90446314119851,47.223054598971316,22.060011958691437,-35.49035599993271,7.7143417612400285,23.224730216568233,-35.13913911325543,4.307060158278341,14.41408220412191,-24.203808737062026,2.422493320971295,12.666555818005957,-21.951508646201873,1.8790725673743511,53.774858598736074,-28.52433610760411,92.48311376955401,56.80455341217071,-32.560373562037995,48.06740198584109,58.80566869592989,-38.58009042354211,8.478725243388219,58.55423538930021,-38.93250854035606,4.886779725029321,68.33774349437904,-28.821540620275755,3.209920196934064,70.88596463288685,-26.197381400266842,2.4059108456798945,42.98357613754993,-32.80537277073151,99.80879637913759,43.4657867290395,-34.44091904957661,109.58518836982675,44.058980140221685,-34.84078509179755,119.48335020754232,44.6539402857782,-35.08013785602471,129.3865876438485,44.91792917865228,-30.42528687406208,138.82627587737403,26.169858832673007,-37.60705561483375,145.35751196989798,-1.2378515865651387,-26.38618787177209,147.39620231124528,-24.021904377939272,-20.517528896394055,147.9034325061185,-34.66467437102774,-20.42017475675226,151.1392368692675,-34.66467437102774,-20.42017475675226,151.1392368692675,-28.769379295477606,-17.095779849140314,146.45816378457826,-28.769379295477606,-17.095779849140314,146.45816378457826,44.91792917865228,-30.42528687406208,138.82627587737403,62.56068688657763,-39.13866303285865,146.47710362440614,91.33456999767567,-34.00326441793508,141.28691543757637,113.13080460979653,-25.55567322679324,138.57142983814344,123.84984618983769,-23.242012619061665,140.44161245715256,123.84984618983769,-23.242012619061665,140.44161245715256,116.83746267181996,-21.21007410825324,136.64473821136946,116.83746267181996,-21.21007410825324,136.64473821136946,44.955986481260574,-34.65298719097875,142.19894970744727,45.22187935202441,-34.158016988006125,149.62517465569292,45.67175553448681,-32.02982258454783,156.7478786018107,46.346862688036055,-29.567280798284973,166.13487273031296
0.19999992,43.483,-28.305,91.9509,33.19313450299801,-28.087788399951343,91.41886430156217,27.112671640589664,-30.906151852492865,47.22260992318468,22.058880179981205,-35.490531261495505,7.713782593118381,23.22442270851619,-35.1386408035346,4.306852367332661,14.414758441477167,-24.202473264753287,2.4225445194050055,12.666905359665162,-21.95005416883432,1.8806698977074476,53.77286549700199,-28.522211600048657,92.48293569843784,56.80192286235787,-32.563639511684386,48.06767059552042,58.80489453359867,-38.58031822250087,8.47862588028368,58.553582350931606,-38.932455999700665,4.88664439142382,68.3371686298064,-28.821378109035084,3.210904431672776,70.88539597333735,-26.197194075840336,2.406995739589559,42.98175756561674,-32.80407934889635,99.80838967475033,43.46518361758597,-34.440507679609055,109.58457403323695,44.059791086957844,-34.84150417749929,119.48260529235343,44.656337761245446,-35.08144328615924,129.3857330977456,44.921574342334196,-30.426319475695195,138.82525181488913,26.17480324141694,-37.60812367746699,145.36017725725085,-1.2359795427541762,-26.39263976624654,147.38715269769006,-24.02331479083707,-20.535734841023483,147.88265166678792,-34.67031733907089,-20.43987131288302,151.10454672292167,-34.67031733907089,-20.43987131288302,151.10454672292167,-28.769783907913215,-17.115773789160684,146.42986687994443,-28.769783907913215,-17.115773789160684,146.42986687994443,44.921574342334196,-30.426319475695195,138.82525181488913,62.564173369051574,-39.14027910900616,146.4757809424396,91.33531608895431,-33.99899958972514,141.27623162200715,113.13444954178183,-25.56303688957195,138.54789581653142,123.857331727174,-23.24421480073966,140.38945021143996,123.857331727174,-23.24421480073966,140.38945021143996,116.83586607449638,-21.22009332043235,136.6052061554902,116.83586607449638,-21.22009332043235,136.6052061554902,44.96027353966816,-34.65392418188789,142.19803818706023,45.22707769165523,-34.159337666205616,149.62425601483014,45.67770040741117,-32.03266042203763,156.74736590936936,46.35293317049633,-29.573274257025243,166.13517826866808
0.20833325,43.4825,-28.3034,91.9497,33.19262777041924,-28.086795526345657,91.41754700424072,27.11349086526405,-30.907630704803346,47.22126791160265,22.059196134441756,-35.49041372300077,7.712319757138921,23.22556862943443,-35.13784522768365,4.305743689790008,14.416929165374752,-24.200804741552794,2.4217115252702284,12.66875767473286,-21.948260395774312,1.8813869057050168,53.77237222958076,-28.520004473654343,92.4818529957593,56.80076364837686,-32.56690138646642,48.06704045487791,58.805565669327024,-38.580611770991965,8.477637378324161,58.554372259849835,-38.93247551889997,4.885620727813844,68.33803624367879,-28.821291329594025,3.2109761859908135,70.88626934776147,-26.197084173544923,2.4071612390050148,42.98143496271394,-32.802685830506874,99.80708275752873,43.46607822088954,-34.43999776708606,109.58305890188589,44.06210349543251,-34.84212472187267,119.48095902386834,44.66024068742719,-35.08264999175873,129.3839766717623,44.9267366890814,-30.427252698612282,138.8233250428135,26.181256594332233,-37.609060721647694,145.3619486271489,-1.232591924859765,-26.398960788416428,147.37721300031774,-24.023196491667345,-20.553808196839597,147.86098660500537,-34.67441267938628,-20.4594399406806,151.06896870993796,-34.67441267938628,-20.4594399406806,151.06896870993796,-28.76864884668723,-17.135636172637007,146.40068928195947,-28.76864884668723,-17.135636172637007,146.40068928195947,44.9267366890814,-30.427252698612282,138.8233250428135,62.56916608966573,-39.141823831206764,146.47354880819114,91.33756331101858,-33.99466089995591,141.26463752908347,113.13957212751961,-25.570294505611226,138.5234763410014,123.86623091484597,-23.246356304246483,140.33636445872293,123.86623091484597,-23.246356304246483,140.33636445872293,116.83570502938461,-21.2300321235749,136.56480068144688,116.83570502938461,-21.2300321235749,136.56480068144688,44.966072339691785,-34.65476145732374,142.19622431400572,45.23379187609653,-34.16055691887017,149.62243462792082,45.685167569950714,-32.035383085253784,156.74594553634302,46.36053319572145,-29.57913576886163,166.13457008302947
0.21666658,43.4825,-28.3049,91.9462,33.192621146321656,-28.088919117111118,91.41392164720915,27.114854323858182,-30.912242791892304,47.21761302161031,22.06010320032475,-35.4934426092878,7.70853964596364,23.22730305580037,-35.14019612225297,4.302317213359561,14.41964967224269,-24.202315573985672,2.418551838653694,12.671151725905904,-21.949653931031456,1.879774761451207,53.77237885367835,-28.520880882888882,92.47847835279086,56.80015546521642,-32.573170444970316,48.06411558188453,58.806830727111,-38.583850889581925,8.47434727394839,58.5557593803339,-38.93543485105008,4.882294693533412,68.33950385433964,-28.82414300824292,3.2087707657261113,70.88774387939687,-26.199911659512367,2.4050567477843194,42.98161353925926,-32.80440579376254,99.80346818428924,43.4674671715273,-34.44261606412746,109.57923375014049,44.064901316718206,-34.84588992639815,119.47700227009332,44.66461977658089,-35.08701797289617,129.37990962472873,44.932358353478875,-30.43136354653775,138.81909601248321,26.188175232046756,-37.61321738817173,145.36138638723935,-1.2287528757478192,-26.408548234545215,147.36492424058633,-24.02262548863898,-20.57519057579607,147.83695387143925,-34.678041974623994,-20.48236713996497,151.03100211008928,-34.678041974623994,-20.48236713996497,151.03100211008928,-28.767059937085335,-17.15882245454083,146.36914702550672,-28.767059937085335,-17.15882245454083,146.36914702550672,44.932358353478875,-30.43136354653775,138.81909601248321,62.57462482249848,-39.1465310426496,146.4690161552574,91.34027669276736,-33.99347919802937,141.25077403696196,113.14516618266384,-25.580749930103735,138.496816368807,123.87553975002535,-23.251782072570048,140.28103963238937,123.87553975002535,-23.251782072570048,140.28103963238937,116.8359952697448,-21.24320425138551,136.52218616355592,116.8359952697448,-21.24320425138551,136.52218616355592,44.97233405263049,-34.65878227999468,142.19210059111853,45.24096079973988,-34.164973789036864,149.61830448998202,45.69307874835111,-32.04131662072838,156.74222062470284,46.36856256585365,-29.588225081833208,166.13166171565672
0.22499991,43.4785,-28.3017,91.947,33.18861825112215,-28.086146642623376,91.41460432549263,27.112058478028626,-30.911915739908046,47.21828601069572,22.05667030459063,-35.49149982640511,7.709106827870798,23.224696335319152,-35.137602556609316,4.303235168871936,14.418227882797108,-24.19872150067542,2.41973957852284,12.669443902885714,-21.94591221713257,1.8825103830313674,53.76838174887784,-28.517253357376624,92.47939567450737,56.795425649468434,-32.57498719770352,48.065480022372356,58.80382939601366,-38.58266505629646,8.475343614066873,58.55287093368699,-38.933964385517264,4.883255297352534,68.33688601175241,-28.82275006857539,3.210845362839364,70.88518204432869,-26.198542725749874,2.4072305472612148,42.97771243084365,-32.80140351350651,99.80416125936179,43.4647548791602,-34.44050548472341,109.57971819602227,44.06360004826299,-34.84492153584555,119.47735484127436,44.664904988974804,-35.08664749148244,129.38015141451805,44.93398404997915,-30.43072552126779,138.8191677198436,26.19096831287209,-37.61225747327622,145.3651549441543,-1.228796689453862,-26.412442185582364,147.35697481019636,-24.025801552788224,-20.5903978858675,147.81727001250368,-34.68539633203558,-20.498880366650944,150.99738392819646,-34.68539633203558,-20.498880366650944,150.99738392819646,-28.76912999441737,-17.175727553303034,146.34195712120365,-28.76912999441737,-17.175727553303034,146.34195712120365,44.93398404997915,-30.43072552126779,138.8191677198436,62.57594353006823,-39.14681073431504,146.46875026412627,91.33892213719986,-33.988372408578016,141.24110286541475,113.14682056317366,-25.587666219005847,138.474298933277,123.88089244066417,-23.25392047974846,140.22980244629812,123.88089244066417,-23.25392047974846,140.22980244629812,116.83238335394662,-21.252932359106865,136.4837222350272,116.83238335394662,-21.252932359106865,136.4837222350272,44.97452266408013,-34.658049440606156,142.19228440827234,45.24407337252753,-34.164629915104946,149.61848068159622,45.696979783207745,-32.04249876415923,156.7428014677379,46.372635330643504,-29.59257476765786,166.13305718731158
0.23333324,43.4756,-28.2998,91.9463,33.185716641093265,-28.084735491374826,91.41373777150085,27.110328890502068,-30.91459720573701,47.21752018891179,22.05481630426179,-35.49105409185619,7.707994571032522,23.224031301399606,-35.13634787157072,4.302615057474774,14.419592650429175,-24.195812201883612,2.419240346589532,12.67044539232123,-21.942757048363617,1.8842294779611928,53.765483358906735,-28.514864508625177,92.47886222849914,56.79254599441034,-32.57690381547523,48.06534141872384,58.8031129200364,-38.5826047047801,8.475014858365924,58.55214902010717,-38.9333476073115,4.882872547591451,68.33610167193967,-28.821816634537313,3.212012621287575,70.88429204923206,-26.197577626103776,2.4081662135141557,42.974901594043644,-32.79982223128528,99.80328440743718,43.46294981775934,-34.43981618816409,109.57864157703098,44.06293643642403,-34.84462422430215,119.47619306978419,44.66548481235076,-35.086187255555735,129.37891803804416,44.93544128013107,-30.430039879532696,138.8177981021332,26.194366194500457,-37.60989960363888,145.3711718757641,-1.229395165798497,-26.418039843216278,147.35266363613238,-24.0306246431328,-20.611601721580083,147.80067357078926,-34.69323492706541,-20.523016795569475,150.97074541141404,-34.69323492706541,-20.523016795569475,150.97074541141404,-28.773644732646943,-17.19864213764424,146.32041899086536,-28.773644732646943,-17.19864213764424,146.32041899086536,44.93544128013107,-30.430039879532696,138.8177981021332,62.57628139324125,-39.1467234553991,146.46928007505215,91.33642794169803,-33.982878771159044,141.2313988022153,113.14957283939884,-25.601905663824176,138.44616960409903,123.88841227824544,-23.269134197903398,140.173585484923,123.88841227824544,-23.269134197903398,140.173585484923,116.8319130301063,-21.271183517261978,136.44095073283427,116.8319130301063,-21.271183517261978,136.44095073283427,44.976008636328494,-34.657280550331336,142.19101877276194,45.24536911911793,-34.165970650542,149.61736181730146,45.69903976358718,-32.046060176674274,156.74229508236667,46.375977171648444,-29.600482494565632,166.13359137376005
0.24166657,43.4732,-28.3004,91.9433,33.18331518027654,-28.085806954032346,91.41057583924976,27.10907538855799,-30.919746689757357,47.21446177051084,22.053413907266062,-35.493070941811204,7.704592472294259,23.223816758398453,-35.13755792140851,4.299705175776895,14.421425153022266,-24.19535343465311,2.416456919270895,12.671917549260174,-21.94205208915288,1.8836657072136094,53.76308481972346,-28.514993045967653,92.47602416075023,56.79013511432232,-32.581260776556675,48.062889442435875,58.80283618717502,-38.58491557184064,8.47236098952935,58.551863439974234,-38.935095738813125,4.8801643949062745,68.33576790985978,-28.82326067311589,3.210863365046993,70.88385604380048,-26.198992436888403,2.406788302880445,42.97258672436235,-32.80074085371012,99.80010733524648,43.461642430017456,-34.44162841055623,109.57526419245106,44.062774147866776,-34.8468319768913,119.47273001800585,44.66656986897411,-35.08823562793236,129.37538289715073,44.93741415906476,-30.431865680065176,138.8141277302906,26.19827212942585,-37.61002267816452,145.37489041031938,-1.2294408133609558,-26.426025424460196,147.34605498924722,-24.03485623210386,-20.63511191806611,147.78177345342587,-34.70047123334386,-20.549402196845865,150.941800560885,-34.70047123334386,-20.549402196845865,150.941800560885,-28.777544091740957,-17.223838401188594,146.29657610236407,-28.777544091740957,-17.223838401188594,146.29657610236407,44.93741415906476,-30.431865680065176,138.8141277302906,62.57713622306972,-39.149177431739275,146.4674714550152,91.33442850700727,-33.97988755218533,141.21929993749342,113.152792742199,-25.618674228957474,138.41562447410902,123.89634592807579,-23.286937911103948,140.1148982946287,123.89634592807579,-23.286937911103948,140.1148982946287,116.83187134847081,-21.291982437913404,136.3957717401987,116.83187134847081,-21.291982437913404,136.3957717401987,44.978003951006166,-34.659024001755164,142.18745132641317,45.24717632951778,-34.16982600259733,149.61394060808362,45.70161589309802,-32.05215166544495,156.7394898211141,46.379839328961076,-29.610941314996566,166.13182954464995
0.2499999,43.4717,-28.2992,91.9414,33.18181736248626,-28.08491619103485,91.40850923688932,27.108774437919728,-30.92284012778534,47.21248634324433,22.052974297487637,-35.49295400572203,7.702263314606569,23.22457767841018,-35.13665323877874,4.297871280059652,14.424394987338761,-24.192654649102835,2.414724851090641,12.6745605027485,-21.93908473163679,1.8841476290665264,53.76158263751374,-28.513483808965148,92.47429076311069,56.78858169163098,-32.58410985158258,48.06155179558541,58.803336447466606,-38.58582830391732,8.470834214531855,58.55235149128789,-38.93544819923001,4.878583899732856,68.3363877558241,-28.823485360044714,3.2108300470388116,70.88442047642057,-26.19923451499063,2.4065226576641634,42.97109736120454,-32.79985081321553,99.79803046159316,43.461132059159816,-34.44163859413241,109.57298713247575,44.063399916959106,-34.84724433427697,119.47036741472334,44.66843661814218,-35.08849545723138,129.3729482665162,44.94024072220383,-30.43190470365424,138.8115565764693,26.20292187211312,-37.60806403131816,145.37970764461758,-1.2285592728961667,-26.43150074263974,147.34057400548102,-24.03805356174385,-20.655761566388577,147.76402352424623,-34.70665964882432,-20.572785729645155,150.91401082582226,-34.70665964882432,-20.572785729645155,150.91401082582226,-28.780357518392822,-17.24610628201861,146.2738925444262,-28.780357518392822,-17.24610628201861,146.2738925444262,44.94024072220383,-30.43190470365424,138.8115565764693,62.57870756947405,-39.150118153629634,146.46676593731746,91.33323870863106,-33.97589047358403,141.20834140878236,113.1569335367873,-25.634799412645407,138.38627723505485,123.90516720246491,-23.30431671770902,140.05743979670487,123.90516720246491,-23.30431671770902,140.05743979670487,116.83279501631654,-21.312219929065492,136.35181531505066,116.83279501631654,-21.312219929065492,136.35181531505066,44.98078656238737,-34.65898040455723,142.18498423178949,45.24977739678983,-34.17189520983466,149.61161896406153,45.705017892057384,-32.05644893695662,156.7377788458306,46.38456299061577,-29.619596994190267,166.13115478605897
0.25833322999999997,43.4691,-28.2979,91.9414,33.179215945444106,-28.084087634613873,91.40834725757726,27.107322026157085,-30.92608941043204,47.21242852757265,22.05137231517852,-35.49307075510806,7.701862426750488,23.224168909394606,-35.13596242325182,4.297965890203878,14.42603531021522,-24.190296078054363,2.4149378950315854,12.675840569658092,-21.936485030076618,1.8865777763250038,53.75898405455589,-28.511712365386124,92.47445274242274,56.78597654892882,-32.58664470292795,48.06210822951208,58.8028625014375,-38.586384023021616,8.471199186709143,58.55186918771205,-38.935446601369364,4.87889525796615,68.33585908751598,-28.823184200610882,3.21268645390199,70.88378984340312,-26.198905741801994,2.408146179312818,42.968582510854006,-32.79886941570809,99.79785336754566,43.45962482606624,-34.44154880538939,109.57260967692685,44.063037870577304,-34.84754633295836,119.46990414287671,44.66932200824829,-35.08863431939308,129.37241267191143,44.94201532159601,-30.43181577511799,138.81088294778513,26.20663715084763,-37.60626978572755,145.38642880259397,-1.2288034175673808,-26.437617708622124,147.33695007587886,-24.04245944405194,-20.677447119597232,147.74808962709952,-34.714051337976585,-20.597366174769057,150.8880218433522,-34.714051337976585,-20.597366174769057,150.8880218433522,-28.784425151878754,-17.269486545481076,146.2530136211505,-28.784425151878754,-17.269486545481076,146.2530136211505,44.94201532159601,-30.43181577511799,138.81088294778513,62.57936585188085,-39.15065123166262,146.46795571703328,91.3310395803561,-33.97105438490616,141.19920292757953,113.15990549251185,-25.649773111105517,138.35871121109457,123.91272855624581,-23.320430856900902,140.0017028890017,123.91272855624581,-23.320430856900902,140.0017028890017,116.83244153813776,-21.331269236424827,136.30964079003866,116.83244153813776,-21.331269236424827,136.30964079003866,44.98258456182162,-34.65880722415302,142.18441589093717,45.25138750316357,-34.17382970034723,149.61119536003608,45.70739665640394,-32.060616425497365,156.73796859970489,46.388225297671944,-29.628128674297574,166.13238269468133
0.26666656,43.4651,-28.2939,91.9437,33.175202167926045,-28.080026130325884,91.410937967428,27.104567566712113,-30.925935470589113,47.21509769014006,22.049039733606506,-35.49041676292911,7.7041887085616665,23.22204571470282,-35.13309238593081,4.300386995547959,14.42420557696222,-24.18715040425144,2.4175901279943544,12.674156562753817,-21.93326135698006,1.8890800567957977,53.754997832073954,-28.507773869674118,92.47646203257202,56.78197959106363,-32.587281158522174,48.06453678764507,58.800919715011005,-38.583822871453314,8.473247998935598,58.54998955036499,-38.93269385382501,4.880921046425605,68.33406398727894,-28.82039584839923,3.2154248854006595,70.88202341796982,-26.196088489258557,2.4110697126607104,42.96478009700399,-32.79515215873411,99.80000396259321,43.45647892768433,-34.43813931811107,109.57467554246892,44.06069970295513,-34.84396706164785,119.47192769332914,44.66769857060253,-35.084659833127326,129.3744020510254,44.94146190498839,-30.42744032405193,138.81264350942396,26.207684588266723,-37.60043532427042,145.39433926464736,-1.233411311036587,-26.445193050967678,147.34204235011978,-24.05109264959851,-20.700748358647235,147.74981158475484,-34.72535312045579,-20.625203021512757,150.88077264059615,-34.72535312045579,-20.625203021512757,150.88077264059615,-28.79388152479771,-17.296618108428497,146.24863296868932,-28.79388152479771,-17.296618108428497,146.24863296868932,44.94146190498839,-30.42744032405193,138.81264350942396,62.57621987292622,-39.148634779025855,146.4730003895429,91.32576836270124,-33.96632071297131,141.19533005170936,113.16181680033303,-25.67018293278513,138.33655604847542,123.91938788304844,-23.347223862857135,139.95735412060793,123.91938788304844,-23.347223862857135,139.95735412060793,116.8338976765189,-21.356765705849174,136.27598812248462,116.8338976765189,-21.356765705849174,136.27598812248462,44.98197205480032,-34.654284171877535,142.18636209665988,45.25187653092632,-34.170416092554014,149.61317398050875,45.709249769487286,-32.05917790967752,156.74044516647555,46.39120376230635,-29.63101864183426,166.13589735400038
0.27499989,43.4638,-28.2953,91.9415,33.17388839412662,-28.081364648424273,91.40902876259985,27.104582869204393,-30.93110163945685,47.21325258684874,22.049533588539862,-35.49300529763459,7.701984681685815,23.222754565896388,-35.135459547172246,4.2982803146443835,14.425238336982492,-24.189214957755482,2.415729228840625,12.675341547489055,-21.93524215698494,1.8870723227028452,53.75371160587338,-28.50923535157573,92.47397123740016,56.78067955754852,-32.59339534450629,48.06247267653558,58.801671464274925,-38.58680884386936,8.47081489325251,58.550804246933176,-38.93549446955076,4.878465548143326,68.33494649020447,-28.823147770029284,3.213663520239929,70.88293017436935,-26.19880870374866,2.4094886449652972,42.96367774606472,-32.79683487744519,99.79765455759134,43.456031446022564,-34.44012978831795,109.57224143942105,44.06105818481144,-34.84578773973303,119.46945131454264,44.66877003004459,-35.08608528461215,129.3718915412488,44.943603520425896,-30.428464842374208,138.8099040499612,26.211405478208516,-37.59996300751182,145.39772306801075,-1.2353214085277031,-26.458086997131222,147.34258908247472,-24.05700647480014,-20.729329321988697,147.74697562450274,-34.73392786704151,-20.6582928506816,150.86895644355127,-34.73392786704151,-20.6582928506816,150.86895644355127,-28.800598664741486,-17.32901798678059,146.23969254834128,-28.800598664741486,-17.32901798678059,146.23969254834128,44.943603520425896,-30.428464842374208,138.8099040499612,62.57578210097839,-39.15201620124145,146.47351410219582,91.32320152677349,-33.96701487740275,141.18689332241513,113.1663871445135,-25.696023553073218,138.30983808800937,123.92865846474103,-23.37946254451033,139.9084380862197,123.92865846474103,-23.37946254451033,139.9084380862197,116.83798448650555,-21.3877066566584,136.23777033070905,116.83798448650555,-21.3877066566584,136.23777033070905,44.98405443431713,-34.65516105315707,142.18380831020914,45.25506000111246,-34.172402502322036,149.6106523012232,45.713796030118,-32.06315213137944,156.7384244377937,46.39687236874131,-29.6393379794928,166.134916983373
0.28333322,43.4613,-28.2956,91.9394,33.17137474495917,-28.081585813439634,91.40722429252757,27.103302912567145,-30.935216155329154,47.211529928044754,22.04864402887647,-35.494608435300826,7.699922199468816,23.22207321048336,-35.13684883471605,4.296312076739891,14.424868787657676,-24.190313143666422,2.4139965591942896,12.675121495247785,-21.936259247236276,1.8851906121850566,53.751225255040836,-28.509614186560366,92.47157570747244,56.778159262158226,-32.59842797058466,48.06050304978797,58.801179518615974,-38.588705407124536,8.46847424391288,58.550373182391546,-38.93720327799972,4.876102428620769,68.33461782560747,-28.824841080692316,3.2119964968457984,70.88263465186786,-26.200478794518364,2.408002427463609,42.961371412688464,-32.79741748769732,99.7954049433253,43.454383409724805,-34.441021882915216,109.56990660853558,44.06022168132883,-34.84651197825081,119.46707371895887,44.668652375919216,-35.0864164067948,129.36947933554745,44.94456803490954,-30.428396564566572,138.80726315615556,26.21396558897098,-37.59840426176337,145.40123847263493,-1.2383838269680858,-26.46989820715026,147.34329567509567,-24.06406092418462,-20.756830175671745,147.74432056372814,-34.74363137950374,-20.69031325034241,150.85732734486172,-34.74363137950374,-20.69031325034241,150.85732734486172,-28.808450637204036,-17.360342865338215,146.23093808919012,-28.808450637204036,-17.360342865338215,146.23093808919012,44.94456803490954,-30.428396564566572,138.80726315615556,62.57415421525352,-39.154302316371314,146.47415618791524,91.31945034320896,-33.96662250623139,141.17862502063687,113.16975513672904,-25.72084020822423,138.2833259058397,123.93668695157336,-23.410736909465793,139.85973412531285,123.93668695157336,-23.410736909465793,139.85973412531285,116.84085632153635,-21.417642419810264,136.19977336337874,116.84085632153635,-21.417642419810264,136.19977336337874,44.98495429778007,-34.65494554514879,142.1813526268885,45.25706496416222,-34.17329917655274,149.6082284211481,45.71717051683208,-32.06602723966184,156.73649745134713,46.40137617666639,-29.646544163521902,166.1340239740936
0.29166654999999997,43.4597,-28.2945,91.9395,33.169760978817024,-28.08042437649045,91.40761525895643,27.10302026878204,-30.937960464915,47.211990510452694,22.048838776903267,-35.49485237150414,7.70003326598286,23.222482644092537,-35.136877196213916,4.29651983270763,14.425579864291139,-24.19006154009766,2.4144227380468744,12.675980298487763,-21.935928740290382,1.8854643605977208,53.74963902118297,-28.50857562350955,92.47138474104356,56.77656055361014,-32.601964618035524,48.06073269870104,58.80163537378867,-38.589045175618125,8.468325370278897,58.55089219491035,-38.937351504576505,4.875930569724046,68.33522109738375,-28.824953608189965,3.212537136593822,70.88326652620609,-26.20056240236258,2.408728135006089,42.95996918755571,-32.79660015772239,99.79535553835034,43.45363792786956,-34.440512236363595,109.56977231342876,44.06028420482607,-34.84583247519554,119.46689688772042,44.669429944732315,-35.08534160507432,129.3692681130714,44.94641738504592,-30.426920866002792,138.80682266505661,26.21741220343569,-37.59543468476078,145.40695625290869,-1.2405526494079524,-26.480304970637036,147.34622911101982,-24.07021137818461,-20.782934839293052,147.74392013940894,-34.75242384904957,-20.720950920430102,150.84794261870312,-34.75242384904957,-20.720950920430102,150.84794261870312,-28.815391209793532,-17.390277424152902,146.22443656210828,-28.815391209793532,-17.390277424152902,146.22443656210828,44.94641738504592,-30.426920866002792,138.80682266505661,62.573410339019816,-39.15518249601028,146.47699588074695,91.31657937172201,-33.96486095568585,141.172514953686,113.17397475167606,-25.744336501815905,138.2589694936511,123.94552467550972,-23.44073941977623,139.81319391529732,123.94552467550972,-23.44073941977623,139.81319391529732,116.84456355881403,-21.446274030727473,136.16394607706727,116.84456355881403,-21.446274030727473,136.16394607706727,44.9867454269678,-34.653322135573816,142.18109785383467,45.25995806080123,-34.17278543720469,149.60800507290872,45.72142677266783,-32.067501855683524,156.73677349191672,46.40675271632693,-29.652364323938098,166.13533612351642
0.29999988,43.458,-28.293,91.9395,33.168079322668596,-28.07768516204692,91.40776060444526,27.102275165609974,-30.93702777744528,47.21212414578593,22.048256429632044,-35.49572295184359,7.700354094150661,23.221914638245885,-35.13758420306225,4.296862814659161,14.424858654909078,-24.19081970472679,2.415184296946702,12.675307318510939,-21.936677594059166,1.886106088056561,53.7479206773314,-28.50831483795308,92.47123939555473,56.774252638568704,-32.60647608251062,48.06098729624775,58.80115332252344,-38.58952014226778,8.468063217741147,58.550312540246985,-38.93730100135125,4.8756243220044215,68.33441654434101,-28.824486696058372,3.2134400170204658,70.88237593799472,-26.199952887735275,2.4098239165963484,42.95784278469577,-32.795595901076304,99.79504427561133,43.45134414555361,-34.43986285153396,109.5694098122006,44.058017310766516,-34.84464371090801,119.46655481300235,44.66726082412792,-35.08373936608947,129.36893001542225,44.94476665960277,-30.425520253302597,138.8065688596748,26.21801022160616,-37.59508290297061,145.41194194258526,-1.2452222307969087,-26.494467114413503,147.35973916511935,-24.079623778445992,-20.816435529121428,147.76169129802426,-34.76285537379927,-20.76133262505125,150.86233432502246,-34.76285537379927,-20.76133262505125,150.86233432502246,-28.826974340004334,-17.428201943948093,146.2391204029671,-28.826974340004334,-17.428201943948093,146.2391204029671,44.94476665960277,-30.425520253302597,138.8065688596748,62.5703065206139,-39.15435694762082,146.4794264376461,91.31365638013108,-33.970508995162724,141.1695977305041,113.17890372060288,-25.774966568026016,138.24461135361395,123.95480005117753,-23.480651096711696,139.78234852935614,123.95480005117753,-23.480651096711696,139.78234852935614,116.85048649540698,-21.48131179960435,136.1423042947209,116.85048649540698,-21.48131179960435,136.1423042947209,44.98469491257865,-34.65198775162675,142.18076584743704,45.257681688160595,-34.17339323902133,149.60780678009397,45.719503678357334,-32.06940889865074,156.73693588871208,46.405110838009584,-29.657960283292056,166.13642517720635
0.30833321,43.457,-28.2905,91.9386,33.16710146548318,-28.0737837596677,91.40700143856026,27.102210494363156,-30.934919591355563,47.211355708340875,22.048302076567253,-35.49541167169983,7.699778906349678,23.221982243023913,-35.137134005869676,4.296309819574603,14.424963746939927,-24.190270436765772,2.4150324399779386,12.675500158308383,-21.936089298685943,1.8858303673463483,53.74689853451682,-28.507216240332305,92.47019856143973,56.772599167837214,-32.6102794566322,48.060356069368545,58.80125432163122,-38.589385565489756,8.466926966851958,58.5503125788423,-38.93664295013807,4.874444483368807,68.3343536030468,-28.823570835877625,3.21345843633188,70.88226919978338,-26.198936313412823,2.410032425430809,42.95634182068039,-32.79358293383702,99.7938331876887,43.44964380352285,-34.438211585382,109.56814793567186,44.05633179037,-34.842459973299405,119.46531379100043,44.66566359401445,-35.081149117579606,129.36769336794404,44.943754234473026,-30.423133501532917,138.80541543750905,26.21911738197356,-37.59344551958879,145.4159819144263,-1.2491980202775181,-26.506910099381958,147.3722801991864,-24.088234974871643,-20.847855819709416,147.77847951775266,-34.77247982866663,-20.79944467176712,150.87574106560007,-34.77247982866663,-20.79944467176712,150.87574106560007,-28.837692437672843,-17.463969896157423,146.25281370312328,-28.837692437672843,-17.463969896157423,146.25281370312328,44.943754234473026,-30.423133501532917,138.80541543750905,62.56770980481096,-39.1527880419917,146.48098124720684,91.31133161270273,-33.97591055816991,141.16582682589532,113.18453759444809,-25.805735035387308,138.22940140592237,123.9647822640808,-23.520890442296338,139.75067418854314,123.9647822640808,-23.520890442296338,139.75067418854314,116.85717724963635,-21.51655779604419,136.11981308467588,116.85717724963635,-21.51655779604419,136.11981308467588,44.98321332683194,-34.6496668903155,142.17953540952192,45.255975728331435,-34.17301552635652,149.6067095458987,45.718178179680365,-32.0703471243393,156.7362022338552,46.40409557665288,-29.66260920260354,166.13662009218288
0.31666654,43.4565,-28.2892,91.9374,33.16662011566906,-28.071244605412893,91.40594706510183,27.102736633333535,-30.934185277220053,47.21027996896704,22.04905292996245,-35.49647884865673,7.698882397072566,23.222759677757544,-35.13803701672216,4.295439762489217,14.425599909205019,-24.191219771046562,2.4145534830081328,12.676187535078423,-21.93702829587136,1.8852261519546487,53.746379884330935,-28.50715539458711,92.46885293489817,56.77149452048427,-32.61499078383353,48.05941168528339,58.80198040459172,-38.59006073382243,8.465467124818346,58.55094151727063,-38.936792675667846,4.872940676598834,68.33475810295803,-28.82330470343939,3.2131650733264494,70.88258790366044,-26.198527553468875,2.4099329529245055,42.955415383586455,-32.79277855367915,99.79232185655178,43.44855009715986,-34.4377620381868,109.56658533419376,44.05526571171959,-34.84147106816839,119.46377151121199,44.66469596696412,-35.07974679129586,129.3661549861215,44.94330538172334,-30.42193293841166,138.80396133356726,26.220909743947875,-37.5932604677924,145.41977208425777,-1.2526342234898387,-26.52119961961253,147.3846059407122,-24.096370917091217,-20.8814561507777,147.79508093281876,-34.78162276057793,-20.839904083525624,150.88896640223012,-34.78162276057793,-20.839904083525624,150.88896640223012,-28.847980913797034,-17.50198661438581,146.26633163868826,-28.847980913797034,-17.50198661438581,146.26633163868826,44.94330538172334,-30.42193293841166,138.80396133356726,62.565807357297956,-39.1521621141955,146.48221058057413,91.30960421974402,-33.98175773014796,141.16170477042243,113.19059495121458,-25.836585793889526,138.21383757903007,123.97512061480403,-23.561052227720776,139.71863458576686,123.97512061480403,-23.561052227720776,139.71863458576686,116.86420147771669,-21.55181887276817,136.09698287626813,116.86420147771669,-21.55181887276817,136.09698287626813,44.98236485539785,-34.64853247580667,142.17800309383173,45.25490091202817,-34.173823265847155,149.60530992513446,45.71745656514463,-32.072454391949805,156.73516284269772,46.403652909850926,-29.66840449539074,166.13650419155672
0.32499986999999997,43.4549,-28.2878,91.9372,33.16504273647817,-28.068425889388497,91.405892832779,27.10204240378271,-30.93306802549346,47.2102148240892,22.048438096603704,-35.49707666074052,7.699005169437363,23.222166278886377,-35.13849184082272,4.295584988995353,14.425046850355457,-24.19157054121058,2.415115680481632,12.675722811305786,-21.937338837146164,1.8856677456535023,53.744757263521834,-28.507174110611505,92.468507167221,56.769212299784925,-32.619834330968835,48.059467548067865,58.80142390028262,-38.590903676413696,8.465008004178507,58.55028176553413,-38.93710577997304,4.872437674283065,68.33405029838221,-28.823372753067453,3.2138724641900653,70.88183997620415,-26.198497529596644,2.4108335869287854,42.95331032286693,-32.79186536153494,99.79181049125384,43.446249108958156,-34.43721226481666,109.56602268259837,44.05298559462118,-34.84039253767536,119.46322913416554,44.66251040053483,-35.078265504545655,129.36561647273237,44.941719993826716,-30.420659999582842,138.80350790615933,26.221452902273505,-37.59271254242832,145.424553985411,-1.2571343451129806,-26.53469612023854,147.39793619227063,-24.10546481501165,-20.91390692773404,147.81269616107772,-34.79171705213017,-20.879070010281712,150.90320750141058,-34.79171705213017,-20.879070010281712,150.90320750141058,-28.859176152915687,-17.538790515322113,146.28086587313774,-28.859176152915687,-17.538790515322113,146.28086587313774,44.941719993826716,-30.420659999582842,138.80350790615933,62.5626286722548,-39.151739103905044,146.48444690217838,91.306688593194,-33.98829944260263,141.15860126363924,113.1955679612837,-25.868512902877526,138.19928904649888,123.98438106799743,-23.60247492140312,139.68759158489,123.98438106799743,-23.60247492140312,139.68759158489,116.87019463821012,-21.588225918477253,136.07515429820856,116.87019463821012,-21.588225918477253,136.07515429820856,44.980306103658705,-34.6473269115651,142.17747071260553,45.25262364016684,-34.1745645928807,149.60490973637692,45.715568912934216,-32.074515962405044,156.73512634785232,46.40208449306166,-29.67418458295458,166.13739448450252
0.3333332,43.4546,-28.2857,91.9369,33.16479337943582,-28.064474183674704,91.40537985966212,27.102433006522894,-30.93171789628675,47.20978276615718,22.04898243825129,-35.49655595804685,7.6986492654090455,23.222761636399692,-35.13787086083569,4.295257245874312,14.425520898323546,-24.191025530351887,2.4149132063968324,12.676192477971808,-21.93680212943951,1.8854443957679785,53.74440662056418,-28.506925816325293,92.46842014033787,56.76858769392955,-32.62245693219154,48.059627827105174,58.80200896822145,-38.59020767266861,8.464730066019946,58.55107141026045,-38.936534411171635,4.872157453559285,68.33467011449976,-28.82260427464074,3.2137924190210634,70.88239683265063,-26.197737257449845,2.4105270013143345,42.95203955733524,-32.78996224655684,99.79133553479251,43.44449498907112,-34.435510495402816,109.56553819531034,44.050927867694995,-34.83843512437714,119.46277366525294,44.66057490508879,-35.07638001547227,129.36515175129867,44.9401677672765,-30.419411992018183,138.8033464094915,26.222445215850147,-37.59531171165694,145.42741725312789,-1.259696770909688,-26.549111164715008,147.41740392049832,-24.111669520307764,-20.943839302219065,147.8413980811646,-34.79536072573953,-20.921266339249314,150.94086473192678,-34.79536072573953,-20.921266339249314,150.94086473192678,-28.87016305920274,-17.57308311882801,146.3148240394209,-28.87016305920274,-17.57308311882801,146.3148240394209,44.9401677672765,-30.419411992018183,138.8033464094915,62.56125382854105,-39.14850614600812,146.48613432224082,91.30753468164345,-33.996775091616676,141.16093705849764,113.2044192448314,-25.901178889125262,138.19458057408312,123.99650735676867,-23.64599324705389,139.67560479226506,123.99650735676867,-23.64599324705389,139.67560479226506,116.88258798572848,-21.626305963259057,136.06567886341546,116.88258798572848,-21.626305963259057,136.06567886341546,44.97894182051839,-34.6463073136954,142.1770209054052,45.25055133905157,-34.173702847912494,149.6044958996993,45.713074995939834,-32.07374344329737,156.73476615182068,46.39871522920416,-29.675196845697997,166.1375536202299
0.34166653,43.4534,-28.2845,91.9365,33.163644303377296,-28.061406010335556,91.40477489659024,27.101879134065168,-30.931234763283804,47.20926394569313,22.048538628845602,-35.49688813244451,7.698210571466589,23.22236669723691,-35.13810525898754,4.29484571309911,14.425024794559453,-24.191318539075105,2.4146337686246993,12.675696204598784,-21.93709996594017,1.8851449644184939,53.74315569662271,-28.507593989664446,92.46822510340975,56.76702354295672,-32.626150517043314,48.059691941091806,58.801610695727575,-38.5907250407568,8.464375481201657,58.550874359976014,-38.93718772609279,4.871801927159421,68.33433881022106,-28.82310148663054,3.213596906206924,70.88201160075663,-26.198254653879918,2.410094525025807,42.94986751195048,-32.78894542031887,99.79076823092686,43.44184470509277,-34.434681684123994,109.56496331961957,44.047981294125734,-34.837335648854044,119.46222795488737,44.65775808399891,-35.075337586010875,129.3645966808459,44.93774953932903,-30.418992392832546,138.80308681290128,26.222576872533065,-37.598732014386165,145.4302008045802,-1.2631237134062445,-26.564390596439978,147.43676363995147,-24.11873316125055,-20.97467232074781,147.86997098753838,-34.79984796478555,-20.964347939553733,150.978369416267,-34.79984796478555,-20.964347939553733,150.978369416267,-28.88199683928932,-17.608288956967932,146.34863325578957,-28.88199683928932,-17.608288956967932,146.34863325578957,44.93774953932903,-30.418992392832546,138.80308681290128,62.558989450196684,-39.146120860556906,146.4877547661365,91.30750178166605,-34.0061339766242,141.16325524032615,113.21238212053643,-25.93476923074543,138.1899085200872,124.00773197296974,-23.690457571089766,139.66366140601005,124.00773197296974,-23.690457571089766,139.66366140601005,116.89409001406115,-21.665321864111526,136.0562420787706,116.89409001406115,-21.665321864111526,136.0562420787706,44.97670712312103,-34.646110758007666,142.1764797229348,45.247615455386395,-34.17365269791429,149.6039896394184,45.70972632767631,-32.07378423442223,156.7343134385346,46.39450220770196,-29.677024941099607,166.13761963212454
0.34999986,43.4527,-28.2833,91.9368,33.162999361142035,-28.058175620814623,91.40486524217503,27.101803105137005,-30.930498449521433,47.20943828684537,22.048517832864373,-35.49689152548955,7.698463331489194,23.222401934747882,-35.138029747557084,4.295126118798642,14.425132344366084,-24.19116309327747,2.415041225086472,12.675839373025392,-21.93692181324434,1.8855314171389317,53.742400638857966,-28.508424379185378,92.46873475782498,56.76590469910629,-32.62998051640036,48.0604551192773,58.801584419892585,-38.59134037972901,8.464710697126655,58.551045242828366,-38.93792951574475,4.872135585155878,68.33449819595911,-28.823802884649858,3.2141091064607057,70.8821489484654,-26.199005736756256,2.410374576118885,42.94812078365246,-32.78791965598549,99.79090112768097,43.439591019800275,-34.433848889797666,109.56508922719405,44.04542245363653,-34.83624066382414,119.46238320961024,44.655322667799496,-35.07430815667511,129.36474275862741,44.935783371384225,-30.418589218183797,138.80352788731417,26.223036232471838,-37.601839631691455,145.43368601906099,-1.2660145903818432,-26.578882193662345,147.45685576427903,-24.125148897176256,-21.004321929435026,147.8993021954231,-34.803657697167566,-21.00607740468001,151.01665805539142,-34.803657697167566,-21.00607740468001,151.01665805539142,-28.893125357887307,-17.64224352278316,146.38321658763886,-28.893125357887307,-17.64224352278316,146.38321658763886,44.935783371384225,-30.418589218183797,138.80352788731417,62.55705177095666,-39.1440263537852,146.49005087387303,91.30786280850984,-34.016259952789,141.16618028381131,113.22085120666762,-25.96953946790959,138.18578917853267,124.01949079584877,-23.736313081998954,139.65226241835197,124.01949079584877,-23.736313081998954,139.65226241835197,116.90616609369482,-21.70559110163871,136.04735872005816,116.90616609369482,-21.70559110163871,136.04735872005816,44.97485716429501,-34.6459308646776,142.17663964569493,45.24506950758749,-34.173622674435094,149.60418444633143,45.706799081314166,-32.07383912807775,156.73455795419855,46.39074635283094,-29.678862148757112,166.13837855460926
0.35833318999999997,43.4519,-28.2816,91.9363,33.16225100528572,-28.05460744754331,91.4041602094332,27.10165102207805,-30.929593831727647,47.2088246706651,22.048477307312833,-35.496872294309576,7.697937784344248,23.22241026138107,-35.137918069399696,4.2946271715185595,14.425055812024427,-24.19109863566964,2.414664411862182,12.675766009322647,-21.936860077021535,1.8851325509060306,53.741548994714286,-28.50859255245669,92.4684397905668,56.764740691045176,-32.633096584128225,48.060412580275624,58.801594325744304,-38.591213078313665,8.464240356151123,58.55125652751098,-38.937932919492766,4.871663818050865,68.3345564641431,-28.823629639473452,3.2138120425037986,70.88214840421313,-26.198846808690057,2.4098443704453882,42.94634851981153,-32.786402372173,99.79023380689218,43.43734034612373,-34.432517641189264,109.56441462105794,44.042875659540094,-34.83463680047132,119.46173780494681,44.652905664128724,-35.07275951311214,129.36408803141458,44.9337633204985,-30.417661726288713,138.80316771737816,26.22356859856657,-37.60471879883613,145.43640319814745,-1.2689896891315655,-26.593578570376902,147.47619517448405,-24.13172039084554,-21.0345300706029,147.92788851964792,-34.80760369090742,-21.04853624785153,151.0541931147446,-34.80760369090742,-21.04853624785153,151.0541931147446,-28.904451742974324,-17.67683258899536,146.4170644481845,-28.904451742974324,-17.67683258899536,146.4170644481845,44.9337633204985,-30.417661726288713,138.80316771737816,62.555197319307055,-39.141130378993026,146.49154513598342,91.30823098956273,-34.0251152332024,141.16837263970038,113.22916686843575,-26.00265891420107,138.18102146448624,124.03103760468281,-23.780331971570128,139.64023782552735,124.03103760468281,-23.780331971570128,139.64023782552735,116.91800748275692,-21.744151832526715,136.03783256241437,116.91800748275692,-21.744151832526715,136.03783256241437,44.97301999265825,-34.64522576501522,142.1759986209601,45.24252970615904,-34.173062629914526,149.603578172246,45.70384562944427,-32.07335611392201,156.73400113782958,46.38692789280046,-29.68014837079127,166.13833502206123
0.36666652,43.4486,-28.2802,91.9363,33.158988541146634,-28.05144350185386,91.40418976669356,27.099744005602354,-30.929046325152136,47.20883865484218,22.04723331628673,-35.497503025605425,7.698003194168429,23.22115227920804,-35.138562618143645,4.294686297964827,14.42377928533942,-24.19176032211412,2.414710527271542,12.674454897042551,-21.93753076676262,1.8852545978595001,53.738211458853364,-28.50895649814614,92.46841023330644,56.76129612871753,-32.638144193180274,48.06081099277091,58.799778426314475,-38.59209350939838,8.464095760920053,58.54933711314918,-38.938519482550404,4.871498088290162,68.33321144752287,-28.824680073485332,3.214206195826455,70.88089067341392,-26.20005347556931,2.410005099660243,42.94230052703328,-32.785144523660115,99.79010408699621,43.432908245392795,-34.43175410915149,109.564220925875,44.0382134663138,-34.83405131086168,119.461550949241,44.6484236555044,-35.072541599344845,129.36388122790305,44.93035168631896,-30.418294988681577,138.80334873505464,26.222586079577933,-37.607256674936245,145.4413698797031,-1.2736888168045617,-26.608138721263288,147.49587534422616,-24.1383426148163,-21.05802298831247,147.95990582589656,-34.81051822192367,-21.07855373488343,151.09880804329225,-34.81051822192367,-21.07855373488343,151.09880804329225,-28.914012144178717,-17.700604807441362,146.45777067299736,-28.914012144178717,-17.700604807441362,146.45777067299736,44.93035168631896,-30.418294988681577,138.80334873505464,62.55199993799877,-39.13903453458272,146.49433069489734,91.30820040029575,-34.03810957785125,141.17378361795255,113.2360344700052,-26.03486870981581,138.18551809101268,124.04043570941515,-23.82530253817716,139.64537836578242,124.04043570941515,-23.82530253817716,139.64537836578242,116.93032816287727,-21.781498564956927,136.04152116141398,116.93032816287727,-21.781498564956927,136.04152116141398,44.9698281208304,-34.64616146213062,142.1757979616263,45.2400428881581,-34.174618372723685,149.60339128630764,45.70034380816615,-32.07495419110941,156.73389231288255,46.381551059273505,-29.681969282806563,166.13841890362988
0.37499985,43.4469,-28.2782,91.9366,33.15732618275535,-28.047680473343522,91.4045227337093,27.09949573636907,-30.928051389723247,47.20915809083177,22.04770178109369,-35.49782870325954,7.6983837017093535,23.221611728059965,-35.13891526196756,4.295060851659189,14.42422565190714,-24.1921349821032,2.4150181044097616,12.674868189908306,-21.937915959400165,1.8856266115306517,53.73647381724465,-28.508719526656474,92.4686772662907,56.759433422956675,-32.64266669567558,48.06151232327736,58.79953747136369,-38.59251880843441,8.464264754816597,58.54899154791126,-38.938657976905276,4.871646731718168,68.33340390320703,-28.82525123121485,3.214890908502502,70.88116068230767,-26.2007733458412,2.410450206317819,42.93985537447543,-32.78327314887613,99.7902822335451,43.43008244286303,-34.43036029005345,109.56433770766577,44.03516104472906,-34.83281858297876,119.46167503890894,44.645554847127485,-35.071659453289314,129.36398555136324,44.92855659466503,-30.41824630273031,138.80383183226715,26.223247179464487,-37.60913745558606,145.44668309880856,-1.2767270083783657,-26.622041487695725,147.51594951479882,-24.14329230901978,-21.080857573575244,147.99236784084718,-34.81173424662366,-21.107919824875275,151.14388732982286,-34.81173424662366,-21.107919824875275,151.14388732982286,-28.92189410952942,-17.723729908807485,146.49893388277704,-28.92189410952942,-17.723729908807485,146.49893388277704,44.92855659466503,-30.41824630273031,138.80383183226715,62.550421812797076,-39.13627442720316,146.49739022191292,91.3097691895822,-34.0504843784539,141.1793643023215,113.24449802480387,-26.066535417049327,138.19009480176084,124.05142706457701,-23.86976700624111,139.65055846424858,124.05142706457701,-23.86976700624111,139.65055846424858,116.94424394208863,-21.818322784291613,136.0452740896936,116.94424394208863,-21.818322784291613,136.0452740896936,44.96825384293146,-34.64640883051602,142.17590728502748,45.23917622804559,-34.17547051946019,149.6035132028804,45.69846463664148,-32.075822252346875,156.73408420488562,46.37780069072086,-29.683024532855868,166.13879377433148
0.38333318,43.4452,-28.2755,91.9366,33.15566412560345,-28.04321745411,91.40455571765007,27.099170463007034,-30.926281277166968,47.209183451347,22.048024916452306,-35.497311788771206,7.6984711264660035,23.22191971887803,-35.13841852252014,4.29514092504894,14.424514336413358,-24.191659002048738,2.4150676452137283,12.675122268861738,-21.937449966685186,1.8857479839760296,53.73473587439655,-28.507782545890002,92.46864428234993,56.757571338553035,-32.646411574867635,48.06190698081941,58.79930345414,-38.592098594299074,8.464117705089059,58.54865337399919,-38.93794469203329,4.871478722724227,68.33362026265199,-28.82498352763197,3.215278108281949,70.88145893205532,-26.200657073303535,2.410602772879534,42.93741017684314,-32.78070164840095,99.79016037458449,43.427256462494725,-34.42826626141736,109.56415446619154,44.03210860494896,-34.83088384817205,119.46149916085608,44.64268614622249,-35.070073640836895,129.36378992358252,44.926761660224464,-30.41749250127988,138.80401405165188,26.22389919992595,-37.61027842537049,145.45170201675376,-1.2797440288709616,-26.635162272728316,147.5357260614966,-24.1482030650921,-21.102879423177964,148.02453074769193,-34.812892356795444,-21.136447693603493,151.18866353781195,-34.812892356795444,-21.136447693603493,151.18866353781195,-28.929717881454927,-17.74603953141606,146.53979901620684,-28.929717881454927,-17.74603953141606,146.53979901620684,44.926761660224464,-30.41749250127988,138.80401405165188,62.548842814424674,-39.1328081127552,146.50015064264065,91.31133885595182,-34.06216268265786,141.18469224064296,113.25294077175778,-26.097480432374844,138.19446745639576,124.06237403740604,-23.913491218909705,139.65556444901077,124.06237403740604,-23.913491218909705,139.65556444901077,116.95813141331203,-21.854430155442124,136.04882699964165,116.95813141331203,-21.854430155442124,136.04882699964165,44.966679732807286,-34.64595051727222,142.17571635856916,45.23830964391744,-34.175615812554085,149.60333468205806,45.696584774688475,-32.07599550638483,156.73397911134623,46.37404851041104,-29.683403351920692,166.13887603558615
0.39166650999999997,43.4436,-28.2728,91.9367,33.15410256564226,-28.038753536579545,91.40468532792241,27.098963617146968,-30.924513216298106,47.20930337872633,22.048481668599358,-35.49679257758616,7.698650723781057,23.222362665489793,-35.13791901477218,4.295313682779576,14.42492069006749,-24.19119583507544,2.415200038297458,12.675490359632613,-21.93699998426039,1.8859506925040765,53.733097434357745,-28.506846463420455,92.4687146720776,56.75582075778285,-32.65015928871077,48.06240650767592,58.79919456695204,-38.59169074121486,8.464078169665157,58.548442082355926,-38.937244657949705,4.871418218361933,68.33396526313497,-28.82473050103447,3.2157749884887137,70.88188632317438,-26.200556016027093,2.410864953985557,42.93506204154014,-32.778143420355924,99.79013063660469,43.42452553381553,-34.42620208837503,109.56406061164014,44.02914907315042,-34.8289975061205,119.46141203853843,44.63990815390168,-35.068554906213215,129.36368271943485,44.92505508910205,-30.41682538985482,138.8042942185903,26.224639933206806,-37.611521409335964,145.4567983354192,-1.2826596139209343,-26.648392108729695,147.5556049493725,-24.15300145172517,-21.12500903394033,148.05680936985533,-34.813920273746994,-21.16511962929198,151.2335469796156,-34.813920273746994,-21.16511962929198,151.2335469796156,-28.937424702941048,-17.76846975033155,146.58079293928418,-28.937424702941048,-17.76846975033155,146.58079293928418,44.92505508910205,-30.41682538985482,138.8042942185903,62.54736262446602,-39.12941049778569,146.5030036368055,91.3130010088774,-34.073909090916686,141.19012536769142,113.26146131597264,-26.128499414058446,138.19896213999024,124.07338373473031,-23.957297185391184,139.660699231214,124.07338373473031,-23.957297185391184,139.660699231214,116.97209051714428,-21.890613722977044,136.0525134186741,116.97209051714428,-21.890613722977044,136.0525134186741,44.96519333461778,-34.64558585137473,142.17561457897327,45.23752915791522,-34.17587015254681,149.60324622466783,45.694788764790964,-32.076293242257854,156.73396862511234,46.37037780030518,-29.68392619926576,166.13905766632286
0.39999984,43.4411,-28.2714,91.9367,33.151639779613944,-28.03553012141678,91.40477088491978,27.09757526822418,-30.922732044315172,47.20933593742387,22.048020448952773,-35.49734111533066,7.698834451558682,23.22186715043788,-35.138576180513404,4.29547412879559,14.424497338350346,-24.191832944852262,2.415139604866948,12.675042889735415,-21.937643700746023,1.885941845161588,53.73056022038605,-28.50726987858322,92.46862911508022,56.753723851231996,-32.65286198216742,48.062563650756196,58.798657152905044,-38.59237093657348,8.464012403744157,58.54814248245882,-38.93809818846421,4.8713525380191385,68.33317196990625,-28.825082429878012,3.2158552724304093,70.880994739108,-26.200785271591748,2.4110340616340555,42.931829515915496,-32.77673732119478,99.79008666759697,43.42113890387649,-34.425078723255844,109.56397668056032,44.025965894717295,-34.828304070344615,119.4612981702875,44.63729497862557,-35.068211340435205,129.3635252073396,44.923707406923675,-30.416824817224228,138.8042673963101,26.22308448148671,-37.60886986655585,145.45905357236458,-1.286470054293165,-26.654613183362308,147.57456566206352,-24.15836633406744,-21.139043913994353,148.09066491807067,-34.816579609177,-21.180162197952356,151.2764552281612,-34.816579609177,-21.180162197952356,151.2764552281612,-28.94505860146642,-17.784995264822363,146.61634435974207,-28.94505860146642,-17.784995264822363,146.61634435974207,44.923707406923675,-30.416824817224228,138.8042673963101,62.545611912748846,-39.128094910019165,146.505387042047,91.3146919843309,-34.08762528612274,141.19686375911073,113.26662301267291,-26.151112811726016,138.2075501070059,124.08019967142586,-23.990473802802246,139.67269847807765,124.08019967142586,-23.990473802802246,139.67269847807765,116.9819205899928,-21.91646624037608,136.06278470253497,116.9819205899928,-21.91646624037608,136.06278470253497,44.96391734239234,-34.64570376644975,142.17543827389653,45.236771785221165,-34.177437584091265,149.6031424103029,45.69251904961528,-32.07791292757792,156.733977014344,46.36563523775268,-29.68503029136295,166.13911219534847
0.40833317,43.4392,-28.2693,91.9364,33.14978150251598,-28.031443594876865,91.40454840023227,27.09670812241267,-30.919923753706964,47.20906121797429,22.047973824646043,-35.49671463071155,7.698707550249132,23.22178849115793,-35.13806962982752,4.295323537884016,14.42465644983677,-24.19116815428825,2.4147978314931597,12.675211674468105,-21.936957760119636,1.8856581886223247,53.72861849748402,-28.507156405123137,92.46825159976774,56.752199902100216,-32.655004553468444,48.06242525369095,58.798631491614636,-38.592465570674406,8.46364428623442,58.54835247694692,-38.93835613415641,4.870983715499819,68.33304998092507,-28.824991024425966,3.215658396134848,70.88081667168032,-26.200610309876552,2.4109321233071475,42.92911949800565,-32.77463569029128,99.78973503384218,43.418240703151035,-34.4232815470922,109.56358311563321,44.023256388417536,-34.82696236741513,119.46087450551786,44.635143304925755,-35.06724511848719,129.36305798399084,44.922886695809176,-30.41622143177743,138.80393845949035,26.22195000959576,-37.60533325495224,145.4610119225164,-1.2896712560754402,-26.65952005065543,147.59328542066575,-24.16302230246682,-21.151406748185504,148.12432402161704,-34.81851794640167,-21.193364635201412,151.31918128739068,-34.81851794640167,-21.193364635201412,151.31918128739068,-28.95193250186788,-17.79977455318903,146.65171170194984,-28.95193250186788,-17.79977455318903,146.65171170194984,44.922886695809176,-30.41622143177743,138.80393845949035,62.544256659640496,-39.12643363501256,146.50747743923188,91.31685398610719,-34.10147821427519,141.20331042181962,113.27238366269131,-26.174230847657615,138.2158419200461,124.08764047527058,-24.024330276253735,139.6843814809361,124.08764047527058,-24.024330276253735,139.6843814809361,116.99241160732414,-21.942891905592397,136.07274855740107,116.99241160732414,-21.942891905592397,136.07274855740107,44.96309867500392,-34.64522493612875,142.1749530617894,45.23647304686226,-34.17842589033554,149.60273042828052,45.6907331654054,-32.078987023826066,156.73368518153697,46.361402748071164,-29.685633850614302,166.13887541807998
0.4166665,43.4373,-28.2667,91.9364,33.14792341277853,-28.0268579848769,91.40462931246606,27.095894435440528,-30.916612415339497,47.209082400598525,22.04802628306263,-35.495581869101514,7.698870485857761,23.22181368154134,-35.1370585032509,4.29546425343241,14.424932052327478,-24.18999094791391,2.414733932390117,12.675499742387183,-21.935757868225927,1.8856497233293932,53.72667658722147,-28.5065420151231,92.46817068753396,56.75065122047863,-32.656722083363945,48.062588999320546,58.79856351605334,-38.59220405914133,8.46358789279192,58.54851819717549,-38.938264965532085,4.870927453622184,68.33288242054412,-28.824553403543046,3.215748857411729,70.88059257266956,-26.20009050506467,2.411111613141057,42.926412366840275,-32.772020515924346,99.7896912737002,43.41534889745358,-34.420955848589784,109.56349976262197,44.02055694020881,-34.82507534087845,119.46076149005631,44.633005397186,-35.065716898631216,129.36290153999647,44.92208316723598,-30.415041925639645,138.8039130368888,26.220836185234194,-37.60121088790412,145.46329182202754,-1.2928395891514448,-26.66383615721197,147.61229182723977,-24.167632844421412,-21.163174976240924,148.1582426865797,-34.820414040834194,-21.205969648740666,151.3621281758293,-34.820414040834194,-21.205969648740666,151.3621281758293,-28.958754400476188,-17.813958651560327,146.6873278154535,-28.958754400476188,-17.813958651560327,146.6873278154535,44.92208316723598,-30.415041925639645,138.8039130368888,62.54293563313131,-39.124182307695094,146.50984718018395,91.31903111982938,-34.11472070620822,141.21000334817683,113.27814612116588,-26.196724034192933,138.22435445722644,124.0950710366732,-24.057553854697602,139.69627400200417,124.0950710366732,-24.057553854697602,139.69627400200417,117.00289613190306,-21.968697711387627,136.0829257090121,117.00289613190306,-21.968697711387627,136.0829257090121,44.96229851720254,-34.644164898603556,142.17477771782393,45.23619589778889,-34.178820533647496,149.6026270936131,45.68896999273245,-32.079456543524806,156.73369839871336,46.357193360149964,-29.68562138478876,166.13894008887934
0.42499982999999997,43.4358,-28.2655,91.9366,33.1464616837023,-28.023851059869983,91.404906843657,27.095545901941218,-30.914988335707285,47.20929794747481,22.048640788132264,-35.49622695430559,7.699226052049561,23.222395851709052,-35.13780426407427,4.295798064056398,14.425569875615569,-24.190727738374157,2.4148596581556165,12.676110166635505,-21.93650318464457,1.885829722407135,53.7251383162977,-28.507148940130016,92.468293156343,56.749594172519494,-32.6595327196159,48.06295025741214,58.79910303563005,-38.59292493682489,8.463718574123192,58.549298880346214,-38.939153002771626,4.871057463754761,68.33317168055147,-28.8249378696506,3.21605103767979,70.88078437092192,-26.200351239703437,2.411508794310259,42.9241809599668,-32.77082752188934,99.78983963933878,43.41295790360119,-34.420060459044905,109.56360589696806,44.01836159118594,-34.824625027154205,119.4608374758334,44.63137203487682,-35.06563180658519,129.36293386844613,44.9216995340918,-30.415315261872554,138.80408357190765,26.220253437126498,-37.59887555965251,145.46571731825404,-1.2956355582283763,-26.670373147650714,147.63145263591866,-24.17194487021192,-21.177522902443293,148.19231865038208,-34.82199783010067,-21.221318670292675,151.40524795448252,-34.82199783010067,-21.221318670292675,151.40524795448252,-28.965332036696566,-17.83079942937917,146.72311213681024,-28.965332036696566,-17.83079942937917,146.72311213681024,44.9216995340918,-30.415315261872554,138.80408357190765,62.542168616475905,-39.12309029275527,146.51243697378808,91.32168793919725,-34.12862396093425,141.2170337546351,113.28425962239942,-26.219499173793793,138.233295763181,124.10279972893483,-24.09087905232418,139.7086354436016,124.10279972893483,-24.09087905232418,139.7086354436016,117.01366259640767,-21.99472125883382,136.0935548117514,117.01366259640767,-21.99472125883382,136.0935548117514,44.9619907310428,-34.64456223298671,142.17479177179237,45.23640054414985,-34.18068064142417,149.60271373058947,45.68764769821255,-32.08140957998822,156.7339091786941,46.35337623803487,-29.687116350931962,166.13921119037673
0.43333316,43.4335,-28.2634,91.9365,33.144181179893906,-28.020416419428166,91.40503785856103,27.094374092784374,-30.915396347296863,47.20952872385372,22.04797482234219,-35.49645379822256,7.6993712105686285,23.221802797778572,-35.13810649198117,4.295960430807763,14.425212429117963,-24.190900009556398,2.414676529546604,12.675807434943197,-21.936651513309393,1.8855676859005182,53.7228188201061,-28.506383580571836,92.46796214143896,56.747678350437035,-32.66158952032131,48.062910732054945,58.798386980292584,-38.593203771602276,8.46347479946322,58.54892463362249,-38.93959174156628,4.870805352456153,68.33302809900509,-28.825520818489203,3.2162813297671624,70.88073775406318,-26.200987140835764,2.411873405896012,42.92147606125036,-32.7691892312451,99.7894483535958,43.41058838996162,-34.41941612164739,109.56303006044698,44.01656850329943,-34.824757218217826,119.46019459065815,44.63001128454977,-35.066928889979934,129.36223578810464,44.921335613571756,-30.417997748114814,138.80403705266832,26.21825757631305,-37.59666536153163,145.46636337823145,-1.2979192897156686,-26.67145575445468,147.64501602582348,-24.173284661954657,-21.175824838903633,148.21703190550616,-34.82034955553807,-21.22368422560191,151.4397915089815,-34.82034955553807,-21.22368422560191,151.4397915089815,-28.968232054066526,-17.827829799819437,146.75583546503447,-28.968232054066526,-17.827829799819437,146.75583546503447,44.921335613571756,-30.417997748114814,138.80403705266832,62.54115812631234,-39.125575518414124,146.51409106244733,91.32332028383433,-34.138789892005434,141.2258179705625,113.28950240237052,-26.237494768125703,138.247919258273,124.10883125358585,-24.111690571026873,139.72153405044924,124.10883125358585,-24.111690571026873,139.72153405044924,117.01957099931485,-22.013441178981644,136.10790854553602,117.01957099931485,-22.013441178981644,136.10790854553602,44.961349208584764,-34.64773243038956,142.17413653514305,45.23663474425386,-34.185262785554826,149.60211413365246,45.685589305179334,-32.08554754776602,156.7333235138994,46.34790122307674,-29.690379934875434,166.13864411002854
0.44166649,43.4305,-28.2618,91.9372,33.14119658229408,-28.017661400004457,91.40596904045663,27.09254696955775,-30.916589900165818,47.210560300822856,22.046731141813144,-35.497554690810986,7.700317528734615,23.220631500534655,-35.13926161614713,4.296926004968737,14.424087892146941,-24.192079186551105,2.4152835312566285,12.674699146240556,-21.937837321618858,1.8860927197501585,53.719803417705926,-28.505938599995545,92.46843095954338,56.74513486852959,-32.6639917751125,48.063678222301874,58.797140387278155,-38.593860876620624,8.464048104332285,58.548026168315964,-38.94041871745839,4.87137088358663,68.33218506683124,-28.826324971684386,3.21731424903641,70.87994633567997,-26.201801229493658,2.41303739170961,42.91814981586972,-32.76805982674179,99.789857041869,43.40762626119199,-34.41927220674692,109.56325407289114,44.01418984835204,-34.825379376635354,119.46035145655352,44.628069076674315,-35.06870531365747,129.36233730898772,44.92030887828175,-30.421153082258144,138.804789103981,26.21572597538613,-37.595253409445526,145.46781032292927,-1.3009030230713492,-26.673774787380204,147.65942044086069,-24.175407044073413,-21.175735852423834,148.24263215444694,-34.81946125298074,-21.227857547146083,151.47525557168032,-34.81946125298074,-21.227857547146083,151.47525557168032,-28.97197346767612,-17.826566607839297,146.78946243703737,-28.97197346767612,-17.826566607839297,146.78946243703737,44.92030887828175,-30.421153082258144,138.804789103981,62.53963635066761,-39.12822483071174,146.5165457020662,91.32435101971149,-34.14861978453454,141.23540409765752,113.29401348424501,-26.254810549301183,138.26333256550842,124.11409858365523,-24.131645556660814,139.73519862137468,124.11409858365523,-24.131645556660814,139.73519862137468,117.02467475719892,-22.031422904489407,136.12304062732963,117.02467475719892,-22.031422904489407,136.12304062732963,44.96011870762166,-34.65137409781883,142.17428052391318,45.2362719698927,-34.190310477828895,149.60231331978576,45.6828943854594,-32.09016886167984,156.73354358619366,46.34174332120927,-29.694152078883803,166.1388911152763
0.44999982,43.428,-28.2594,91.9371,33.13871619668416,-28.013927742701867,91.40610377052255,27.091228573725246,-30.916772974409163,47.21079310003498,22.045963813137856,-35.49762324970881,7.700466678441579,23.219947133015587,-35.13941071078425,4.297095293299182,14.423648057687819,-24.192098243742805,2.4150662482664416,12.674316459917886,-21.937832609710483,1.8857877798166531,53.71728380331584,-28.504872257298132,92.46809622947745,56.742999406917235,-32.665823786952764,48.063641163527286,58.796190435485926,-38.59398362013044,8.4638165770155,58.54741710219918,-38.940707869622116,4.871131791641221,68.33178844565506,-28.8267442261425,3.2175363659908847,70.87964178891937,-26.202270392724802,2.413388333273826,42.91524783384151,-32.766108035030996,99.78947358112735,43.40506311563027,-34.418297849320496,109.56268844869699,44.012206760780984,-34.82516492160992,119.45971905489598,44.626521760864264,-35.06963903083255,129.36164960055183,44.91976160990992,-30.42345658528219,138.80474447562278,26.213563429971956,-37.59268684156088,145.46847286334568,-1.3033395872038938,-26.674500228698655,147.673007070396,-24.176888760422596,-21.173686159115608,148.2673933355666,-34.81793288934029,-21.229890096460096,151.50984330352557,-34.81793288934029,-21.229890096460096,151.50984330352557,-28.97500353696632,-17.823267540520497,146.82223729423959,-28.97500353696632,-17.823267540520497,146.82223729423959,44.91976160990992,-30.42345658528219,138.80474447562278,62.538444089070325,-39.13031887488254,146.51821098611347,91.32579316522406,-34.15840742738219,141.24418488019722,113.29905713079273,-26.272437199204735,138.277933626554,124.11993068640068,-24.15207998304254,139.748049812533,124.11993068640068,-24.15207998304254,139.748049812533,117.03037759784934,-22.049776650337655,136.13735618724795,117.03037759784934,-22.049776650337655,136.13735618724795,44.95929491198084,-34.654159374399164,142.1736342215458,45.236326648969865,-34.19449540039231,149.60172105128876,45.680653939465586,-32.0939137357043,156.73296508240963,46.33608174012106,-29.69703225870043,166.13833132034654
0.45833314999999997,43.4265,-28.2557,91.9364,33.13723169430502,-28.00909017059063,91.40563061932747,27.09092017517759,-30.91582129199525,47.21041443644717,22.046256725841076,-35.496522627219875,7.699993967279802,23.220312945949875,-35.13835714659341,4.296642777039299,14.42406322066913,-24.19106276698792,2.4142778982879545,12.674748242888565,-21.93680227002195,1.8849226251194313,53.71576830569497,-28.502309829409374,92.46716938067254,56.74197982162549,-32.666108267344214,48.0630149727897,58.79649587834266,-38.592524467490904,8.462998123231031,58.548072682321745,-38.939419536092274,4.870305599418451,68.3324833292303,-28.825417118059036,3.2171799597042385,70.88038415758284,-26.200949229051247,2.4131629897045537,42.91342566623108,-32.762878634268155,99.78848242705872,43.40360159354247,-34.416052304651586,109.56151283815616,44.011323252017746,-34.82368370779685,119.45847651725441,44.62606880130299,-35.06931024715097,129.36035182212464,44.9202103693344,-30.42450740227618,138.80409731934125,26.2125181657751,-37.589201232713975,145.4685105397961,-1.3048459148861085,-26.674792817725383,147.68596057151333,-24.177533105548974,-21.171613665983745,148.2915199343533,-34.81555766068175,-21.232100804557042,151.54378617519572,-34.81555766068175,-21.232100804557042,151.54378617519572,-28.977248767828463,-17.820041012668966,146.85437810999443,-28.977248767828463,-17.820041012668966,146.85437810999443,44.9202103693344,-30.42450740227618,138.80409731934125,62.538391654149386,-39.130838036207194,146.51930852500954,91.32829184474478,-34.16606651510634,141.25248667508706,113.30501157754605,-26.287514904868004,138.29212917121797,124.12662587686914,-24.169763579080332,139.7605480861311,124.12662587686914,-24.169763579080332,139.7605480861311,117.03692052089427,-22.06550610076627,136.1512920430961,117.03692052089427,-22.06550610076627,136.1512920430961,44.95954464691827,-34.65569653506364,142.1723785470876,45.23743855246222,-34.19743773260529,149.60051999362258,45.67942113606267,-32.0964196988556,156.7317811808287,46.33136885736281,-29.698678346290517,166.13717011809712
0.46666648,43.4241,-28.2525,91.9362,33.134837540680486,-28.004972823392155,91.40574439386636,27.089623288336252,-30.914153498808723,47.21053928413712,22.046072278094265,-35.49658867517544,7.700177848793558,23.220210387302345,-35.138347468598965,4.2968628792358015,14.424165216429902,-24.1908712599583,2.414599610397412,12.67490657714933,-21.93656856864353,1.8852378496578703,53.71336245931952,-28.500027176607848,92.46665560613364,56.74015007887901,-32.66675141930459,48.062814915925266,58.796189074284506,-38.59313585157184,8.46287235409379,58.547697590819645,-38.93978729919901,4.8701610380953255,68.33234992672827,-28.82593594660697,3.2175417585666475,70.88028179767923,-26.20151371887275,2.413474117651474,42.91086727341153,-32.760356419606,99.78788298029636,43.4013828878182,-34.41487141299847,109.56066935927052,44.00972565375022,-34.82356140030176,119.45755122245431,44.625053109991626,-35.07056482690967,129.35935613212808,44.92042082885351,-30.427367745996172,138.8038529702053,26.211531265662778,-37.58773934900555,145.46955013247947,-1.3036187642330006,-26.669662660602537,147.69639586096565,-24.174754575526137,-21.160813455509984,148.30895555351475,-34.81269495706465,-21.21468216797094,151.56161345614055,-34.81269495706465,-21.21468216797094,151.56161345614055,-28.972142014245833,-17.805414330093843,146.87296920801174,-28.972142014245833,-17.805414330093843,146.87296920801174,44.92042082885351,-30.427367745996172,138.8038529702053,62.53654948519382,-39.13616421670607,146.5209679774484,91.3280483113549,-34.1721441447543,141.26218278422894,113.30602961471635,-26.29440506943279,138.3090374897595,124.12823437613804,-24.179005230705876,139.77649394738953,124.12823437613804,-24.179005230705876,139.77649394738953,117.0381850288696,-22.071924073587713,136.16956173228206,117.0381850288696,-22.071924073587713,136.16956173228206,44.95950573185265,-34.659121834298226,142.17142728987463,45.23764838735014,-34.201928028656965,149.59962505176654,45.67767329945453,-32.10067746636348,156.73093879144233,46.32616885162798,-29.70255037648036,166.1364680410901
0.47499981,43.4218,-28.2497,91.9353,33.1325391260867,-28.001435127246165,91.40515847973066,27.088395193182752,-30.913095280804953,47.20997026292906,22.04596742805836,-35.49728466841065,7.699668953244441,23.22017502306937,-35.138941073865524,4.296388736208684,14.424137671196782,-24.191435136587614,2.4142618388590007,12.674894607083377,-21.937120227937257,1.8849006387433607,53.7110608739133,-28.497964872753837,92.46544152026934,56.738495273512285,-32.66756231287886,48.06191462889022,58.7961603085547,-38.593872479395664,8.462045410623816,58.54760654332633,-38.940283965052814,4.8693152576627545,68.33230615573916,-28.82639540429468,3.217203676862625,70.88021845104548,-26.201969786029927,2.4130850729100835,42.90848769199931,-32.75824312108459,99.78658348451869,43.39937196915389,-34.414089178344305,109.55912591223421,44.00834311966639,-34.823823737240964,119.45592593898473,44.624256881965884,-35.07218990747111,129.3576603084422,44.92076805286467,-30.43059038189228,138.80290655804728,26.210806729264142,-37.58696429506335,145.4698885232439,-1.3022982065364808,-26.665653657716057,147.70612473487,-24.17196714011942,-21.151499758028592,148.32568254401517,-34.80982121104097,-21.19889039682733,151.57872354037474,-34.80982121104097,-21.19889039682733,151.57872354037474,-28.96706967089008,-17.792348509964256,146.8908372824888,-28.96706967089008,-17.792348509964256,146.8908372824888,44.92076805286467,-30.43059038189228,138.80290655804728,62.53498113334835,-39.14157634698453,146.52192268131606,91.32799804868729,-34.17785054052973,141.27117752740315,113.30710240464376,-26.30053829129152,138.32526074684455,124.12985877090203,-24.18729790423279,139.79176016177243,124.12985877090203,-24.18729790423279,139.79176016177243,117.03943038302965,-22.077517673338537,136.1871515273233,117.03943038302965,-22.077517673338537,136.1871515273233,44.95967688574097,-34.66290742516688,142.16977537639045,45.23805907118315,-34.20677115850711,149.59802917977964,45.67608655264865,-32.10529136228945,156.72939833963036,46.32108395295362,-29.706782109277427,166.1350706815321
0.48333314,43.4196,-28.2462,91.9351,33.13034075625724,-27.997197500626818,91.40527287691178,27.087338571928264,-30.911335405043424,47.210091837297995,22.046097233915358,-35.49727755144817,7.6998425329499085,23.22037993215923,-35.13883189661966,4.296598977055084,14.424356547306784,-24.191293740718834,2.4145942113266408,12.67513055561026,-21.936966117875773,1.8852307409586333,53.708859243742765,-28.495202499373185,92.46492712308823,56.736948511565345,-32.66759591648755,48.0617075235038,58.796244382546924,-38.59376945579781,8.461902632725142,58.547628085818125,-38.93993526136007,4.869153126335878,68.33237452827743,-28.82600657125584,3.217564646033759,70.88026718151167,-26.20157607896517,2.413399713740691,42.90620825695864,-32.75542978315593,99.78598393974694,43.39746130101478,-34.41260861559178,109.55828191946657,44.007061166470976,-34.82339126218005,119.45499979266563,44.623561520726525,-35.073123514185355,129.35666329714363,44.92121809083952,-30.433126600985776,138.8026609129472,26.21018778300719,-37.585506037715525,145.47092920782148,-1.3008685879012525,-26.660964725182822,147.71656856165015,-24.169066780166638,-21.141506492905698,148.34314218176044,-34.80682621694211,-21.18241375026094,151.59658060786504,-34.80682621694211,-21.18241375026094,151.59658060786504,-28.96188290885815,-17.778606006059913,146.9094406142692,-28.96188290885815,-17.778606006059913,146.9094406142692,44.92121809083952,-30.433126600985776,138.8026609129472,62.53351624737309,-39.14630685729141,146.52356968759867,91.32804764779829,-34.18290140019608,141.28083287001914,113.30828742591278,-26.306072486419907,138.34210392714382,124.13159784355149,-24.195008899784977,139.80764920705894,124.13159784355149,-24.195008899784977,139.80764920705894,117.04079836861642,-22.08252534132521,136.2053545529167,117.04079836861642,-22.08252534132521,136.2053545529167,44.95995141386375,-34.66600818127998,142.16882198290415,45.23857449999371,-34.210933240920504,149.59713184969297,45.674604602548015,-32.109216428917996,156.72855356589463,46.31610385075361,-29.710318447763296,166.13436600698464
0.49166646999999997,43.4175,-28.2422,91.9347,33.12824661007804,-27.992297731320615,91.40518291426218,27.086285231589926,-30.908824627330663,47.21001716261341,22.046109285116,-35.49644576955734,7.699826852087433,23.220462549775746,-35.13791793808762,4.2966163021148605,14.424618825747539,-24.190210762790173,2.414755046226303,12.675443604925256,-21.93584328827702,1.8853935236176853,53.70675338992196,-28.492102268679385,92.46421708573783,56.735439660059704,-32.6674213994159,48.06131321804484,58.79627928279179,-38.59356368131741,8.461583958944637,58.54759616155174,-38.939486627122,4.868815685819277,68.33255013506717,-28.825675888564998,3.2177345004035676,70.88046495700276,-26.201282370668597,2.413519141818397,42.903954300551014,-32.752107541597034,99.78518455417395,43.39554565628802,-34.41062595183089,109.55723826167474,44.00576323977729,-34.822465396935364,119.45387414527966,44.622841653865756,-35.073572715630846,129.3554668649265,44.92171232592412,-30.43518097286807,138.80221445910163,26.209498916505908,-37.58326959447589,145.4717637105901,-1.2993541590809947,-26.65511436115141,147.72679082841722,-24.166001175320872,-21.1300314323586,148.36036411119525,-34.80366673057611,-21.16433277001083,151.61418583090202,-34.80366673057611,-21.16433277001083,151.61418583090202,-28.956483577178386,-17.76331796618875,146.9278121551727,-28.956483577178386,-17.76331796618875,146.9278121551727,44.92171232592412,-30.43518097286807,138.80221445910163,62.53196695714104,-39.15079806261745,146.52503385415235,91.32807768247332,-34.18805211757768,141.2903532125665,113.3095373295184,-26.311929359168914,138.35886479884144,124.13342254692728,-24.20315232378753,139.82345656662858,124.13342254692728,-24.20315232378753,139.82345656662858,117.0422725140826,-22.08788800438087,136.22348450777923,117.0422725140826,-22.08788800438087,136.22348450777923,44.96020185563096,-34.6686267113094,142.16766878619865,45.23906945249299,-34.214615609168156,149.5960345745166,45.673130291366505,-32.112680359328806,156.72751204388712,46.3111624082099,-29.713421274203974,166.1334682072297
0.4999998,43.4154,-28.2383,91.9337,33.12614771058365,-27.987861444257216,91.40441494963683,27.085170840918337,-30.906530650455764,47.209256043089646,22.046015665193313,-35.49628929243616,7.699183777737744,23.220529386769574,-35.13763771585637,4.2960416402351225,14.4246803534481,-24.189944741940856,2.414122584617023,12.675537080196854,-21.935570652592926,1.884683674244349,53.704652289416345,-28.48873855574278,92.46298505036317,56.73392194387644,-32.667389287378015,48.06043438406054,58.79608589653866,-38.5935924361395,8.460783176481073,58.54740401530226,-38.939184124230025,4.867982938412238,68.33255553947123,-28.82541102006925,3.2178422636187793,70.88046203043118,-26.201066464232188,2.413440756178265,42.901800548745456,-32.74900244294643,99.78372433304307,43.39366171374466,-34.40913995558013,109.5554895304837,44.00436054258654,-34.822503687352956,119.45203217961658,44.62176955625126,-35.07519503127678,129.35356399216718,44.92185796187154,-30.438639402705434,138.80117430366795,26.207335880484266,-37.581339749672495,145.47001857075838,-1.2975387445220044,-26.644702430742946,147.73244153229405,-24.162132999615835,-21.111887156935552,148.37258755927058,-34.80163647980038,-21.143099477707214,151.62042565822765,-34.80163647980038,-21.143099477707214,151.62042565822765,-28.95155188855545,-17.745823715688765,146.93496106804616,-28.95155188855545,-17.745823715688765,146.93496106804616,44.92185796187154,-30.438639402705434,138.80117430366795,62.5307399583802,-39.15685405944522,146.5241916461346,91.32795575731339,-34.19011471975672,141.2993869415295,113.30871480006556,-26.308570226186387,138.3772318223854,124.13182256531832,-24.19615864011469,139.84233128099547,124.13182256531832,-24.19615864011469,139.84233128099547,117.04024833593853,-22.083587680937,136.24161334627752,117.04024833593853,-22.083587680937,136.24161334627752,44.960046921566416,-34.67273063243009,142.1658199244914,45.23935371140518,-34.21995982543223,149.59424491340934,45.67157318245352,-32.11802444672117,156.72583418194336,46.305771009083315,-29.71799965010821,166.13185430624358
0.50833313,43.4126,-28.2339,91.9328,33.123348631519676,-27.982926125335982,91.40375066348977,27.083338433063098,-30.903813130304535,47.20860615465547,22.045187751609795,-35.49577680705261,7.698662001412252,23.219860624449087,-35.13700757304022,4.295587197335555,14.424007391140195,-24.189330560215915,2.4135949229178904,12.67489606362212,-21.934950500454686,1.8840759005977172,53.70185136848032,-28.484873874664014,92.46184933651023,56.731686096261065,-32.666932020354224,48.05965802303562,58.79515621201794,-38.5932703545879,8.460095087069135,58.546473930192484,-38.93853757043527,4.867263680508692,68.33180462993386,-28.824788328922057,3.2180395063922886,70.87969784143279,-26.200489660746584,2.413446253493576,42.89894985897682,-32.74538391229616,99.78237192439306,43.391082844314646,-34.40712554960745,109.5538507733682,44.002264848031366,-34.821998455989046,119.45030044333991,44.620006408537606,-35.07625851670345,129.35177135560082,44.921316098361004,-30.441523076311928,138.8002358665358,26.2044666525288,-37.578785503389796,145.46837059141,-1.2964290923730815,-26.63366509515628,147.73812699184316,-24.158967511904418,-21.09311902825244,148.384801976646,-34.80030950671183,-21.121252595605124,151.62663940051542,-34.80030950671183,-21.121252595605124,151.62663940051542,-28.947320956891957,-17.72771433474007,146.94209311923197,-28.947320956891957,-17.72771433474007,146.94209311923197,44.921316098361004,-30.441523076311928,138.8002358665358,62.52882937481938,-39.16235400108382,146.52341999232772,91.32714181470959,-34.19169714688414,141.30839432678567,113.3072038216245,-26.304786912225378,138.3954879838679,124.1295415330069,-24.188759500456168,139.86105793589866,124.1295415330069,-24.188759500456168,139.86105793589866,117.03753807369411,-22.07887706655366,136.25960908828623,117.03753807369411,-22.07887706655366,136.25960908828623,44.95920564584091,-34.67625382292157,142.16407994406237,45.23895428372163,-34.22471058986416,149.59256302681783,45.66933328008641,-32.122776321446565,156.72426392865322,46.29969636944686,-29.721990540220567,166.13034762457232
0.5166664599999999,43.4102,-28.2319,91.9328,33.120949568089316,-27.980390871270103,91.40398668928316,27.08183134267557,-30.903497719125678,47.208867052998706,22.044618287511557,-35.497661178450535,7.699059075283984,23.219444064941285,-35.138772860708194,4.296049611342587,14.42357669234606,-24.191116720837194,2.414002001195728,12.674495200551597,-21.936731601901723,1.8844059707306617,53.69945043191069,-28.483409128729896,92.46161331071684,56.729848289912844,-32.66887475216118,48.059781495044064,58.794625031161544,-38.59534175150668,8.46030592270261,58.545942428722896,-38.94028384011863,4.867443308804276,68.3314522099179,-28.826558125074044,3.219137668765722,70.8793319993371,-26.202305254593337,2.414352560775414,42.896499337368674,-32.74416534220137,99.7819194452168,43.388906005536214,-34.407511079440454,109.55311157678155,44.00057319773023,-34.82389491319396,119.44946781478058,44.61864928903485,-35.079725428170214,129.3508773979341,44.92118202216296,-30.446812154827455,138.8001964365247,26.202032127637157,-37.57867419712088,145.46765171391266,-1.2948928190358266,-26.625125509511484,147.74484543979614,-24.155379116504236,-21.076893107254218,148.39813380935556,-34.79854703624515,-21.10197491433953,151.63399665657502,-34.79854703624515,-21.10197491433953,151.63399665657502,-28.942677323630015,-17.71216626800505,146.95035085401088,-28.942677323630015,-17.71216626800505,146.95035085401088,44.92118202216296,-30.446812154827455,138.8001964365247,62.52734096180565,-39.17022703541108,146.52354992145933,91.32673096362763,-34.195561589229996,141.31830632854954,113.30606615464906,-26.30321669595243,138.41465020457716,124.12762708400604,-24.183544179863254,139.8806885081745,124.12762708400604,-24.183544179863254,139.8806885081745,117.03518768763736,-22.07636628382945,136.27851479261497,117.03518768763736,-22.07636628382945,136.27851479261497,44.95877286695532,-34.682182824296724,142.16323811223842,45.23896481948785,-34.231869820399865,149.59177916487837,45.66750307021028,-32.129940172141396,156.7235922740351,46.29402982968472,-29.72840277285874,166.12974041373124
0.52499979,43.4084,-28.2281,91.9328,33.11915511535761,-27.975875199055828,91.40421967152659,27.08096567753176,-30.901019242096744,47.20910791818456,22.044689037320197,-35.497232504123126,7.699418967963339,23.219681079482324,-35.138240945087276,4.296477798181428,14.424016791422925,-24.190430054389548,2.414381245589934,12.675009958770493,-21.936004655734372,1.884710115421828,53.69764488464239,-28.480324800944175,92.46138032847341,56.72855444887866,-32.669175329248155,48.05990264230909,58.79455178092497,-38.5957464200967,8.460506310810608,58.54586445699416,-38.94035350273352,4.867611876359092,68.33174903511222,-28.826837451289126,3.220245159162356,70.87966647286153,-26.202678158534894,2.415274130947918,42.89456732864315,-32.741151155942525,99.78145900674708,43.38721344384568,-34.40612624690686,109.55236156444585,43.99935334514683,-34.82404688596576,119.44862379425179,44.617754281542815,-35.08147383437455,129.34997171705996,44.92158423678826,-30.450404451260916,138.80015295728404,26.199994483569846,-37.5765472089065,145.46687294164235,-1.2927715931714978,-26.614093142822394,147.75141577087015,-24.151106233831683,-21.057774511285288,148.4112361710004,-34.79610488506787,-21.07966211507025,151.64109460115554,-34.79610488506787,-21.07966211507025,151.64109460115554,-28.937291709166256,-17.693649776427616,146.9583839154303,-28.937291709166256,-17.693649776427616,146.9583839154303,44.92158423678826,-30.450404451260916,138.80015295728404,62.52620321003076,-39.176759415169684,146.52369545349748,91.32678238358527,-34.198651556554765,141.3283318419863,113.30555414852525,-26.301308678443753,138.43401509874167,124.12637490774146,-24.1782120653958,139.90056196108316,124.12637490774146,-24.1782120653958,139.90056196108316,117.03355518772769,-22.07358940605983,136.2976433337815,117.03355518772769,-22.07358940605983,136.2976433337815,44.95880000337503,-34.68642123560526,142.16238493641194,45.23943777241771,-34.237354771507114,149.59098461979164,45.66616619709226,-32.13543671346305,156.72290966365904,46.28888939208181,-29.733159388235052,166.12912143894442
0.53333312,43.4062,-28.2239,91.9324,33.11696698535574,-27.970649938209444,91.40407889824687,27.079579247447562,-30.8974683946981,47.208968475543834,22.044163832208547,-35.49679572059206,7.6995321414823366,23.21930936907266,-35.13767282123231,4.2966578337912935,14.423684446414853,-24.189829296417457,2.414567140947169,12.674605158495169,-21.935405813517065,1.8851271639737348,53.69543301464426,-28.477150061790557,92.46072110175314,56.72688742416848,-32.66873772030476,48.059538918009785,58.79406577127344,-38.59547284394166,8.460228770666198,58.54519543364026,-38.939623121674956,4.8673032238475,68.33123785717362,-28.82613067118063,3.2207294664349986,70.87912996712426,-26.20198816453869,2.4156235600560723,42.892120514023084,-32.73794947440377,99.78046871652082,43.38473693800198,-34.404525455037145,109.5510998425025,43.9970931436255,-34.82369906165102,119.44729569774671,44.61561195609336,-35.082414721381745,129.34860266836597,44.92070081886319,-30.452614445363082,138.79936517389913,26.196607579042347,-37.57313615191535,145.4650603224199,-1.2921195515176933,-26.60200845627459,147.75655753331856,-24.148080310583715,-21.0363640370962,148.42000475752133,-34.793442213523186,-21.054920069168723,151.64868660310208,-34.793442213523186,-21.054920069168723,151.64868660310208,-28.932361365503926,-17.668772655344817,146.96891227749623,-28.932361365503926,-17.668772655344817,146.96891227749623,44.92070081886319,-30.452614445363082,138.79936517389913,62.523295275462914,-39.18138941256015,146.52478715645248,91.32452351111112,-34.19892739244241,141.3372014004207,113.30083618647029,-26.291868168508092,138.45075066222284,124.11977287931944,-24.16247490543628,139.92206096197975,124.11977287931944,-24.16247490543628,139.92206096197975,117.02726972217485,-22.061855851974496,136.31618391029156,117.02726972217485,-22.061855851974496,136.31618391029156,44.9575929286755,-34.68907336398401,142.16104360811482,45.23977660614674,-34.240664265610945,149.58962443860761,45.665032427069754,-32.13835035322769,156.72152076448552,46.28483985093216,-29.736155092990458,166.12794607782422
0.54166645,43.4047,-28.2199,91.9317,33.11547913091137,-27.965623874618878,91.40363526043474,27.078906958164,-30.89404147688146,47.20851936512374,22.044364886152437,-35.49641559179169,7.699326532043116,23.219659108239956,-35.13715627742684,4.29651797437053,14.424071865933676,-24.1892764553565,2.4144623257554123,12.674919385029337,-21.93485398687443,1.8852598909070766,53.69392086908863,-28.47417612538112,92.45976473956527,56.725933549374986,-32.668425277446126,48.05887200747052,58.79430663662121,-38.595264723093685,8.459639860275153,58.545254803502765,-38.938953708543885,4.866682734271484,68.33145586513398,-28.825482971683837,3.2209186454654266,70.87932295522374,-26.201356224740174,2.415682203907834,42.890371001736696,-32.73496110600781,99.77917041058843,43.38295257077091,-34.40315632921312,109.54952696168333,43.995519999854864,-34.823599839736936,119.44565587351971,44.614151586376536,-35.08362113707347,129.34692159692543,44.920494748802994,-30.455106404238407,138.79827319237268,26.193898027488487,-37.5699842048193,145.46296207933912,-1.2907665599130205,-26.590146591727887,147.76146162212368,-24.144338706847893,-21.015139786859173,148.42857592305728,-34.790057802252676,-21.030346497208452,151.65609734491622,-34.790057802252676,-21.030346497208452,151.65609734491622,-28.92670937595419,-17.64407371061247,146.97925518376232,-28.92670937595419,-17.64407371061247,146.97925518376232,44.920494748802994,-30.455106404238407,138.79827319237268,62.521046616263945,-39.18634919247103,146.5255600495919,91.32293918834507,-34.19959351037858,141.34579425629425,113.29680986019306,-26.28286933157619,138.46725500631615,124.11386308457428,-24.14721127835598,139.94332582151557,124.11386308457428,-24.14721127835598,139.94332582151557,117.02168229225043,-22.05056770617903,136.3345021774446,117.02168229225043,-22.05056770617903,136.3345021774446,44.95706123808066,-34.69201309879422,142.1593908108874,45.24078708944797,-34.24427441000206,149.58795333740116,45.66456544554852,-32.14157810165386,156.71982487594275,46.28145173676764,-29.739484458649667,166.12646816249003
0.54999978,43.4025,-28.2169,91.9306,33.11329116358133,-27.961598810746818,91.40279545916145,27.07751591878306,-30.89169109839267,47.20768171759316,22.043828911820498,-35.49717270578967,7.698742046047137,23.219276201106513,-35.13778155012066,4.296000282272366,14.423745871417061,-24.18985319043826,2.41396100245517,12.674524309046454,-21.935429460685466,1.884992329124481,53.69170883641868,-28.47220118925318,92.45840454083854,56.72426784966953,-32.66918792790408,48.05780780614657,58.79382313179112,-38.59619178808289,8.458662034227856,58.54458900974276,-38.93942415810147,4.865673899516275,68.33094881581567,-28.825977805838164,3.2207041046651645,70.87879086413484,-26.201867831983048,2.415333778957231,42.887924563254195,-32.732959271716545,99.77747987220022,43.380476763455334,-34.40275532640696,109.54756444226497,43.993260980087655,-34.82445015860853,119.44362669008561,44.6120108912922,-35.08575848233028,129.34485113697792,44.91961327096151,-30.458511831540868,138.79678273611574,26.190517744273894,-37.567765789044394,145.46045122726463,-1.290099773442524,-26.579260492111217,147.7659086274889,-24.14128809211379,-20.994926329259506,148.43665941744675,-34.787366630490176,-21.006793254648343,151.66300902058455,-34.787366630490176,-21.006793254648343,151.66300902058455,-28.921749412886317,-17.620395813652568,146.98910296869064,-28.921749412886317,-17.620395813652568,146.98910296869064,44.91961327096151,-30.458511831540868,138.79678273611574,62.518112379179506,-39.19220874360845,146.52597132394254,91.32067300465866,-34.201172225201596,141.35404928977317,113.2920867960767,-26.274754749483016,138.48344234229535,124.10724511365989,-24.132813680411154,139.96428664643358,124.10724511365989,-24.132813680411154,139.96428664643358,117.015392714602,-22.04016261455628,136.35250151712185,117.015392714602,-22.04016261455628,136.35250151712185,44.95585632215701,-34.69585989718176,142.15734740650217,45.24112826564132,-34.24877671259369,149.58589020080706,45.663431832875766,-32.145697133391735,156.71773620889954,46.27740146946058,-29.74370577088164,166.12459643249056
0.55833311,43.4012,-28.214,91.9296,33.112003471472576,-27.95767294519132,91.40205279991999,27.077041713230226,-30.889442472088987,47.206939198213895,22.044226112938084,-35.49804062014154,7.698251926510949,23.219821824086182,-35.13851869614964,4.295575251641685,14.424326329802483,-24.190559534891072,2.4135523470388094,12.675031146888799,-21.936138220821753,1.8848168870922106,53.69039652852743,-28.470327054808678,92.45714720008,56.72351814572105,-32.669898104689786,48.056833254091806,58.79426836628558,-38.596936401347904,8.457755105175508,58.54485311233925,-38.93970034350437,4.86473482209106,68.33138905679876,-28.826289302721676,3.220596042067699,70.87921061012327,-26.20219779252343,2.415100729778056,42.88637542985689,-32.73107074896736,99.7758813144381,43.37889482243057,-34.40248598299798,109.54569066794082,43.991892425426094,-34.82545252482273,119.44168542762105,44.610757270850314,-35.08806825461639,129.34286810051236,44.91961569964092,-30.462109431999615,138.79538909696717,26.188021103939835,-37.56575196261305,145.4580173726225,-1.2885635800166426,-26.568637620310582,147.7704818345535,-24.137373444665037,-20.975021595168776,148.4449073474332,-34.78380597993771,-20.98357060017315,151.67009912735344,-34.78380597993771,-20.98357060017315,151.67009912735344,-28.915931224981264,-17.59703502483481,146.99912777110677,-28.915931224981264,-17.59703502483481,146.99912777110677,44.91961569964092,-30.462109431999615,138.79538909696717,62.51608617311274,-39.19824141710727,146.52644424196606,91.3192808564055,-34.202839333928665,141.36227386293035,113.28821081788915,-26.266703549298356,138.49951865241448,124.10146994880016,-24.11847342283018,139.9851145336582,124.10146994880016,-24.11847342283018,139.9851145336582,117.00993997057141,-22.02981669677564,136.37038544251538,117.00993997057141,-22.02981669677564,136.37038544251538,44.95553409501595,-34.69990568751505,142.15539205196782,45.24234965469263,-34.253493648864975,149.5839157699737,45.66317543073054,-32.15003431880519,156.71573713730382,46.27422566220635,-29.748151689162878,166.12281521364804
0.56666644,43.3997,-28.2109,91.929,33.110525716405675,-27.953646223897504,91.4014700326027,27.07634559441555,-30.88677597317895,47.206339957228344,22.044289179730043,-35.498293310028394,7.697896609238043,23.21983856160905,-35.1386359219942,4.295218243950441,14.424080671974963,-24.190809910480787,2.4136471534598334,12.674861942636342,-21.936388469603674,1.8846593570556633,53.68887428359433,-28.468153776102493,92.4565299673973,56.72240068463694,-32.66946713449054,48.05640850485164,58.79380550965459,-38.597024366680415,8.45744226834482,58.54460804078697,-38.93999013836566,4.864426133596423,68.33097614869693,-28.826413592782774,3.2203063955242692,70.87884435073926,-26.2022174384893,2.41529969467453,42.884485835697106,-32.728835865604005,99.774757632867,43.37660500583393,-34.40165306087985,109.54434720428571,43.98931209154411,-34.82541284983453,119.44032601937953,44.6077243285644,-35.08867899789117,129.34151969897144,44.91637376339698,-30.463291685842382,138.79432719124142,26.18347854156183,-37.56313616495671,145.45734706365178,-1.2884314645741846,-26.55568507691608,147.7761620194335,-24.13525569263409,-20.954580166825,148.45568296707845,-34.78116599686304,-20.957916260396484,151.6826077408616,-34.78116599686304,-20.957916260396484,151.6826077408616,-28.912508699058616,-17.57457773614443,147.0103028808377,-28.912508699058616,-17.57457773614443,147.0103028808377,44.91637376339698,-30.463291685842382,138.79432719124142,62.5115673852131,-39.20043597025188,146.52714427198322,91.31583296563895,-34.20007178024783,141.37376053121446,113.28297107834175,-26.255546245608876,138.52054140066917,124.09462807591993,-24.102191553172172,140.01037272204204,124.09462807591993,-24.102191553172172,140.01037272204204,117.00373731908415,-22.017450806711754,136.3921307389192,117.00373731908415,-22.017450806711754,136.3921307389192,44.95161596538495,-34.70128349160363,142.15409065516258,45.23758257071378,-34.254725251479364,149.58263831546023,45.6580283216556,-32.15125659096692,156.71447934476373,46.26906306632275,-29.751300087264358,166.1220500092629
0.57499977,43.3984,-28.2085,91.9275,33.1092527351431,-27.950139052891586,91.39998413000457,27.07581823516176,-30.88444835863532,47.20483055766521,22.044453606614287,-35.498729723952884,7.696621826487785,23.219964164650804,-35.13895156593893,4.293942815978454,14.424135707463051,-24.1911019295896,2.4128391262229254,12.675033004816633,-21.93664892918827,1.8836022326899506,53.6875472648569,-28.466860947108415,92.45501586999542,56.72143028839313,-32.66981640086499,48.05507418643871,58.79340689042624,-38.5977988272129,8.45620151304638,58.54442368022375,-38.940950508855835,4.863188275104877,68.33080076454713,-28.827373178207417,3.2191267980229967,70.87876164571628,-26.203114040867103,2.4146189063789305,42.882714504484966,-32.72730529201434,99.77272594684682,43.374400599430764,-34.40154963189763,109.54209285135019,43.98680603056565,-34.8261302162242,119.43805515704484,44.604757348018595,-35.09007441335472,129.33925956208867,44.913273536575794,-30.465281713362558,138.7923623325814,26.178949038744875,-37.561044765111006,145.45571142769973,-1.2881109980013434,-26.54282611616251,147.78083344207715,-24.132856977412967,-20.933864567243052,148.46540171398271,-34.77825263455214,-20.931847114751868,151.6940249598434,-34.77825263455214,-20.931847114751868,151.6940249598434,-28.908750415954394,-17.55177096216095,147.0204203913838,-28.908750415954394,-17.55177096216095,147.0204203913838,44.913273536575794,-30.465281713362558,138.7923623325814,62.50706038243308,-39.203725370229265,146.5269118164431,91.31246389067482,-34.19889286290719,141.38423722621022,113.27793274354102,-26.246356583208883,138.54049901149227,124.08802362216657,-24.08807137333932,140.03455422452114,124.08802362216657,-24.08807137333932,140.03455422452114,116.99780734983796,-22.007114142222928,136.4128141775776,116.99780734983796,-22.007114142222928,136.4128141775776,44.947763528912276,-34.70347588361584,142.15187832564644,45.23288504860796,-34.25679022576132,149.58045080927837,45.652983410034935,-32.153345264205754,156.7123192995783,46.26404009448061,-29.755360985503422,166.1203914514004
0.5833330999999999,43.3975,-28.2049,91.927,33.10838005894866,-27.945414549867063,91.39950312813345,27.075591991296243,-30.880890916860064,47.20433881257041,22.044827521459364,-35.4979256108969,7.696375321989343,23.22029240131059,-35.13802770958078,4.293693194539793,14.424402848403986,-24.190143384330234,2.413077132181015,12.675417838619737,-21.935656617188506,1.8835951804273907,53.68661994105134,-28.464385450132934,92.45449687186657,56.72083104484755,-32.66898378948859,48.05473315591547,58.79334657365175,-38.597389965931285,8.45595212316168,58.54457469785788,-38.94072575302442,4.862941834460138,68.33099477680747,-28.82718089449765,3.218936532492097,70.87905687857561,-26.202867329190376,2.4149269205612907,42.881339111077104,-32.72457452322556,99.77169394529527,43.37259366237101,-34.40024599883669,109.54083787462993,43.98470124822839,-34.825645876919445,119.43678342255323,44.60219575141339,-35.09026660037468,129.33799826981587,44.9105906506301,-30.466064965263595,138.79139414484263,26.17482937214298,-37.55771275630556,145.45508454606568,-1.28735265215494,-26.528683339407785,147.78656266638575,-24.130007215922586,-20.911833183390332,148.4762213103769,-34.77487304027994,-20.9044463357475,151.70658318589093,-34.77487304027994,-20.9044463357475,151.70658318589093,-28.904541010491034,-17.527643243682032,147.03165500556395,-28.904541010491034,-17.527643243682032,147.03165500556395,44.9105906506301,-30.466064965263595,138.79139414484263,62.50295964106194,-39.20583361235491,146.52767142398739,91.30950356839602,-34.19653877040968,141.3957406188194,113.27330010174626,-26.23599594743305,138.56150314726779,124.08181824285684,-24.072777124431887,140.05979575819558,124.08181824285684,-24.072777124431887,140.05979575819558,116.9922868090122,-21.9956127251168,136.43453951063034,116.9922868090122,-21.9956127251168,136.43453951063034,44.94432302625915,-34.704460009392854,142.15066440320754,45.22860378743766,-34.25764277456811,149.5792611960068,45.64836210381023,-32.15420530137889,156.71115191689697,46.25945085303759,-29.75817021179425,166.11971859181864
0.59166643,43.3969,-28.2013,91.927,33.107802554678486,-27.940887919761806,91.39952097753155,27.0757929647518,-30.877724662933637,47.20434078216422,22.04578343918184,-35.497678756609474,7.696622447198294,23.22120192209533,-35.1376453387029,4.293938628267147,14.425067797016832,-24.189878510968526,2.413782533899377,12.676162942539591,-21.93538844274289,1.8840499342248724,53.68599744532152,-28.461712080238193,92.45447902246846,56.720616719704935,-32.66805298662066,48.05490825552484,58.7937898482114,-38.5969783307244,8.456239374699024,58.54523665260136,-38.94051607903856,4.86323325613545,68.33148967443093,-28.8268061533104,3.219248970638928,70.87959841031356,-26.202388047613205,2.4157285314419354,42.88034952596287,-32.72183939517532,99.77116994582218,43.371203676542684,-34.398912615132176,109.5400934616535,43.98302091356502,-34.8251056509414,119.43602283716493,44.60006306587194,-35.0903766277848,129.33724848510977,44.90824779250604,-30.46674802176607,138.79093149406847,26.1711750385831,-37.554594967351846,145.45497824736702,-1.2863183529020041,-26.515229669883304,147.79275328479022,-24.126975300605757,-20.89088301388142,148.48745979147677,-34.77131898532719,-20.878303919403027,151.71952571264498,-34.77131898532719,-20.878303919403027,151.71952571264498,-28.90020195911039,-17.50468188881127,147.04328683797902,-28.90020195911039,-17.50468188881127,147.04328683797902,44.90824779250604,-30.46674802176607,138.79093149406847,62.49936506266958,-39.20749583387287,146.5289486633764,91.30694014295193,-34.19321507703941,141.40768630673566,113.26889113050964,-26.224227806134564,138.58289375926077,124.0757927709767,-24.055858542194954,140.0853958389054,124.0757927709767,-24.055858542194954,140.0853958389054,116.98689902671714,-21.98262966267755,136.45664147280445,116.98689902671714,-21.98262966267755,136.45664147280445,44.94130328469666,-34.70533888470906,142.14996140209436,45.22473417208298,-34.258376261865465,149.57858192331875,45.64411176044961,-32.15494268994619,156.71049619295204,46.255187048597776,-29.760850871484816,166.1195584120784
0.59999976,43.3966,-28.1995,91.9261,33.10752796376954,-27.938253993365144,91.39853771241904,27.075409456737553,-30.874139357966474,47.203309172529785,22.04593408421797,-35.49810026699157,7.695991588580519,23.22147117168315,-35.1378666541376,4.293369931128127,14.425301098147647,-24.19007839183647,2.4135068506725434,12.67643034740925,-21.935569460839883,1.8837419385007848,53.68567203623046,-28.460746006634857,92.45366228758097,56.72035076365598,-32.668297326934386,48.05421027341353,58.793813946512586,-38.5970267096554,8.45552723943122,58.54537088499214,-38.94047205214845,4.862504669852484,68.33169560348614,-28.826740397073003,3.219080952937629,70.87976511046182,-26.202390878900935,2.41521217403725,42.87962145771854,-32.720431079734055,99.77001600628253,43.36979599452905,-34.397979301595335,109.53889208939428,43.98116428547636,-34.82406331683296,119.4348539054677,44.597325946038836,-35.089433246767314,129.3361317345532,44.904709793776455,-30.465960336143276,138.78991696380797,26.1660671700578,-37.550413926855214,145.4531578255511,-1.2871746913277882,-26.50267244031133,147.80127217258854,-24.125896314672794,-20.871572503730548,148.50484189592322,-34.770065371451835,-20.84848394991071,151.7374248941236,-34.770065371451835,-20.84848394991071,151.7374248941236,-28.896272230088705,-17.48185017740184,147.05951062299354,-28.896272230088705,-17.48185017740184,147.05951062299354,44.904709793776455,-30.465960336143276,138.78991696380797,62.49335815927802,-39.207719246749846,146.53240291236287,91.30201711650871,-34.191109973027274,141.41952484607063,113.26172531226268,-26.212575136386263,138.60426285864546,124.06721178002482,-24.04039150018715,140.1114261797564,124.06721178002482,-24.04039150018715,140.1114261797564,116.97896839426744,-21.969186942953215,136.4802461869546,116.97896839426744,-21.969186942953215,136.4802461869546,44.93695349040956,-34.70459964261895,142.1488936332159,45.22049742215911,-34.25655601432272,149.57744471996295,45.640417384160585,-32.153110765965444,156.70932363194513,46.252294464141436,-29.76208026378238,166.11911215576563
0.60833309,43.3959,-28.1965,91.9258,33.10685344063762,-27.934420066003934,91.3981544584952,27.0745529942569,-30.869355933808897,47.20288768674161,22.045546348637103,-35.497325283107294,7.6959797901437526,23.221196043320933,-35.13689061638136,4.293418330006408,14.424962169616437,-24.189102016965442,2.413855768772422,12.676119759890504,-21.934578463506668,1.8840595270496046,53.68494655936237,-28.458579933996067,92.45344554150479,56.719684501085936,-32.66734169425292,48.05411229965911,58.79343593052132,-38.59586743913076,8.455413871664852,58.54510380233578,-38.939219064714266,4.862374676370706,68.33150017995023,-28.825464723887123,3.2195173868853724,70.8795304247506,-26.201183536652934,2.4153011588028526,42.87849333526947,-32.71782271246128,99.76946204190199,43.367986485313594,-34.395844131851156,109.53829102047095,43.978904305770314,-34.821819062675445,119.43428535228813,44.594183924001754,-35.08728764851347,129.33561538727446,44.900765613088176,-30.463971756744943,138.789503454035,26.160552355535103,-37.5450317999792,145.45193428411073,-1.2884491922477608,-26.488958779868458,147.81038399605998,-24.12523764804968,-20.851135917144358,148.52280847170474,-34.769231274730686,-20.81755720393253,151.7558771341456,-34.769231274730686,-20.81755720393253,151.7558771341456,-28.892761017467368,-17.45790031938288,147.07630945247226,-28.892761017467368,-17.45790031938288,147.07630945247226,44.900765613088176,-30.463971756744943,138.789503454035,62.48694217423742,-39.20674358960614,146.53645920959565,91.29669189656173,-34.187813223448046,141.43201207433302,113.25416773077635,-26.199775295728323,138.62630230759092,124.05823769715339,-24.023796609193038,140.13813885571307,124.05823769715339,-24.023796609193038,140.13813885571307,116.9706547542726,-21.954606341780465,136.50452214246513,116.9706547542726,-21.954606341780465,136.50452214246513,44.93219676769623,-34.70265992449011,142.14842616692036,45.2158528959249,-34.25353649139214,149.57690776447853,45.63631427647759,-32.150080798341286,156.7087516969644,46.248991692458624,-29.762111852328385,166.11926556089475
0.61666642,43.3958,-28.195,91.925,33.10677898528304,-27.93208613768456,91.39727121576018,27.074369809126516,-30.866070612939318,47.20195611471823,22.045895015036987,-35.49804704371581,7.695450127983115,23.221657465455998,-35.1374132678696,4.292948727027698,14.425383970615664,-24.189604238728457,2.4136906113274716,12.676574862102864,-21.93506202791484,1.8838638410125865,53.68482101471696,-28.45791386231544,92.45272878423981,56.719617931988736,-32.66788608853445,48.05351433425903,58.793657557915935,-38.59620825845459,8.45480052219542,58.54543576403101,-38.9394659956703,4.861744732135641,68.33192153655438,-28.825706282403658,3.2194531360716376,70.87991710514879,-26.20149798360262,2.4148892750096396,42.87796515862209,-32.71671429335018,99.76840805268142,43.36677857068219,-34.39521051352457,109.53718949805373,43.977247652810384,-34.82107628250042,119.43321622027818,44.59164692649192,-35.086643386342985,129.33459827968062,44.897428014929645,-30.463484360492224,138.78858898697712,26.1556459963198,-37.5411507899057,145.4502129271937,-1.2890881992041017,-26.476697379965596,147.81900108072412,-24.12392894448144,-20.832116341471128,148.5402883173302,-34.767729966680974,-20.788028519649433,151.77386480392448,-34.767729966680974,-20.788028519649433,151.77386480392448,-28.888596092759606,-17.43536676362587,147.09262620757292,-28.888596092759606,-17.43536676362587,147.09262620757292,44.897428014929645,-30.463484360492224,138.78858898697712,62.48114598659902,-39.20723518843667,146.54001934476352,91.29195930165574,-34.185911091371345,141.44393633158742,113.24715534506797,-26.188278205575166,138.64773584532614,124.04979709740803,-24.008452127882883,140.16422859917495,124.04979709740803,-24.008452127882883,140.16422859917495,116.9628628332595,-21.94131730736077,136.52817756499147,116.9628628332595,-21.94131730736077,136.52817756499147,44.92804725136692,-34.702221287382045,142.14745766839064,45.21181702527123,-34.252018085902044,149.57586956430052,45.63282109999149,-32.14855205921699,156.70767843345502,46.24630032137389,-29.763645070139074,166.11891652335473
0.62499975,43.395,-28.1927,91.9243,33.10600459770609,-27.928952208413396,91.39648798421413,27.073486784974715,-30.86198528665194,47.20112456166677,22.04554118553448,-35.49796212457991,7.695020457398712,23.22142204456652,-35.13712740031626,4.292581280759745,14.425110488235038,-24.18929830702058,2.4136182295163455,12.67633525033467,-21.93473742650603,1.883759108371888,53.68399540229392,-28.4564477915866,92.45211201578587,56.71885105635833,-32.66763050973719,48.05301637721072,58.793180575670526,-38.59575690487141,8.454288440841061,58.54506894388968,-38.938922220016174,4.861216213866403,68.33160857011006,-28.825123653843733,3.2194848998851437,70.87956017116605,-26.20097950427168,2.4145726434602577,42.876736927782815,-32.71480582239395,99.76745403862164,43.364870551350755,-34.39377503575428,109.53618819338962,43.974890720647025,-34.81952983976092,119.43224737269514,44.588409422579225,-35.0851937702312,129.33368143644705,44.89338947211441,-30.462189970152647,138.78777392488,26.150039463613798,-37.53646223212391,145.44859153703126,-1.2904408140336407,-26.463677147816625,147.8277078117821,-24.123337154096337,-20.81237244557537,148.55784624138118,-34.76693928229312,-20.757796600258235,151.79191736685397,-34.76693928229312,-20.757796600258235,151.79191736685397,-28.885149539847657,-17.412118182726704,147.10901910766756,-28.885149539847657,-17.412118182726704,147.10901910766756,44.89338947211441,-30.462189970152647,138.78777392488,62.47463476770565,-39.206951083840494,146.5436720521625,91.28652395910126,-34.18329942966558,141.4559724816054,113.23945424995026,-26.176125850776913,138.66930329372678,124.04066863764194,-23.992490890776974,140.19047617786995,124.04066863764194,-23.992490890776974,140.19047617786995,116.9543960433722,-21.92737650624173,136.55198829796004,116.9543960433722,-21.92737650624173,136.55198829796004,44.923196878810636,-34.700975028032246,142.14658916892108,45.207080401716,-34.24969092638065,149.57493113113037,45.62862654959419,-32.14622599861589,156.7067083041338,46.242906687369164,-29.76439631904737,166.11867344305466
0.63333308,43.3948,-28.1909,91.9237,33.10585335967818,-27.92593053395354,91.39554942992226,27.073206978844457,-30.85991335072495,47.200266596516784,22.04527919919756,-35.49762156723279,7.69436343722689,23.221116119131686,-35.13679656910091,4.291908044125762,14.424636542702114,-24.189099178661802,2.412964216112198,12.675793540703726,-21.934570797309853,1.8831904748416077,53.683746640321814,-28.455869466046458,92.45185057007774,56.718732307010704,-32.66766641226604,48.05282208141812,58.793020423805366,-38.596005652770735,8.454123840844403,58.54505764460547,-38.939328417361075,4.86105637932277,68.33144089042358,-28.825385502556706,3.2192821311237982,70.87938641429542,-26.20119608658282,2.4144982246792988,42.875742989900324,-32.71322405204492,99.76667570715748,43.36302009436417,-34.391983614562456,109.53548865424175,43.97217143217959,-34.81709866881919,119.43162885528386,44.58451950725565,-35.08190301248597,129.33315841060642,44.88869098013848,-30.458336030008088,138.7870015349461,26.14521598191775,-37.5310218032143,145.44915207246487,-1.2923186578654082,-26.453394842534138,147.83967407627733,-24.123043376177257,-20.794837752133773,148.581457556374,-34.76474601994639,-20.737070430136537,151.82171813369962,-34.76474601994639,-20.737070430136537,151.82171813369962,-28.884338348304,-17.392214272210158,147.13649736495933,-28.884338348304,-17.392214272210158,147.13649736495933,44.88869098013848,-30.458336030008088,138.7870015349461,62.46747078751491,-39.202052684711774,146.54966270145545,91.28142928708726,-34.17986018261105,141.47225197385364,113.23425162979599,-26.168442472423553,138.6969538452983,124.03442548774282,-23.978520858850917,140.21647640037722,124.03442548774282,-23.978520858850917,140.21647640037722,116.9468806004781,-21.91877657576345,136.57742271664839,116.9468806004781,-21.91877657576345,136.57742271664839,44.917541636433995,-34.69691201229003,142.14608896668318,45.20052730234401,-34.245734028558694,149.5744716333466,45.6225548849119,-32.14256264630978,156.70630690618773,46.23784534746714,-29.762815832565963,166.1187329077861
0.64166641,43.395,-28.1883,91.9237,33.10610247694754,-27.922107944736744,91.39520746472665,27.073417022993713,-30.856963433666067,47.19998790737232,22.045586459662506,-35.496334241635374,7.694267587112442,23.221386642634492,-35.13551411668226,4.291798981709615,14.424729077008221,-24.18795800911169,2.4128652562407336,12.675816583363655,-21.933463880611058,1.8831751590800225,53.683897523052465,-28.45449205526326,92.45219253527334,56.71903707482334,-32.666827984867844,48.05322569856149,58.79330302582846,-38.5953195641313,8.454549103893548,58.54549023821455,-38.938794043687594,4.861485794155107,68.33171852696442,-28.824705039820188,3.219687846074983,70.87965845050384,-26.20046929579218,2.4150372850239847,42.87514604879143,-32.71085549952258,99.76648946406512,43.36156474710563,-34.389420149140044,109.5353786848202,43.96984522839338,-34.81390863278897,119.43159934847426,44.58102070036609,-35.07786668511416,129.33322394898664,44.88438331823831,-30.453747634591085,138.786823045345,26.14078331366812,-37.524854925197126,145.45029731883133,-1.2937966558441119,-26.442387789286606,147.8522685338756,-24.122340410408835,-20.776579344011665,148.6057318358187,-34.76213473544708,-20.715642543147958,151.85219518199227,-34.76213473544708,-20.715642543147958,151.85219518199227,-28.88312185773273,-17.37159425522065,147.16464791444997,-28.88312185773273,-17.37159425522065,147.16464791444997,44.88438331823831,-30.453747634591085,138.786823045345,62.460667790668154,-39.19646299297032,146.55625939211953,91.27669246534259,-34.17573634719022,141.48913520409062,113.22941558935393,-26.16011971761885,138.7251996534244,124.02855063895188,-23.963935242829464,140.2430655118266,124.02855063895188,-23.963935242829464,140.2430655118266,116.93974024565428,-21.9095496472868,136.6034477040799,116.93974024565428,-21.9095496472868,136.6034477040799,44.912277161918304,-34.69211839294708,142.1461774982418,45.194364637552525,-34.24105522685755,149.5746013000175,45.616873093705465,-32.13818624823728,156.70649727274002,46.23317156482563,-29.76053612945216,166.1193871899512
0.6499997399999999,43.395,-28.1869,91.9236,33.106146894561554,-27.919665817742718,91.39476876364681,27.073386955007344,-30.855654554368453,47.19963464347339,22.045658175144723,-35.49691431943366,7.69412324570348,23.221408345761837,-35.1360896458729,4.2916378401736335,14.42438990974037,-24.188823908776605,2.4127018333612815,12.675370137596376,-21.934394095618323,1.8830922232780707,53.68385310543845,-28.454134182257285,92.45243123635318,56.71919665522554,-32.6670319092173,48.05353164946092,58.79352319298031,-38.595707239649954,8.454885739138618,58.54586507401173,-38.939344127379414,4.861827294150483,68.33176061375968,-28.824940520856234,3.2199840709735916,70.87964864913577,-26.200615232515148,2.4154612560324256,42.87443082072279,-32.709682491168124,99.76621112268546,43.36002398274255,-34.388026869498454,109.5351792600645,43.9674447058525,-34.81186105965984,119.43148077551899,44.577455890410796,-35.07494480604913,129.33320044118815,44.879932319878336,-30.45025186959314,138.78654720300275,26.136322784910504,-37.52006207306669,145.45137084114387,-1.295471454575928,-26.43317606917146,147.86473885682472,-24.121914695147606,-20.760469065224928,148.62984438702026,-34.75980087585751,-20.696523321411796,151.88249705507036,-34.75980087585751,-20.696523321411796,151.88249705507036,-28.88222998479846,-17.35319948200115,147.19262532130537,-28.88222998479846,-17.35319948200115,147.19262532130537,44.879932319878336,-30.45025186959314,138.78654720300275,62.45390261182713,-39.191608533532026,146.5627442614313,91.27189905864883,-34.171837321627244,141.50589747602197,113.22437174323883,-26.15163180860599,138.75330800404583,124.02242610960816,-23.94899330787704,140.26950929902713,124.02242610960816,-23.94899330787704,140.26950929902713,116.93231731462109,-21.900100332793365,136.62932446777697,116.93231731462109,-21.900100332793365,136.62932446777697,44.90694467290864,-34.6884109603774,142.1461758946868,45.18812857730955,-34.23744337572557,149.57463975688597,45.61108357106959,-32.1348561758147,156.70659233963107,46.228350228620535,-29.75927334753513,166.11994076544954
0.65833307,43.3955,-28.1859,91.9238,33.10669610135696,-27.917460560202507,91.3946219463839,27.07392235229303,-30.85433688027424,47.199548684500876,22.046316718289617,-35.49727194684959,7.6942184713954305,23.222031108242952,-35.13645053789388,4.291720355643436,14.424817158368558,-24.189341075011352,2.4127892425359763,12.675724357926011,-21.934948516333154,1.8832622349939423,53.68430389864304,-28.454339439797494,92.4529780536161,56.71982613923609,-32.66785359613697,48.054149179070414,58.79415815930914,-38.59674466824548,8.455535857192942,58.54665216932443,-38.940539765248516,4.86248206413635,68.33237762767077,-28.825977547151744,3.220602229884867,70.880256274941,-26.201603293556374,2.4162094182249687,42.87413769560264,-32.708913731847026,99.76622507669514,43.35886905880281,-34.38706100106008,109.53526987589444,43.96541373911504,-34.810266173121974,119.4316520417935,44.574246934462344,-35.072501053574996,129.33346672639132,44.87590111839618,-30.447255770100867,138.78656952743054,26.132174547664167,-37.515518963489484,145.45270472787635,-1.2966727442368082,-26.42382717297268,147.87745855079498,-24.120927062472465,-20.743897043008328,148.6541893762578,-34.75690226619074,-20.67679354393812,151.91302189990282,-34.75690226619074,-20.67679354393812,151.91302189990282,-28.88072278301985,-17.334275318669533,147.2208329278906,-28.88072278301985,-17.334275318669533,147.2208329278906,44.87590111839618,-30.447255770100867,138.78656952743054,62.44740931999273,-39.1875442137409,146.56952823753545,91.26744223725973,-34.1691169142506,141.52296388865645,113.21976930144993,-26.144622783453347,138.78173557791283,124.01677269016585,-23.935693753321665,140.29626890364798,124.01677269016585,-23.935693753321665,140.29626890364798,116.92539476329644,-21.892177189868963,136.65553410048423,116.92539476329644,-21.892177189868963,136.65553410048423,44.90196169375231,-34.68520948913019,142.14646479570567,45.18224179903268,-34.234356367649404,149.57496976157432,45.605669297780075,-32.13207197581295,156.70698357196795,46.223930546411,-29.75858725722766,166.1207959668207
0.6666664,43.3955,-28.1845,91.9244,33.1067485663809,-27.914712716928815,91.39488742310122,27.07398205108094,-30.853623669874445,47.199948427413815,22.046043173263154,-35.49689518893775,7.694700169350895,23.221595150325015,-35.13633387676685,4.29211836533919,14.424708722298607,-24.18900136833831,2.4129533586650616,12.675723420642864,-21.934566544457248,1.8832512495843763,53.684251433619096,-28.454287283071185,92.45391257689879,56.71930212409466,-32.668385015296245,48.05510685129959,58.793791680387955,-38.595955302190106,8.456304050397101,58.54630186327917,-38.93999605642692,4.86327265706756,68.33153377511579,-28.825063385054218,3.220733620949569,70.8793200900898,-26.20057385938655,2.416424449988674,42.87328764694633,-32.70670551836564,99.76723459359444,43.35705596017436,-34.38339116712071,109.5365780973707,43.96265338330305,-34.805093809319885,119.43308241369684,44.57044344800034,-35.06650087238051,129.3349830708958,44.87162326577961,-30.441232322521792,138.78808961345894,26.127380120222444,-37.50863109661258,145.45368878444225,-1.300119227887489,-26.416151712806975,147.89005950115939,-24.123390533660167,-20.733819163222535,148.6780226595791,-34.755712207026455,-20.662228475822246,151.94866043200318,-34.755712207026455,-20.662228475822246,151.94866043200318,-28.884101410951722,-17.32428255120172,147.2475058485533,-28.884101410951722,-17.32428255120172,147.2475058485533,44.87162326577961,-30.441232322521792,138.78808961345894,62.44154037843386,-39.181564629317435,146.57459028200344,91.2639406787774,-34.166050238303725,141.5386615731861,113.21637074190082,-26.13914460363,138.80532981583963,124.01153322393462,-23.928078744747655,140.32983484536194,124.01153322393462,-23.928078744747655,140.32983484536194,116.9234148366872,-21.886727457217276,136.68154573907842,116.9234148366872,-21.886727457217276,136.68154573907842,44.89709745709043,-34.67917199280092,142.14800709885222,45.177584481559684,-34.22884874280133,149.57653639489152,45.601142213859,-32.12626242122303,156.7084534660738,46.21900907028086,-29.75193357882789,166.1220788878922
0.67499973,43.3963,-28.1835,91.9244,33.107606345720576,-27.912167122296534,91.39455458115833,27.074785021952756,-30.852917692698284,47.199745437909684,22.046418973203398,-35.49635829961304,7.694571423613283,23.22181497252922,-35.13607343922138,4.291906452191411,14.425465264585391,-24.188346235445934,2.4125283935582793,12.676630515002905,-21.933834762618083,1.8826554630925312,53.68499365427942,-28.454832877703463,92.45424541884168,56.71949114038704,-32.66957006123542,48.055462578198856,58.79402179722981,-38.59584944775941,8.45646871627504,58.546541665905295,-38.940129410196256,4.863459568546067,68.33147522048067,-28.825014356163557,3.2202664039346023,70.8792197587213,-26.200458436607143,2.4160415519271425,42.87315220036889,-32.704901245237515,99.76763594658517,43.35592522788577,-34.380150127505985,109.53727516340174,43.96056706968773,-34.80037591449011,119.43390072828475,44.567308603949954,-35.060981036075496,129.33588682813385,44.868102182810894,-30.435708643395813,138.7890037882921,26.123183620955466,-37.50185637861674,145.45402990477805,-1.3027363730815935,-26.408012856563744,147.9019412652814,-24.124902137643453,-20.722799249825638,148.7010647229654,-34.75356599881347,-20.64649443455994,151.98346368291678,-34.75356599881347,-20.64649443455994,151.98346368291678,-28.886448425050613,-17.313243609342962,147.27337652177025,-28.886448425050613,-17.313243609342962,147.27337652177025,44.868102182810894,-30.435708643395813,138.7890037882921,62.436274235305675,-39.17643064888004,146.57900368538998,91.26111777859569,-34.16429335416707,141.55370806385682,113.21377886989231,-26.135332746349906,138.8282787749571,124.0071267702233,-23.922315358939667,140.36276760720864,124.0071267702233,-23.922315358939667,140.36276760720864,116.92231063347337,-21.88299374682056,136.70693686378576,116.92231063347337,-21.88299374682056,136.70693686378576,44.89290859835598,-34.673639566619364,142.14893730307082,45.173610565623285,-34.22386239471944,149.57749156374027,45.59733930879319,-32.12099260299333,156.70931489958906,46.21485828785068,-29.74584632074032,166.12275693397817
0.68333306,43.3968,-28.1829,91.9254,33.10816393447388,-27.91003987880745,91.39522071389193,27.075296940369817,-30.852797937353614,47.20055143025195,22.04651456746192,-35.496550121904285,7.695467033627615,23.221754050520392,-35.13655092311641,4.292717766059912,14.425920365780089,-24.188452102147394,2.4130893462160437,12.67723208493049,-21.933869090506022,1.8830374384396598,53.68543606552612,-28.45576012119255,92.45557928610806,56.71938954683311,-32.671211784528225,48.05682709871719,58.79397117364704,-38.59627489879364,8.457653902100361,58.54650129779119,-38.94080156626924,4.864667695677904,68.33111965399985,-28.82549114235484,3.220800410525903,70.87881812016619,-26.20086605831768,2.416655328257382,42.87272419261049,-32.70348346947087,99.76904536412475,43.35450468057944,-34.37727851335666,109.53898276171721,43.958191744185804,-34.79601170024161,119.43572987821138,44.56388512218648,-35.05579910068912,129.3378016351123,44.864284191837875,-30.430508356675226,138.79092216107048,26.118725554775658,-37.49546485554629,145.45541088065892,-1.3056437028550185,-26.400347879746157,147.91489695592608,-24.12671585611609,-20.712328770166582,148.72520962688063,-34.751701682988546,-20.63132982713583,152.01938269168025,-34.751701682988546,-20.63132982713583,152.01938269168025,-28.889108764875154,-17.30277172768701,147.3003514342245,-28.889108764875154,-17.30277172768701,147.3003514342245,44.864284191837875,-30.430508356675226,138.79092216107048,62.4307385249714,-39.17154429910426,146.58444265280576,91.2580120772884,-34.16274941079266,141.56976470235787,113.21087476987266,-26.131666885432892,138.85222255707237,124.00239134212178,-23.91664934406816,140.39667333103154,124.00239134212178,-23.91664934406816,140.39667333103154,116.9208744565125,-21.879401046821513,136.73330210660447,116.9208744565125,-21.879401046821513,136.73330210660447,44.88843011724044,-34.66842547180391,142.15087790357452,45.169345962135054,-34.21918431177823,149.57945651396332,45.59324204428294,-32.116020995567574,156.7111833510895,46.21040956037514,-29.740043419526998,166.12443864889337
0.69166639,43.3973,-28.1823,91.9261,33.108721717927295,-27.907929179765976,91.39557912702139,27.07584573523105,-30.852556211161765,47.20103555800848,22.046684198708636,-35.49650244537986,7.696022239402254,23.221769219445413,-35.13677640926383,4.293190739521558,14.42643688029345,-24.188313022223625,2.413339812850025,12.677891964787738,-21.93365943408593,1.8831151803998287,53.68587828207271,-28.456670820234027,92.45662087297862,56.71932556272874,-32.67268269912046,48.05788729101065,58.79400169284119,-38.59638758101377,8.45851584249678,58.546545928062045,-38.941149828316554,4.865551261414424,68.3308136368427,-28.825603154699596,3.2210507607185193,70.87845700209095,-26.200897089642858,2.4169954298109237,42.87229780914209,-32.70207894732716,99.77014703717364,43.353081284758,-34.374432993264534,109.54038031151319,43.9558069260909,-34.791684676527694,119.43724859771837,44.560445075487294,-35.05066543245648,129.3394059746112,44.860434599673454,-30.425367457962714,138.7925359683499,26.114242636493127,-37.48917226613718,145.45646404056114,-1.3085680311915766,-26.39278197688706,147.92755676908308,-24.128539518084587,-20.701955886006665,148.74908095055628,-34.74983164243622,-20.61626077389935,152.05502571534151,-34.74983164243622,-20.61626077389935,152.05502571534151,-28.891776068169108,-17.292391426958684,147.32706334165132,-28.891776068169108,-17.292391426958684,147.32706334165132,44.860434599673454,-30.425367457962714,138.7925359683499,62.42515150073057,-39.166732718290916,146.58960223786733,91.25485529035659,-34.16124561572466,141.58560384573465,113.20792478420128,-26.12805253283271,138.8759819290454,123.99759747982449,-23.911042867616935,140.43042462548894,123.99759747982449,-23.911042867616935,140.43042462548894,116.91939780931733,-21.875855639340557,136.759504696635,116.91939780931733,-21.875855639340557,136.759504696635,44.88392452372272,-34.66327481063285,142.15250867443734,45.16504742542573,-34.21457713880585,149.5811122993412,45.589102447200254,-32.1111271545242,156.7127451421503,46.20590839551821,-29.734325126001245,166.12581600269996
0.69999972,43.3979,-28.182,91.9263,33.10936841697783,-27.90644812924007,91.3954856806039,27.076651714427257,-30.851761944413763,47.20096613386695,22.04743684200865,-35.49613085487035,7.69600929449517,23.222394678626255,-35.13649175196164,4.2931246885424645,14.426693765402064,-24.188338488899987,2.413192090383789,12.677945643934828,-21.933771928886387,1.8832676438508398,53.68643158302217,-28.45755187075993,92.4571143193961,56.719668602646074,-32.6742833032102,48.058434705477744,58.794743477434274,-38.59614035267391,8.458807774915137,58.54732522629168,-38.94105497951029,4.865855235179069,68.33141116697216,-28.82538639866599,3.221023186640931,70.8790118610708,-26.200662509567877,2.4168908411742027,42.87215158559126,-32.7004677242073,99.77105244890134,43.35210202273332,-34.37059591400766,109.54170741404678,43.95398060406101,-34.785886323452225,119.43870974250778,44.55772235872562,-35.04384301378392,129.3409485439096,44.857339554888476,-30.418639208276556,138.79413642098493,26.110789467372914,-37.48272458558708,145.45675951090513,-1.3130737474718153,-26.389876263656532,147.93207042473568,-24.131029208625478,-20.692361500682736,148.76317591653762,-34.74804341836625,-20.60676912503965,152.08283614708205,-34.74804341836625,-20.60676912503965,152.08283614708205,-28.896021362641346,-17.282546364405174,147.3476559339589,-28.896021362641346,-17.282546364405174,147.3476559339589,44.857339554888476,-30.418639208276556,138.79413642098493,62.421900391700824,-39.16056065949603,146.59093068469528,91.25440489706772,-34.162523359548004,141.59563001943738,113.20640264689811,-26.123092050193826,138.89584461062853,123.99493209739691,-23.909730532926275,140.4633661959546,123.99493209739691,-23.909730532926275,140.4633661959546,116.92159140341737,-21.871432282867392,136.78481452111518,116.92159140341737,-21.871432282867392,136.78481452111518,44.880224270914105,-34.656573328964015,142.15407954111143,45.16061122621893,-34.20785477533653,149.5827097188377,45.584684395664056,-32.103673376900154,156.71412571371073,46.20080686469275,-29.723077765007087,166.1262826462206
0.70833305,43.3981,-28.182,91.9264,33.10962005324528,-27.90508765275519,91.39529290423751,27.077078789532514,-30.850903419538234,47.20078286486978,22.047790249359718,-35.49554313338031,7.695867241642745,23.22262702949014,-35.136008024045815,4.292929850386683,14.426773138130168,-24.187987863369163,2.4129378601736455,12.677866214973202,-21.933472868729172,1.8833181872223121,53.68657994675472,-28.45891234724481,92.4575070957625,56.71952271313038,-32.67641595629002,48.058880723614664,58.794889974824706,-38.59645568101476,8.458997389483883,58.54750254993621,-38.94151863545701,4.866056969287825,68.33154670418917,-28.825864112524933,3.220889938159207,70.87914076060835,-26.201157846712352,2.41667904448653,42.87152735950607,-32.6991471014096,99.77185768410041,43.35061855046027,-34.36705752532516,109.54293364782845,43.95164551452587,-34.78039518876572,119.44006947618038,44.554488855977425,-35.03733654422805,129.34238941071698,44.85381474497944,-30.4122304630878,138.7956343295992,26.10677157985755,-37.4762665116177,145.45692220133444,-1.317931249838928,-26.386433936249084,147.93644025795976,-24.133754882723252,-20.68178958880453,148.77711086068476,-34.74646886693975,-20.596097951141516,152.11049047652725,-34.74646886693975,-20.596097951141516,152.11049047652725,-28.900428784566017,-17.271629426828444,147.36809918732564,-28.900428784566017,-17.271629426828444,147.36809918732564,44.85381474497944,-30.4122304630878,138.7956343295992,62.41805316629949,-39.155014397769186,146.5921878367908,91.25343445173313,-34.16487622275426,141.60560295754505,113.20446921770457,-26.11951217298688,138.91567874860831,123.99186881888228,-23.909954053736893,140.49628736336132,123.99186881888228,-23.909954053736893,140.49628736336132,116.92342754343932,-21.868440362212656,136.81010905287536,116.92342754343932,-21.868440362212656,136.81010905287536,44.87602068536207,-34.6501911128444,142.15554854268953,45.15567991908148,-34.201456491533555,149.58420518135122,45.57980926007177,-32.09655130141626,156.715404235173,46.19529518980113,-29.712171198390635,166.12664480594796
0.7166663799999999,43.3978,-28.1822,91.9269,33.10937203786786,-27.90392641375343,91.39549743205838,27.07694916531839,-30.850248465197083,47.2010049821397,22.04753608476835,-35.49515573368021,7.696136671735417,23.222246908838958,-35.13572322198877,4.293144959587041,14.42623005665215,-24.18784178679012,2.413107561853037,12.677162309320845,-21.933379430800606,1.8837950024218384,53.686227962132136,-28.46047358624657,92.45830256794163,56.718897214761455,-32.67867382047571,48.05972369160702,58.794575707163254,-38.59682890719383,8.459574968960368,58.54722075391926,-38.942034124361804,4.866645978742822,68.33122432207351,-28.826391324020534,3.2211655278566,70.87881231602942,-26.201701330821106,2.416882323847924,42.870401087394576,-32.698039619035214,99.77305484658788,43.34862892090038,-34.36374863762269,109.54454862415622,43.94880008953078,-34.77515018090664,119.4418170543307,44.55074063026224,-35.03109266034861,129.34421777703633,44.84977069270936,-30.406100084798517,138.79752759126856,26.10224402378149,-37.47010078374973,145.45749206287462,-1.3232956154313626,-26.38329172264148,147.94127183984608,-24.13697993468298,-20.67151787776269,148.79153624959824,-34.74537091518492,-20.585707425234638,152.13864518148347,-34.74537091518492,-20.585707425234638,152.13864518148347,-28.905322764424564,-17.261004734308,147.3890409487595,-28.905322764424564,-17.261004734308,147.3890409487595,44.84977069270936,-30.406100084798517,138.79752759126856,62.41369786651231,-39.14975728549798,146.59380297314183,91.25195145571176,-34.16755607675693,141.61589953086374,113.20202487448928,-26.116289035284417,138.9358103201891,123.9882833733996,-23.910552045201626,140.52948932053056,123.9882833733996,-23.910552045201626,140.52948932053056,116.92474762806741,-21.865808911716147,136.8357054819387,116.92474762806741,-21.865808911716147,136.8357054819387,44.87129639088348,-34.64409281789829,142.15740576324322,45.15022444504366,-34.19535446177105,149.5860896662534,45.574407021990076,-32.0897375781325,156.71707544546032,46.18925634086198,-29.70158861438477,166.12740197159286
0.72499971,43.3984,-28.1822,91.9276,33.11001886593853,-27.902763154662335,91.3959013073594,27.07784443414209,-30.84978497119376,47.20142160358565,22.04846068712421,-35.49512593944087,7.696600554706599,23.22304461249079,-35.13578026050895,4.29355586958955,14.426663383911396,-24.188205367772,2.4134382537442844,12.677393443397031,-21.93382934678214,1.884426234883847,53.68678113406148,-28.46163684533767,92.4592986926406,56.71925074687193,-32.680555459192696,48.06077443758175,58.79534437560646,-38.59685638102367,8.460370420235293,58.54802794481776,-38.94221416976655,4.867453440340466,68.33181443282307,-28.826415132608467,3.221642759564438,70.87935057234466,-26.20169830441523,2.4172828841164957,42.87026145988002,-32.696727851540956,99.77445993978489,43.347659981351775,-34.36020669242572,109.54637417590185,43.94698543994097,-34.76964079817955,119.44377543826019,44.54803008349793,-35.0245532113376,129.34625714935007,44.846678730512664,-30.39964975342133,138.79962262078882,26.0988068330926,-37.46396247526013,145.45828419245572,-1.3277798744216014,-26.38069794537252,147.94631766806262,-24.13942694616254,-20.66222586425553,148.80616484740244,-34.74348643244548,-20.576514156640272,152.16697378951957,-34.74348643244548,-20.576514156640272,152.16697378951957,-28.909496424980944,-17.251457013108897,147.41017798364152,-28.909496424980944,-17.251457013108897,147.41017798364152,44.846678730512664,-30.39964975342133,138.79962262078882,62.41046393912303,-39.143795576313394,146.5956698123981,91.25147430975197,-34.16889154167525,141.62644730908693,113.20039909697266,-26.11123218908907,138.95617977893016,123.98545050446606,-23.909073971981236,140.56292373968222,123.98545050446606,-23.909073971981236,140.56292373968222,116.92678400071735,-21.861265551224147,136.86153770003486,116.92678400071735,-21.861265551224147,136.86153770003486,44.86760687942359,-34.63766748510605,142.15947303568962,45.14579779116341,-34.18890402858039,149.58818306362937,45.56999698704199,-32.08253977921418,156.71894713164536,46.18417246835049,-29.690575163010624,166.12834850683336
0.73333304,43.3989,-28.1814,91.929,33.1105510796985,-27.901044021922125,91.39716183882028,27.07816815243738,-30.847981220356367,47.20270495090985,22.048526709914384,-35.49447016537102,7.698051716974078,23.223080354940617,-35.13508738556377,4.295000498415414,14.426669434257928,-24.187503387652843,2.415074828826622,12.677500834422313,-21.933106193948923,1.8858180033921221,53.68724892030149,-28.461755978077875,92.46083816117972,56.71895790952862,-32.68231137787224,48.06241752517166,58.79509717010168,-38.59704425125321,8.46178166541236,58.54772004217436,-38.94221691061582,4.868851073902558,68.33159142179667,-28.826441639504647,3.2233990109778174,70.8790535685979,-26.20182116813491,2.418490561847221,42.87024939601325,-32.694920243317284,99.7764050810806,43.3468422013011,-34.35529417091265,109.54888668806812,43.945252180717404,-34.761249690429025,119.446486632151,44.54541070574229,-35.014361137791795,129.34906828445025,44.84409164435272,-30.389765430146287,138.80258329124734,26.096271106182076,-37.45535153136844,145.46003828206503,-1.332510137606274,-26.375797399279563,147.94039336844202,-24.144046068567505,-20.65625065236008,148.79603097880477,-34.74466435275225,-20.56546428173095,152.16754557298643,-34.74466435275225,-20.56546428173095,152.16754557298643,-28.91314736305649,-17.241233068818477,147.4071414729386,-28.91314736305649,-17.241233068818477,147.4071414729386,44.84409164435272,-30.389765430146287,138.80258329124734,62.40708519235032,-39.13647274428932,146.59754048379892,91.24960032077023,-34.17510353774604,141.62352215821625,113.19508872302546,-26.106153178504865,138.9591120684248,123.97797914742186,-23.903964286097114,140.5802533357054,123.97797914742186,-23.903964286097114,140.5802533357054,116.92358932537094,-21.85452180285025,136.8716254896994,116.92358932537094,-21.85452180285025,136.8716254896994,44.86471831565921,-34.62788799502665,142.16230333278097,45.142610276793945,-34.179548221179665,149.59105013204822,45.56660372689685,-32.071660977375906,156.72137638153913,46.17984330541297,-29.674291480868693,166.12946317976534
0.74166637,43.3995,-28.18,91.9279,33.11117801958906,-27.898922790107395,91.39592139190364,27.078720738607508,-30.846046544554845,47.20148709323767,22.048980586074904,-35.49392585812056,7.697009985262568,23.223497558772298,-35.134497689398636,4.293950903204934,14.426851444654329,-24.187077487031257,2.4141719120009686,12.677742077229023,-21.93269411970423,1.8846604968224945,53.687821980410945,-28.461077209892604,92.45987860809635,56.71885285610104,-32.68329129396721,48.06156938005416,58.79515292392589,-38.59648777896948,8.460712507404203,58.547722472112426,-38.941486757456516,4.867768906405394,68.33146746094708,-28.825533721330256,3.222658221879679,70.87880071426929,-26.200957808111845,2.41719674429518,42.87042351946992,-32.692508496872115,99.77585821203877,43.34624074109155,-34.34975046517188,109.54890922339209,43.943741650129496,-34.75219616295424,119.44670742119524,44.543017402239634,-35.00347541158756,129.34938919698402,44.84164216712911,-30.379162992956793,138.80304455619253,26.0940207547468,-37.446370352024054,145.45933934848725,-1.337179620111332,-26.371095780476118,147.9320424845727,-24.148721727099698,-20.65095004154748,148.78350103700683,-34.745880445602914,-20.5553303599104,152.1657406503694,-34.745880445602914,-20.5553303599104,152.1657406503694,-28.91692162593647,-17.23179231867325,147.40172084343678,-28.91692162593647,-17.23179231867325,147.40172084343678,44.84164216712911,-30.379162992956793,138.80304455619253,62.403996548808365,-39.12808201926301,146.59695970093517,91.24790811217778,-34.179652561772016,141.61815128237166,113.1897896966658,-26.098964766937783,138.95961417811247,123.97045294574843,-23.896534128684678,140.595175251392,123.97045294574843,-23.896534128684678,140.595175251392,116.92031480404043,-21.84559587770579,136.8792964552968,116.92031480404043,-21.84559587770579,136.8792964552968,44.86204846861815,-34.61738331704389,142.1626426213418,45.13963277522131,-34.16944715404669,149.5914252705453,45.563381492917976,-32.06000228349233,156.7213054143375,46.175644592184916,-29.657181362003282,166.12806500534072
0.7499997,43.3997,-28.1796,91.9265,33.11140542611477,-27.89778334810221,91.3943825828101,27.078788377842542,-30.844927628864532,47.19997146118448,22.048868932546753,-35.4940425428062,7.695662574927525,23.223343345566505,-35.13455775490236,4.292594784825829,14.42647295035566,-24.187282708180305,2.413020018747173,12.677424628537615,-21.932908921555295,1.8832662240241045,53.687994573885234,-28.461416651897792,92.45861741718991,56.71833203598965,-32.68529188135614,48.060418859571215,58.79477576600539,-38.596953139023185,8.45934030985648,58.54729018057143,-38.94177755947549,4.866383749075074,68.33092672446315,-28.825664455768113,3.221612442775536,70.8781356089951,-26.201137574459533,2.415598071036291,42.87019107125049,-32.691109929064666,99.77500313173319,43.34523319301593,-34.345238088848085,109.54861935368298,43.94182761576491,-34.744194361399316,119.44661349531273,44.54022331398348,-34.99366169216164,129.34939430070452,44.83880196779999,-30.369653214866567,138.80319978502607,26.091370655972472,-37.43846644765202,145.45832469206624,-1.3422087480622196,-26.367385741585778,147.92340374197343,-24.15373617156454,-20.64656401005495,148.77070390298266,-34.747417094779536,-20.54611533508993,152.16368126684355,-34.747417094779536,-20.54611533508993,152.16368126684355,-28.921023539004985,-17.223266104270092,147.39604433894806,-28.921023539004985,-17.223266104270092,147.39604433894806,44.83880196779999,-30.369653214866567,138.80319978502607,62.400520114401374,-39.12082617648152,146.5960180412945,91.24582526598434,-34.18541826449263,141.61236063991362,113.18411527826086,-26.093064617247077,138.959674072458,123.96254396511665,-23.89043985161949,140.60963771298836,123.96254396511665,-23.89043985161949,140.60963771298836,116.91666751735706,-21.837973743688693,136.88652628402656,116.91666751735706,-21.837973743688693,136.88652628402656,44.858982227074115,-34.60797849015155,142.16266681269818,45.13626187598634,-34.16046351698284,149.5914862241248,45.55977247704545,-32.049490734106044,156.72092829088177,46.17107031827339,-29.641257890316943,166.1263666116516
0.75833303,43.4004,-28.1801,91.9272,33.11213736708685,-27.89738267821833,91.39494280449416,27.079318623484355,-30.84460982619632,47.20056474127146,22.04915044687447,-35.495021771405476,7.696440190221381,23.223594057466894,-35.135509574236124,4.293364665166861,14.426672945478474,-24.188249007917385,2.41394293426793,12.677721864444527,-21.933859310868314,1.8839358636649135,53.68866263291314,-28.462817321781667,92.45945719550583,56.71825209679072,-32.688404005989256,48.06137044500937,58.794757591197154,-38.59856519184291,8.460071231739512,58.54721245021698,-38.94321139490571,4.867101674188056,68.3309175308663,-28.827108998410527,3.2226722295170074,70.87804794159098,-26.202675806080393,2.416104991552669,42.87038730015809,-32.69058875503132,99.77625603771831,43.34462660705463,-34.341592671283784,109.5504394915273,43.94030656142939,-34.73704914274658,119.44862915487151,44.53781644565077,-34.98469441697794,129.3515091802383,44.83642013485615,-30.360974333486066,138.8054549264496,26.08905361762609,-37.431080518764794,145.4593888033021,-1.34674897200642,-26.363797582082256,147.91676673559698,-24.15818198374778,-20.641976823097075,148.75985237352643,-34.7483811998379,-20.536547749492907,152.16353069334855,-34.7483811998379,-20.536547749492907,152.16353069334855,-28.924490930191592,-17.214474047388855,147.39229613626884,-28.924490930191592,-17.214474047388855,147.39229613626884,44.83642013485615,-30.360974333486066,138.8054549264496,62.39734738364333,-39.11466364371012,146.59722920852897,91.24412709284289,-34.192747362558165,141.608766301957,113.17895577393547,-26.089090318231072,138.96196909041126,123.95516581089254,-23.88645648531327,140.62634953620358,123.95516581089254,-23.88645648531327,140.62634953620358,116.91359880987012,-21.832342289272958,136.89600105469384,116.91359880987012,-21.832342289272958,136.89600105469384,44.85630674384134,-34.59939766112333,142.16479999811514,45.13328719112306,-34.1522910135643,149.59365515756147,45.55659322200119,-32.03976813008991,156.7226502181236,46.166967398690396,-29.626095112178824,166.1267539188193
0.76666636,43.4001,-28.1805,91.9278,33.111809281400085,-27.898246704451363,91.39583949702745,27.0792513813985,-30.843178170652394,47.20127279372661,22.049954368457897,-35.49476500263581,7.69717564937784,23.22425052479471,-35.13541621329228,4.294031980883968,14.42733605781596,-24.188168492362376,2.414504328186359,12.67844100651242,-21.933778523861054,1.8843135565327989,53.68839071859992,-28.462753295548634,92.45976050297256,56.717511145163535,-32.69128378758105,48.06192202440102,58.79533282758112,-38.59908178501907,8.460339233210178,58.547833179570326,-38.94364288083581,4.867358378949458,68.33138473388813,-28.827333589221425,3.2232883377400805,70.87850512238911,-26.20280609872743,2.416996332493933,42.8705139344514,-32.68962114400949,99.77767057615114,43.3444681226618,-34.33853256094101,109.55222108279801,43.93951819702275,-34.73201233071214,119.450527408639,44.53600226576418,-34.97746618324862,129.35352383408582,44.833756978767006,-30.35138544386154,138.80634144946148,26.084610611649268,-37.41955900507336,145.457312946392,-1.352994678820611,-26.353965159157113,147.90213817564668,-24.166468799663765,-20.63866655757339,148.7341614159202,-34.760233140918714,-20.527857963879395,152.12655575744105,-34.760233140918714,-20.527857963879395,152.12655575744105,-28.930435686703948,-17.210982662643943,147.35892000870254,-28.930435686703948,-17.210982662643943,147.35892000870254,44.833756978767006,-30.35138544386154,138.80634144946148,62.39480909179153,-39.10499155591607,146.597927780796,91.24229149056892,-34.20245506177996,141.59446729670174,113.17149788261926,-26.084406835598845,138.94518394978385,123.94532960214076,-23.87485331647997,140.61577790297716,123.94532960214076,-23.87485331647997,140.61577790297716,116.9050313778631,-21.82631991016948,136.87996975075268,116.9050313778631,-21.82631991016948,136.87996975075268,44.85329456254838,-34.588969064950966,142.1667477387507,45.130318206143386,-34.140766538636775,149.5955352507741,45.55430827029957,-32.0258291756668,156.72377373434847,46.16578364116978,-29.605869239621356,166.12619003363847
0.77499969,43.3987,-28.1813,91.9279,33.1103810225401,-27.899511594834337,91.39623965471102,27.078067529021233,-30.842222696178542,47.201491691407334,22.049625756840793,-35.49504487912951,7.697431156221462,23.223773098601953,-35.13586474362154,4.294218336885639,14.426864710288042,-24.188632604688564,2.4145714807115075,12.678025506695668,-21.934243172587745,1.8841942439162787,53.68701897745989,-28.463088405165664,92.45956034528896,56.71565669917918,-32.694560712612,48.06196921793281,58.79478000097073,-38.599985786481085,8.460100819044548,58.54732485033103,-38.94446021240718,4.867108589453067,68.33073875822934,-28.827959064627343,3.2234000283902695,70.87785318569341,-26.203341083050542,2.417383797915888,42.869543498471295,-32.68903999368078,99.77859274018292,43.34321443207752,-34.335843897283326,109.5535122687589,43.937636597505865,-34.727330116716665,119.45193536891183,44.53309681370015,-34.970575726612154,129.35504789703128,44.83000637496685,-30.342120262234538,138.8067295713526,26.079070941692112,-37.40834931184848,145.45472297053357,-1.360331877874465,-26.344442820561056,147.8869786515033,-24.175840447415066,-20.635668869421465,148.70793597561297,-34.77316268157031,-20.519481745212293,152.0890190636945,-34.77316268157031,-20.519481745212293,152.0890190636945,-28.93745489709251,-17.207813938217733,147.32499537105136,-28.93745489709251,-17.207813938217733,147.32499537105136,44.83000637496685,-30.342120262234538,138.8067295713526,62.39118521148799,-39.095633052051184,146.5981351281336,91.2393561333825,-34.212541527577066,141.57965196439102,113.16295148463732,-26.08018224822973,138.92782209314157,123.93440321803803,-23.863737078553658,140.60462237811961,123.93440321803803,-23.863737078553658,140.60462237811961,116.89538585584617,-21.820768590379924,136.86335720643575,116.89538585584617,-21.820768590379924,136.86335720643575,44.849195902992754,-34.578858803466936,142.1682032641323,45.12626539085082,-34.129550439835576,149.59692226512897,45.55094301343899,-32.012189510960496,156.72440029850418,46.16352663881463,-29.585930063517687,166.12512084971812
0.7833330199999999,43.3979,-28.1802,91.9278,33.109553024217746,-27.898859072463747,91.39644456490478,27.077461716759807,-30.839413085443706,47.20152269818758,22.049853816358937,-35.493534529332116,7.697509078362003,23.223851573377374,-35.134530831266225,4.294226037695141,14.426964007831142,-24.18730524562779,2.414443567226461,12.678183626439871,-21.9329148611603,1.8838764583877095,53.686246975782254,-28.46154092753625,92.45915543509523,56.71437174116032,-32.696033325781904,48.061817262807196,58.794766540301254,-38.599161580307005,8.459673204936607,58.54735321059761,-38.94355615709096,4.866670440761945,68.3306291437054,-28.8268671534118,3.223296892383122,70.87773723427951,-26.20216045678101,2.4175495677252368,42.86916900157426,-32.68655857217406,99.77931443383996,43.3425599889793,-34.33125496121052,109.55460234782664,43.93635949973118,-34.72074962607461,119.45314138586015,44.53080134674345,-34.961789026318975,129.35636903842124,44.82687728128557,-30.330960618013872,138.80691447452276,26.074145227772384,-37.395217135903444,145.45193586038707,-1.3670340044824378,-26.33295528041302,147.87159836243728,-24.184562219746873,-20.630672655221527,148.68146331911245,-34.7854385047909,-20.509131157244877,152.05119780187584,-34.7854385047909,-20.509131157244877,152.05119780187584,-28.943811994398203,-17.20264625860858,147.29082932013714,-28.943811994398203,-17.20264625860858,147.29082932013714,44.82687728128557,-30.330960618013872,138.80691447452276,62.38817133138666,-39.084410187400415,146.59813137319082,91.23701693814591,-34.22081541749573,141.5646162285307,113.15498757231748,-26.07414293517694,138.91022496396118,123.92404968707379,-23.850796268004014,140.59322573548667,123.92404968707379,-23.850796268004014,140.59322573548667,116.88631798723895,-21.81340026884302,136.84650706209968,116.88631798723895,-21.81340026884302,136.84650706209968,44.84571323606454,-34.56685420323942,142.16945485843678,45.12283215316051,-34.11644126955728,149.5981051259793,45.54820457692819,-31.99664624038722,156.72481817183035,46.16190782042348,-29.5640761385338,166.1238346903227
0.79166635,43.3975,-28.1814,91.9278,33.109124818086826,-27.900523875771775,91.39674489077734,27.077278232094898,-30.838857502715467,47.20164194362007,22.050526038069698,-35.49421424338183,7.697664983230439,23.224375004932075,-35.135379187978764,4.294312834302854,14.427511007735223,-24.188153825779047,2.414418772385241,12.6787902171109,-21.933760854553444,1.8836662758043572,53.685875181913175,-28.462276124228225,92.45885510922267,56.713509842865506,-32.69971002034394,48.061764161888625,58.795197842226344,-38.60046447474691,8.45933429158697,58.547828279335896,-38.944772352177836,4.86632020471027,68.33096570055393,-28.827891001571942,3.2233062256687477,70.87806750425338,-26.20309371112507,2.4178341868903845,42.86919853317908,-32.686377100922115,99.78013607500483,43.34230614604114,-34.328964145468866,109.55579237154775,43.9354776264564,-34.716463564950445,119.45444737286603,44.528895463283135,-34.95529309749871,129.35778997855823,44.824125930428494,-30.322087407710512,138.80719661354772,26.069607430924886,-37.384401826455644,145.44923995446035,-1.3733646696996402,-26.323835756410933,147.8562883824151,-24.192915981808767,-20.62808726604095,148.65505573807425,-34.79732583927934,-20.501189846323147,152.0134555728935,-34.79732583927934,-20.501189846323147,152.0134555728935,-28.949796817981934,-17.1999025320751,147.25672800368864,-28.949796817981934,-17.1999025320751,147.25672800368864,44.824125930428494,-30.322087407710512,138.80719661354772,62.38554602593429,-39.07544149914577,146.5982366737142,91.23503373098417,-34.231251979358106,141.54971127588223,113.14734024812131,-26.07019203940488,138.8927532416785,123.91399975290973,-23.839903674103272,140.58192988916488,123.91399975290973,-23.839903674103272,140.58192988916488,116.87754414683731,-21.8081024685535,136.8297802228186,116.87754414683731,-21.8081024685535,136.8297802228186,44.84261395461969,-34.557134269665774,142.1708052950094,45.11977833295358,-34.10561308108432,149.59938658797137,45.545839480413676,-31.983393075612558,156.7253367456346,46.16065745373155,-29.544523686084666,166.12264782098532
0.79999968,43.3973,-28.1809,91.9285,33.10891936246094,-27.900704427753443,91.39719113652728,27.076940025326287,-30.838462428811972,47.20206804071955,22.050566850621273,-35.493951405159955,7.698058436760256,23.224443373913886,-35.13501056379936,4.294726947753374,14.427279972735723,-24.188003241900063,2.414964253354258,12.678416621352914,-21.933663646457163,1.884454826945604,53.685680637539065,-28.46109557224656,92.45980886347272,56.71247505279986,-32.70175745015343,48.06296883340961,58.79504565748818,-38.6003432596319,8.46026229945278,58.54774360450263,-38.944833458516776,4.867261041303628,68.33066612471036,-28.827798763123166,3.2239117370429025,70.87771483799521,-26.20298444350005,2.4183273161065024,42.86909942539711,-32.68446963508791,99.78165017361844,43.34159391156776,-34.32410937374205,109.55783089659838,43.93367198769908,-34.70904592309841,119.45665135386167,44.52569931434486,-34.94525448542166,129.3601400421972,44.82000275369367,-30.30945690590194,138.80830431010165,26.06524308698,-37.37166379515766,145.44978099357795,-1.3821730696394496,-26.315773709487615,147.8274610349057,-24.202080622384265,-20.618864170879476,148.60755284558925,-34.81135070154962,-20.492907703819835,151.9506029778183,-34.81135070154962,-20.492907703819835,151.9506029778183,-28.95808333459343,-17.193343719841362,147.19974101388777,-28.95808333459343,-17.193343719841362,147.19974101388777,44.82000275369367,-30.30945690590194,138.80830431010165,62.38233459814887,-39.06234011208629,146.59781806926085,91.23045540524251,-34.236250722894624,141.52420902373296,113.13815042282579,-26.067027239325693,138.85434218584334,123.90413462128203,-23.8330912654157,140.54300293742298,123.90413462128203,-23.8330912654157,140.54300293742298,116.8668136888254,-21.803680000622414,136.79118274374338,116.8668136888254,-21.803680000622414,136.79118274374338,44.83779022064916,-34.54357547229458,142.17308523369067,45.11391199227487,-34.090077508738986,149.60158493866376,45.5413978456708,-31.964704944466778,156.72651011796813,46.159380508945645,-29.51902953741551,166.1218445834162
0.80833301,43.3975,-28.1807,91.9295,33.109113713177756,-27.90118603493862,91.39794156815674,27.07698176290507,-30.838443624959407,47.202806041332465,22.05097010841523,-35.49413195375286,7.698773934165622,23.224878578961544,-35.135090379263985,4.295464090180189,14.4274347247245,-24.188289383016347,2.415812372414722,12.67843270281537,-21.93400104135974,1.8855423610725022,53.685886286822246,-28.460213965061385,92.46105843184327,56.711810315264806,-32.70425682920932,48.06448214277151,58.79523801327441,-38.600803641574025,8.461517046622994,58.548000605878805,-38.9454877109096,4.868529932767649,68.33070783762798,-28.828305865637844,3.224804977799189,70.87770297207655,-26.203477457962343,2.419097068594457,42.86940373081722,-32.682848672389596,99.78347190068031,43.34129089815399,-34.319524385406964,109.56017861368557,43.93228145567331,-34.70187955319157,119.45916410347145,44.52292414709691,-34.93544865724325,129.3627980690974,44.81630750415293,-30.297040368876907,138.80970954863488,26.06131273311577,-37.35912842334872,145.45064866063217,-1.3905173023008572,-26.307919762302326,147.79895368268754,-24.210765353828986,-20.609846342647707,148.56036054564063,-34.82487373060056,-20.48485947531005,151.88805381275597,-34.82487373060056,-20.48485947531005,151.88805381275597,-28.965880385828527,-17.187004512970585,147.1430669437484,-28.965880385828527,-17.187004512970585,147.1430669437484,44.81630750415293,-30.297040368876907,138.80970954863488,62.37957131218115,-39.04943547125812,146.59767033573567,91.22627079812484,-34.241429648964356,141.49887337758514,113.12933670168076,-26.064061721693154,138.815990591006,123.8946519994669,-23.826478377684268,140.5040866038944,123.8946519994669,-23.826478377684268,140.5040866038944,116.85645217644647,-21.79946370539496,136.7526194877753,116.85645217644647,-21.79946370539496,136.7526194877753,44.833397314108,-34.53022347436211,142.1756709010319,45.108482175029216,-34.07473235926986,149.604087129668,45.537398722579624,-31.94619289512231,156.7279808576305,46.15855619412062,-29.49369461019541,166.12132722856666
0.81666634,43.3979,-28.1805,91.9292,33.109508069466244,-27.90166779190024,91.39739280424749,27.077147050586206,-30.83842659026792,47.202255395838996,22.051429747911303,-35.49431543914979,7.698209472535751,23.225363892670476,-35.13517185984495,4.294919247354733,14.427630584422282,-24.188581368271095,2.415396369940048,12.678487970097423,-21.93434507894931,1.8853688691841373,53.686291930533756,-28.459332208099756,92.4610071957525,56.71134544771807,-32.70667837292903,48.06468748314252,58.79562788562541,-38.6011234630779,8.461454490263634,58.548455515204516,-38.94599600642139,4.8684809874740145,68.33094634708033,-28.828663324560328,3.2243965830678394,70.87788774173984,-26.203819192561646,2.418570029470867,42.86990850328663,-32.68122759746027,99.78399337903664,43.34118704788054,-34.3149392270886,109.56122518998511,43.93108868442598,-34.69471311203573,119.46037499670655,44.52034533476802,-34.92564288879508,129.3641534210572,44.81280752865676,-30.284626074083075,138.80981224067938,26.057576729184095,-37.34659627928839,145.4502100690707,-1.3986571730973765,-26.300124236684134,147.7691315759726,-24.219240503153994,-20.600926527643587,148.511845645591,-34.83816309747912,-20.47691629898467,151.82418095920033,-34.83816309747912,-20.47691629898467,151.82418095920033,-28.973454230129683,-17.180773607492586,147.0850688047646,-28.973454230129683,-17.180773607492586,147.0850688047646,44.81280752865676,-30.284626074083075,138.80981224067938,62.3769860661306,-39.03653913535531,146.5962516651966,91.22224871909737,-34.246649134428864,141.4723373508872,113.12068976741963,-26.061160784407647,138.77649567066535,123.88533701078516,-23.819943998936992,140.46403170799658,123.88533701078516,-23.819943998936992,140.46403170799658,116.8462616226121,-21.795313078036486,136.7129201304087,116.8462616226121,-21.795313078036486,136.7129201304087,44.82919895724403,-34.51687401869628,142.17695283002018,45.103245991072534,-34.0593911912781,149.60528502428608,45.53359270832955,-31.927700024888107,156.72815003610407,46.157926500154524,-29.46840095937583,166.11950754762262
0.82499967,43.3977,-28.1798,91.9286,33.1093024313028,-27.90164969840984,91.39654484482259,27.076782234200543,-30.83790785315572,47.20139589869681,22.05142074167732,-35.493995680880786,7.697328162576582,23.22538647839507,-35.134751549335846,4.294059447566958,14.42737428428258,-24.18836596504474,2.4146486164095373,12.678093499144099,-21.934180672945104,1.8848602732695796,53.6860975686972,-28.45795030159016,92.46065515517742,56.71028470599753,-32.70859994210597,48.06459258154179,58.79542499194004,-38.600943293043024,8.46109198484443,58.548317405738125,-38.94600404308593,4.86813209594763,68.33059247082214,-28.828521147745136,3.223688295289798,70.8774801770642,-26.20366153929482,2.4177424737117637,42.86981374285033,-32.67910641045182,99.7842146086019,43.340484082828986,-34.30985390008121,109.5619705421754,43.92929744690369,-34.6870465997626,119.46128382795408,44.51716869219588,-34.915337179106274,129.3652057708382,44.808708658356366,-30.27171070819069,138.809610431416,26.053241654460372,-37.333563074128804,145.44946641384985,-1.4073656802794936,-26.291839224020052,147.73902987992147,-24.22826970572018,-20.591521898372154,148.46306308947956,-34.85198176094057,-20.468504489388057,151.76004196652985,-34.85198176094057,-20.468504489388057,151.76004196652985,-28.98156902758646,-17.174064853135025,147.026811296372,-28.98156902758646,-17.174064853135025,147.026811296372,44.808708658356366,-30.27171070819069,138.809610431416,62.3738002017931,-39.02314196465991,146.59453168175506,91.21760103889417,-34.251404051728365,141.44551311508243,113.11141404872637,-26.05781842751974,138.7367110275788,123.87539063537028,-23.81297675253889,140.42370679737633,123.87539063537028,-23.81297675253889,140.42370679737633,116.83544950035478,-21.790725813068978,136.67293611562388,116.83544950035478,-21.790725813068978,136.67293611562388,44.82440140657125,-34.50302261787593,142.17793053980967,45.09740966419316,-34.043548203091255,149.60617806233665,45.52918706275728,-31.90869442643841,156.72800922664408,46.15669966911719,-29.442582250291537,166.11736805192706
0.833333,43.3971,-28.1777,91.9277,33.10872699130862,-27.899291700567996,91.39530497481843,27.076230798940532,-30.83808865135979,47.200321499076736,22.05044460792621,-35.493368373571755,7.696212553801537,23.224605617766393,-35.13392886944984,4.2930318343204705,14.426845960711876,-24.187308220255762,2.4138079574654903,12.677641088220943,-21.933063916444226,1.8840200586916298,53.68547300869138,-28.456108299432007,92.46009502518157,56.7092210834208,-32.70874628151272,48.06419296177109,58.79497572934284,-38.59988849188574,8.46054602485156,58.54786386894705,-38.944867503075095,4.867578580817236,68.33033716926622,-28.827539990670054,3.2233580556824264,70.87727333314848,-26.20271666842111,2.417447189837621,42.868837245526436,-32.67536716596508,99.7842279532969,43.338609838169994,-34.30382917956193,109.56240795889472,43.92628643340578,-34.678794961575846,119.46187339507514,44.51293364504856,-34.9045541479773,129.365925943362,44.80344203589149,-30.258471488721785,138.80915433963702,26.0475145312022,-37.320861400667454,145.44713754317766,-1.4179692713878538,-26.283517821208175,147.69901849887503,-24.239308895870316,-20.581509012272434,148.3954777775453,-34.86687496334589,-20.457632364318073,151.67998000595028,-34.86687496334589,-20.457632364318073,151.67998000595028,-28.991256281856156,-17.16533424831977,146.95172144926295,-28.991256281856156,-17.16533424831977,146.95172144926295,44.80344203589149,-30.258471488721785,138.80915433963702,62.36975507896385,-39.007974242186776,146.59348709716318,91.20955179846764,-34.24178806700614,141.41697126494407,113.10396765242382,-26.0588027026416,138.68113370020666,123.86987403230718,-23.813979411344647,140.35579457372745,123.86987403230718,-23.813979411344647,140.35579457372745,116.82647907955702,-21.793737951338766,136.6104290726567,116.82647907955702,-21.793737951338766,136.6104290726567,44.81834805525849,-34.488900911401686,142.17858630991196,45.090931635477226,-34.0271236392606,149.60670662700625,45.52410021393075,-31.88882704811262,156.7274203674557,46.155385323931846,-29.414466874943116,166.1143560404921
0.84166633,43.397,-28.1768,91.9272,33.10864667369389,-27.898297012934435,91.39447424571212,27.07617968414252,-30.839798697809325,47.19966672143557,22.050004001998285,-35.49440603117853,7.695528099332094,23.224356939863842,-35.13475590573675,4.292435857238699,14.426675101804303,-24.18804370430074,2.4133809737376386,12.677510088566907,-21.933769114406324,1.8835903408244274,53.68535332630611,-28.455302987065565,92.45992575428788,56.70868478182266,-32.71003029457629,48.064195501269104,58.79510630190767,-38.6000709156943,8.460419842727333,58.54799196830144,-38.94498405498673,4.8674462447071924,68.33048570953672,-28.82764717547595,3.223404983307833,70.87742376120588,-26.202818461539106,2.4175176443749042,42.868439106654264,-32.67282347636955,99.7846486467593,43.337347123823314,-34.298978491907654,109.56325407786628,43.92390035207406,-34.67169384880563,119.46287112164939,44.50933460804935,-34.89489814066443,129.3670533502045,44.798744064740276,-30.24634142507897,138.80909785202522,26.042471726718873,-37.309554929751876,145.44523014496357,-1.4280083689752985,-26.277028223427365,147.65945674274144,-24.24983964402937,-20.57368972560046,148.32837338341457,-34.88123630191986,-20.44912312838144,151.6004291739408,-34.88123630191986,-20.44912312838144,151.6004291739408,-29.000483091616193,-17.15887400892793,146.8771302033904,-29.000483091616193,-17.15887400892793,146.8771302033904,44.798744064740276,-30.24634142507897,138.80909785202522,62.36643307215411,-38.99359647516134,146.5928515009789,91.20212189800984,-34.232455026737235,141.38888150812562,113.09697722079218,-26.059728634608554,138.62602864309054,123.86475991859922,-23.81475500697676,140.2883793927547,123.86475991859922,-23.81475500697676,140.2883793927547,116.81789302347747,-21.796637535849513,136.54840351195924,116.81789302347747,-21.796637535849513,136.54840351195924,44.812931713519994,-34.47588295337837,142.17964740113632,45.08508776303957,-34.01178923679075,149.60763902804555,45.51961878505098,-31.870035260098742,156.72723060318057,46.154646879474065,-29.38741012892226,166.11173124326496
0.8499996599999999,43.3962,-28.176,91.9277,33.10787114025632,-27.897239439241158,91.39463655768682,27.0754188197758,-30.84127968454347,47.199996064917,22.048809252311212,-35.49507884154545,7.695817433377769,23.223356628949386,-35.13523325285079,4.292812958515977,14.425926693739644,-24.18828609507661,2.4139474870211775,12.676837437982513,-21.9339525032136,1.884157795829485,53.68452885974368,-28.45476056075884,92.46076344231318,56.707408329903224,-32.711553416001536,48.065200414613635,58.79442980071057,-38.6004681493044,8.461288936903792,58.54731051706501,-38.945306518391185,4.868308502437712,68.33000330384615,-28.828129305600648,3.2244690685354365,70.87698995558395,-26.203338727063908,2.418611119332077,42.86726452189076,-32.6703838945705,99.78606138280257,43.33527711834848,-34.29425487124824,109.565089263991,43.92069591411016,-34.66474484501742,119.46485699123114,44.504908510540545,-34.885419097256424,129.3691680504099,44.793288734281134,-30.234408182153285,138.81003538663208,26.036548565508596,-37.29812795184633,145.44430626566637,-1.438706134828852,-26.269997824717763,147.62087390548479,-24.260907457449598,-20.56497568289272,148.26224072022842,-34.89612462425313,-20.439537169965437,151.52182379560264,-34.89612462425313,-20.439537169965437,151.52182379560264,-29.010174218901625,-17.15143821223753,146.8035037742714,-29.010174218901625,-17.15143821223753,146.8035037742714,44.793288734281134,-30.234408182153285,138.81003538663208,62.36220009490424,-38.97973840351544,146.59319295678947,91.19384245336713,-34.2242037806055,141.36174850960336,113.08924861162063,-26.062135068148145,138.57188726964185,123.85893769105284,-23.81720643831893,140.22190345447032,123.85893769105284,-23.81720643831893,140.22190345447032,116.80863004357447,-21.801084775162437,136.48733972238284,116.80863004357447,-21.801084775162437,136.48733972238284,44.806690412063425,-34.46306708052704,142.1816954240969,45.07842366955616,-33.99667310163506,149.609558454318,45.51434847252166,-31.85149357177315,156.72803342114346,46.15315814378626,-29.360651263050897,166.11009967988295
0.85833299,43.3965,-28.1748,91.9276,33.10819536036103,-27.895782986344233,91.39420337639449,27.075738809748742,-30.842514803422635,47.199742843277974,22.04867854898303,-35.49564253574123,7.695542470009343,23.223418714582365,-35.13561283975875,4.292624015955763,14.426237120402407,-24.188439330071084,2.413914579184338,12.677222647187563,-21.934049007057382,1.8841194028310784,53.684804639638976,-28.45381701365577,92.46099662360551,56.707210366341634,-32.71275084728954,48.06560667741938,58.79481412166563,-38.60060025667687,8.461567494740883,58.547687680331855,-38.94536917811192,4.868580887973998,68.33057851606311,-28.828354091412834,3.2249222763187335,70.87761327601113,-26.20360284754265,2.4190882617608684,42.86719387860325,-32.667530750953006,99.78688167097943,43.334314233627936,-34.28909917427444,109.56633428668387,43.918601683696906,-34.65734333237682,119.46625264271668,44.50159573191866,-34.87546727126937,129.37069199723948,44.78894823988646,-30.22198149707623,138.81037104006433,26.03175258606249,-37.28622813115641,145.4427928855936,-1.4482632838603529,-26.26258851335423,147.58167553913287,-24.270820777992345,-20.555959023579163,148.19547642986973,-34.90984567178617,-20.429699664217804,151.44257801655792,-34.90984567178617,-20.429699664217804,151.44257801655792,-29.018716551215107,-17.143726456949786,146.7292428364927,-29.018716551215107,-17.143726456949786,146.7292428364927,44.78894823988646,-30.22198149707623,138.81037104006433,62.3590808416323,-38.96533966036872,146.59298738840468,91.18665053686131,-34.21538562892057,141.33410121300182,113.08256566695046,-26.063959407241555,138.51724952921427,123.8541384146283,-23.819057145285154,140.15495988413394,123.8541384146283,-23.819057145285154,140.15495988413394,116.80040438385784,-21.804955002544872,136.4257804119814,116.80040438385784,-21.804955002544872,136.4257804119814,44.8015642954802,-34.44974995328629,142.18315057745133,45.072876031919066,-33.98103932932297,149.61088319212953,45.51019745372783,-31.83240735492178,156.72823116135993,46.15279524957634,-29.3333140358268,166.10784422062977
0.86666632,43.3965,-28.1741,91.9262,33.108228309234576,-27.893943633757626,91.39276505790443,27.076523790143398,-30.844623270594344,47.19846528378047,22.049750139036167,-35.49638566293991,7.694067642559645,23.224530248901456,-35.1363755619099,4.291160905045191,14.42758026001342,-24.189028718668546,2.4123769933681753,12.678673150173918,-21.93459429919074,1.8824150566910123,53.68477169076543,-28.454256366242372,92.45963494209556,56.70812880365197,-32.71249930117236,48.06424350193504,58.795977428029516,-38.60106752835195,8.460324099361557,58.548826530092406,-38.946101733038205,4.867364640246355,68.331784897517,-28.829283854833506,3.222894330245297,70.87888108935239,-26.20455598320722,2.4171783697196547,42.86666229836715,-32.66477520743644,99.78662054509452,43.33353558510944,-34.28349137935577,109.56655747379162,43.91757452790799,-34.64942697315115,119.46657609472807,44.500046113764625,-34.8649856777534,129.37110234977632,44.78643535380477,-30.20845464286736,138.80930883566825,26.027920314482344,-37.27310520368462,145.4375676427049,-1.4584580352643286,-26.255895596799974,147.5272612404712,-24.279548118464632,-20.540036795580377,148.10890358674328,-34.920673006004684,-20.411793484557464,151.34903870920616,-34.920673006004684,-20.411793484557464,151.34903870920616,-29.025599023957597,-17.12623671840039,146.64034778323588,-29.025599023957597,-17.12623671840039,146.64034778323588,44.78643535380477,-30.20845464286736,138.80930883566825,62.356930592699996,-38.94852838550575,146.59479513218196,91.17819776459667,-34.19934902487378,141.3007819430505,113.07739204484047,-26.06868384757513,138.44962851140207,123.85369021040158,-23.829059089616678,140.06330122336314,123.85369021040158,-23.829059089616678,140.06330122336314,116.79326215717045,-21.81303669571412,136.34785237212128,116.79326215717045,-21.81303669571412,136.34785237212128,44.79847853906475,-34.43513122708678,142.183458670234,45.06923701139689,-33.96413842553657,149.6110671099034,45.50917417072726,-31.811034144065133,156.72690218046606,46.156936358926956,-29.301992329755354,166.10350358011954
0.87499965,43.3899,-28.1726,91.9258,33.10165642055104,-27.891483984607788,91.39232774597237,27.070677377940335,-30.846218290859156,47.19819986435158,22.044200402993482,-35.49670458849899,7.69361423045595,23.219007706798422,-35.13669262819245,4.290717077886862,14.422105447741037,-24.189316008950975,2.4118831839313026,12.673267375322844,-21.934865973161408,1.8817598798887158,53.67814357944896,-28.45371601539221,92.45927225402762,56.702512137818545,-32.71129239191001,48.06388577670024,58.79069333159972,-38.60061831260065,8.460096574253711,58.543521987430424,-38.94592877945858,4.867165062006379,68.32637132674104,-28.829141383499977,3.2218588323570363,70.87348300765952,-26.20439404088766,2.4162552747815753,42.859610362414465,-32.66122866108242,99.78735891650497,43.32626644045794,-34.27708435612423,109.56777923048054,43.91006472195671,-34.640701211308325,119.46789748177153,44.492019084634265,-34.85368463934117,129.37250985276032,44.777363404924884,-30.194105565484424,138.80924356837158,26.017654797369424,-37.25949235194412,145.43333832594644,-1.475208966115492,-26.249250323897492,147.4738613486772,-24.29489209264499,-20.52460104306197,148.02336553993945,-34.938117772145866,-20.394578571941913,151.2565222208136,-34.938117772145866,-20.394578571941913,151.2565222208136,-29.039161325841665,-17.10932630991058,146.5524834057964,-29.039161325841665,-17.10932630991058,146.5524834057964,44.777363404924884,-30.194105565484424,138.80924356837158,62.3483592282605,-38.930590114006336,146.59762801893388,91.1632075989009,-34.18165699658172,141.2685690716872,113.06547070030837,-26.071362822624522,138.3831745252515,123.84639256917166,-23.83683490279442,139.9728504242413,123.84639256917166,-23.83683490279442,139.9728504242413,116.77927913371097,-21.819007488879237,136.2711169152286,116.77927913371097,-21.819007488879237,136.2711169152286,44.788907496364764,-34.419690247358965,142.18476247992578,45.059104127458774,-33.94641196752544,149.61224610177803,45.50162120268279,-31.78881846040672,156.7265612760358,46.15451053556373,-29.269808742954417,166.10013402332865
0.88333298,43.3915,-28.1711,91.9285,33.10328928766939,-27.88884581938276,91.39499486768185,27.07296250588762,-30.847604668465436,47.20104723649709,22.046678737099946,-35.49679469818603,7.696284444737813,23.22151800781909,-35.136808013590965,4.293395654534647,14.424838366080598,-24.18926523432533,2.4144876267769138,12.676105493678092,-21.93477283009627,1.8841974937814374,53.67971071233061,-28.45335418061724,92.46200513231815,56.705005940570395,-32.71031474352782,48.06662273957585,58.79340959791879,-38.6004263263697,8.46296210832049,58.546211678999995,-38.94600814085633,4.870058513457645,68.32912705635802,-28.82942036181393,3.22391774536335,70.87629961406682,-26.204697489457136,2.418426948282285,42.86068433907332,-32.65765921583413,99.79120462954249,43.3271020511994,-34.270645842554714,109.57210988929404,43.910660274384874,-34.631937303762946,119.47232742834896,44.49210068307163,-34.84233869173852,129.37702516969796,44.776489698217446,-30.179699316008495,138.8122760241245,26.015460374385487,-37.24548363885364,145.43220498547694,-1.483628200300462,-26.241775107417624,147.42349797164925,-24.301764130170046,-20.507967067038187,147.9408182612909,-34.947088998262196,-20.375972174825257,151.1669764458926,-34.947088998262196,-20.375972174825257,151.1669764458926,-29.044187492461877,-17.0911370297126,146.46759748309157,-29.044187492461877,-17.0911370297126,146.46759748309157,44.776489698217446,-30.179699316008495,138.8122760241245,62.347853686117546,-38.91285204322037,146.6035660256531,91.15631704564282,-34.1646858589052,141.23941852684072,113.06170499090028,-26.0751271300806,138.3197403287054,123.84723262746873,-23.84587222395919,139.88539578097317,123.84723262746873,-23.84587222395919,139.88539578097317,116.77349056829048,-21.826130187244885,136.19739277946874,116.77349056829048,-21.826130187244885,136.19739277946874,44.7874639968609,-34.4041855111476,142.18917149835053,45.05711361192911,-33.928612575262996,149.61652842866212,45.502255421089636,-31.766538490825173,156.72931943681354,46.16032922386548,-29.2375792134641,166.09985006906427
0.89166631,43.3915,-28.17,91.9291,33.10332218820088,-27.886624266660455,91.39555495358071,27.073757422770754,-30.849345110874037,47.20176878189425,22.047764920438613,-35.497182837681294,7.696809808092397,23.222643649576174,-35.13721392056512,4.293932761513969,14.426194293722979,-24.189497739373614,2.4149569378303015,12.677568338561233,-21.93496120203652,1.884501892000078,53.679677811799124,-28.45337573333955,92.4626450464193,56.70592925989108,-32.70972129397179,48.067268858223656,58.79457926099728,-38.60062575150939,8.463739147665748,58.54735691653118,-38.94647950460189,4.8708634000968845,68.33034053663782,-28.83009285897284,3.223892324193166,70.87757475820781,-26.205394888827694,2.4185153903425096,42.86016068183748,-32.6545030177271,99.79294220133335,43.32633460135213,-34.26463539802222,109.57432935424215,43.90964486195783,-34.62361638383613,119.4746455528338,44.490563186518216,-34.83145058828832,129.3794281291476,44.77398122861797,-30.165765975924156,138.8132027213965,26.011641167083823,-37.23195994620503,145.4289783395472,-1.493601331200825,-26.234845854081605,147.37110047663762,-24.310150391466173,-20.491921107651727,147.85628763366873,-34.95756060474256,-20.358003901206835,151.07547740174698,-34.95756060474256,-20.358003901206835,151.07547740174698,-29.05074304396628,-17.073547976573852,146.38075628792006,-29.05074304396628,-17.073547976573852,146.38075628792006,44.77398122861797,-30.165765975924156,138.8132027213965,62.34572247783707,-38.89560143813178,146.60735893700277,91.14775227267228,-34.148165970528,141.20813141648068,113.05619713386793,-26.079362680600205,138.25415791077685,123.8462794722846,-23.85540302756832,139.79577635343338,123.8462794722846,-23.85540302756832,139.79577635343338,116.76593437543778,-21.833725446454515,136.12153033263635,116.76593437543778,-21.833725446454515,136.12153033263635,44.784389752358194,-34.38915860188593,142.19146758395615,45.05348535644524,-33.91130247841852,149.61869806264912,45.501243664913744,-31.744760331864263,156.72996511760505,46.16449581377012,-29.205870344751496,166.09744475231875
0.89999964,43.3908,-28.1679,91.9281,33.10260793057725,-27.884480382008544,91.39485327211091,27.074119401231663,-30.849026988845758,47.20104271319396,22.048335060095734,-35.49796099777277,7.696186251905111,23.2233532956853,-35.13779202029934,4.293378543953083,14.426930526598952,-24.190009700062,2.4146636277941402,12.67824121020818,-21.93546318880272,1.8844599044864005,53.67899206942275,-28.451319617991455,92.4613467278891,56.70549231538845,-32.71098521151142,48.066305928915256,58.79534034210149,-38.60096389610788,8.462701724117906,58.54809185715211,-38.94651161377397,4.869798329214838,68.33101194369137,-28.82993506209798,3.2236165487099426,70.8782096302292,-26.205176228939248,2.418322420424178,42.8596660389108,-32.6506280354685,99.79296802367989,43.32543133977407,-34.25824169705451,109.57478891960687,43.9081783107678,-34.614068948929564,119.47525213983151,44.48808307548052,-34.81820152375463,129.38017108933124,44.768917029784426,-30.149391605714897,138.81247663915966,26.006288359056533,-37.21929824177136,145.4234655486818,-1.502109316698089,-26.221479686563445,147.31628513312788,-24.32100679928864,-20.484450309691695,147.75890669601606,-34.97275927976057,-20.335050322274526,150.96301492911056,-34.97275927976057,-20.335050322274526,150.96301492911056,-29.055374220884595,-17.06152530907007,146.2739703775329,-29.055374220884595,-17.06152530907007,146.2739703775329,44.768917029784426,-30.149391605714897,138.81247663915966,62.34187414634971,-38.87259084269742,146.6113202772425,91.13775628975952,-34.132823012348545,141.17270886096696,113.04815562332205,-26.084693376943626,138.17712667121813,123.84190277064329,-23.86005013435721,139.6918694856171,123.84190277064329,-23.86005013435721,139.6918694856171,116.75397198954977,-21.843111486604627,136.02966434562381,116.75397198954977,-21.843111486604627,136.02966434562381,44.77860584069685,-34.37166791040229,142.19213875626818,45.045764295261954,-33.89217686184647,149.6193337986115,45.49610566259968,-31.721453189244283,156.72916241065053,46.16581765860344,-29.173214580470095,166.09364351328304
0.90833297,43.3884,-28.1659,91.9269,33.10019813665362,-27.882291667322185,91.39394264460303,27.07278286388709,-30.848587956569435,47.20010309988799,22.047174956994862,-35.498548211376615,7.69534497526589,23.222340816722205,-35.138195190022444,4.292607732143493,14.426082163462347,-24.19023866912891,2.4141395472716036,12.677357954859142,-21.935660803331587,1.884184290479217,53.67660186334638,-28.449508332677816,92.45985735539698,56.70332935947479,-32.712545186506865,48.065155647906295,58.79432391709277,-38.60163436792237,8.4614796813581,58.547047661057135,-38.94687235040403,4.868548422308882,68.33004799656302,-28.830243464751263,3.2231653588650087,70.87724678792374,-26.205459547377377,2.4179564890766083,42.857401574435706,-32.64684382403871,99.79279385081935,43.322728982727405,-34.25194498213325,109.57504817770004,43.90490070950708,-34.60462814597933,119.47565774008952,44.48378206357786,-34.80506868955547,129.3807119553273,44.762091059570835,-30.133141091815453,138.8115485232159,25.99905075612654,-37.206464768125386,145.41771228000232,-1.5122488384143367,-26.207514251160262,147.26113403987384,-24.333325447971845,-20.476024081985013,147.66111536613153,-34.989388838268525,-20.310969617415946,150.85008555673676,-34.989388838268525,-20.310969617415946,150.85008555673676,-29.061384546123055,-17.048478634606667,146.16676745381474,-29.061384546123055,-17.048478634606667,146.16676745381474,44.762091059570835,-30.133141091815453,138.8115485232159,62.33614778414231,-38.8499181760097,146.6150936372016,91.12591680644208,-34.11826225363697,141.13719682228222,113.038307751231,-26.091134188480684,138.10011922230015,123.83568699573931,-23.865996096580876,139.58801127251803,123.83568699573931,-23.865996096580876,139.58801127251803,116.74023160103235,-21.853673820011974,135.93785750168698,116.74023160103235,-21.853673820011974,135.93785750168698,44.77099830337496,-34.354301894780036,142.19260593599716,45.03622103259332,-33.87318088781216,149.61976494756144,45.489173621759605,-31.698273397977616,156.72814893164173,46.165383362471275,-29.1406909725575,166.08961532372734
0.9166662999999999,43.3874,-28.164,91.926,33.09918858116937,-27.880185534906836,91.39333691619657,27.072894430519028,-30.848215332666474,47.199460867818004,22.047503599222622,-35.49919461052429,7.694795087183195,23.22281657662857,-35.13866132787077,4.2921277509835125,14.426761560325984,-24.190497728147477,2.4139129219844278,12.678010513273053,-21.935881977849053,1.8842074577521293,53.67561141883063,-28.447814465093167,92.45866308380343,56.70254223720808,-32.714300878132256,48.06430662086875,58.794658969871875,-38.60256951429622,8.460567911811545,58.547353105511704,-38.94750324512839,4.867609468635884,68.33046949849901,-28.830859901414478,3.2230055353583063,70.87767861653066,-26.20606141121347,2.4178768410150155,42.85653342387831,-32.643159322263415,99.79291905377433,43.32142503557829,-34.245747911849975,109.57560603856015,43.90302579932369,-34.59528716916961,119.47636065119465,44.480888248232,-34.79203601512982,129.38154837895405,44.75668479617145,-30.116989586557512,138.81091309248794,25.993251510647546,-37.19373768273131,145.41229147605256,-1.5208790247159634,-26.193718503227775,147.2064265249081,-24.34406608528256,-20.46782277874618,147.5638517489047,-35.004395558543074,-20.287136179019114,150.73768046278897,-35.004395558543074,-20.287136179019114,150.73768046278897,-29.065802682254613,-17.035672456090467,146.0601117500987,-29.065802682254613,-17.035672456090467,146.0601117500987,44.75668479617145,-30.116989586557512,138.81091309248794,62.33180187247106,-38.82740494575049,146.6191723648672,91.11542718920245,-34.10398229609348,141.1020251184429,113.02977330514425,-26.09801207885583,138.02349016957348,123.8307351776711,-23.872476941244816,139.48454349178456,123.8307351776711,-23.872476941244816,139.48454349178456,116.72779712413238,-21.864714278343826,135.8464518421946,116.72779712413238,-21.864714278343826,135.8464518421946,44.76480506848542,-34.33703369334499,142.19336618010732,45.02809641133669,-33.85428280710888,149.6204881498287,45.48366980118484,-31.67519464648609,156.72742414061938,46.166394704225894,-29.108279524385274,166.08586278972626
0.92499963,43.3858,-28.1607,91.9258,33.09757406896455,-27.876858931451466,91.39343147184046,27.072378989025466,-30.846729106091153,47.19952920416937,22.047220034813115,-35.4988093852481,7.694963566117131,23.222674089261073,-35.138073705036874,4.292366414160351,14.426610037965728,-24.189874749411487,2.4144000051016405,12.67778838954377,-21.935255323217667,1.8849433308211625,53.67402593103546,-28.44454106854853,92.45816852815953,56.7012291572868,-32.71434610823613,48.06414969904211,58.794567182243924,-38.60168833562845,8.460337797902703,58.547238005890016,-38.94631607971992,4.86735159696531,68.33029185982284,-28.829482749782233,3.2235445324616867,70.87746498379829,-26.20462332690172,2.4185006167574032,42.85514377694374,-32.63808390408765,99.79374384212599,43.31962622428808,-34.238151702135056,109.57686288147949,43.900660780889524,-34.58453685416288,119.47776158871257,44.47750638853249,-34.7775838612486,129.38308142395255,44.750707504821975,-30.099414391087322,138.8109726677307,25.986997496846477,-37.179883622446454,145.40757262834504,-1.5300547831611588,-26.179239049485616,147.15238621114227,-24.35536393400496,-20.459306086443195,147.46723745650587,-35.01991980267628,-20.26315489881809,150.62591339215444,-35.01991980267628,-20.26315489881809,150.62591339215444,-29.070810159283408,-17.0226322077344,145.95411952970443,-29.070810159283408,-17.0226322077344,145.95411952970443,44.750707504821975,-30.099414391087322,138.8109726677307,62.327049710698745,-38.8031566658416,146.62391410591965,91.10440054921827,-34.08756282245968,141.06747864233165,113.02049985838603,-26.10246928808168,137.94748271958895,123.8249575799307,-23.87641480510129,139.38164993892593,123.8249575799307,-23.87641480510129,139.38164993892593,116.71451845861111,-21.87330117470824,135.75566841118678,116.71451845861111,-21.87330117470824,135.75566841118678,44.758114092386975,-34.31834124561214,142.194820836699,45.01946436789159,-33.833954669532176,149.62190486617564,45.47762114815576,-31.650691785433377,156.72739338183132,46.166822462224296,-29.074457167740693,166.08279595091878
0.93333296,43.3852,-28.1568,91.9254,33.09693421345,-27.873844113487106,91.39333056694409,27.07233377500901,-30.84524658143928,47.199450230628464,22.0472674730352,-35.49755792283258,7.694900017602237,23.22265890130909,-35.136880137197764,4.292275094268807,14.426473033244758,-24.188789800579315,2.4142460328038142,12.6776201731927,-21.934195654849702,1.8847848002008,53.67346578655,-28.439755886512895,92.4574694330559,56.70029220361337,-32.71541527697436,48.06398837031736,58.79533186376915,-38.60117738032472,8.460031585986592,58.54782742064328,-38.9455811225343,4.867035975554401,68.33093573863101,-28.828775005467662,3.2233855783584717,70.87808903195328,-26.20391884780768,2.4182682754069087,42.85515359743892,-32.63206301130212,99.79459149247894,43.31919736587677,-34.22952305738698,109.57815749994967,43.899355664111305,-34.57341499696068,119.47919450236945,44.47481412164997,-34.76320070640952,129.38465804470488,44.744717144535905,-30.08109464942625,138.8106899232526,25.979766190333308,-37.16012092395512,145.4053082996942,-1.540416575103876,-26.16009880974152,147.10406539938407,-24.366987105909576,-20.443394619811244,147.3841961670391,-35.04073453998203,-20.245908518335703,150.51158737765218,-35.04073453998203,-20.245908518335703,150.51158737765218,-29.079222572221425,-17.010845767216452,145.8518347223783,-29.079222572221425,-17.010845767216452,145.8518347223783,44.744717144535905,-30.08109464942625,138.8106899232526,62.32306580582376,-38.77770492033506,146.62705845205952,91.09416176857818,-34.06437726191384,141.0364143812624,113.01560227795925,-26.110035908745786,137.87565468287534,123.8249141758556,-23.886667588135808,139.27703629962667,123.8249141758556,-23.886667588135808,139.27703629962667,116.70572772946667,-21.886400686234943,135.66668071928888,116.70572772946667,-21.886400686234943,135.66668071928888,44.75176584078092,-34.2986207299753,142.19628457822384,45.0112283912196,-33.810613754033874,149.6231977915886,45.471143734614294,-31.62315780058611,156.72728294248145,46.16592589009822,-29.038672910161374,166.0799967782613
0.94166629,43.3839,-28.155,91.9257,33.095594415285845,-27.87292928149277,91.39393020459934,27.07158741693987,-30.845863747817063,47.20007200469989,22.04661299231166,-35.49840581019025,7.695537276650242,23.221941864007132,-35.13778644148051,4.292884552984421,14.425616955392716,-24.189820181861478,2.414783416108942,12.676729183250242,-21.935254529781,1.8853161689543438,53.67220558471415,-28.437070718507233,92.45746979540067,56.69864968655979,-32.71850619550896,48.06451935724354,58.79538300503345,-38.60261749433531,8.460406902799797,58.547703487532836,-38.9467902684377,4.867401224850299,68.33089981183909,-28.83004040806749,3.2239283949015594,70.8780420121118,-26.205194527466034,2.418742494454052,42.85446356782002,-32.62814178330746,99.79613852686809,43.31806878186355,-34.222994078977024,109.58015076116692,43.89735094443101,-34.56439294133008,119.48132533963565,44.47142219201334,-34.75091756211743,129.3869313185215,44.73802846362589,-30.064874750206616,138.81110054487115,25.97183893931333,-37.14246026494809,145.40374059716459,-1.5514053638232177,-26.14308109662536,147.05643614726745,-24.379188342697816,-20.42962335376045,147.30184831057713,-35.0620367285762,-20.23088027792113,150.39792847507633,-35.0620367285762,-20.23088027792113,150.39792847507633,-29.088163748106663,-17.00123993368115,145.7502607143777,-29.088163748106663,-17.00123993368115,145.7502607143777,44.73802846362589,-30.064874750206616,138.81110054487115,62.318369374251425,-38.754351315866295,146.63092147127588,91.08319239477507,-34.043354784960506,141.00613792666311,113.00989882996076,-26.119852438236332,137.80470735477138,123.82397525684014,-23.899242653617517,139.1733212699903,123.82397525684014,-23.899242653617517,139.1733212699903,116.69609458285754,-21.901785961291473,135.57859810769932,116.69609458285754,-21.901785961291473,135.57859810769932,44.74471979382452,-34.280998892630244,142.19844161623863,45.00229569376441,-33.789370728223005,149.62518167539187,45.46397150746466,-31.597723683221755,156.72786075977135,46.16434206670874,-29.00499688583457,166.0778762314299
0.94999962,43.3835,-28.1514,91.9252,33.09515447203216,-27.87021534046441,91.39373382573666,27.071796122935616,-30.844755122179308,47.19989523328845,22.046961010171714,-35.49758668453144,7.695376881182007,23.22223175961269,-35.13703148981273,4.292697281121226,14.425792705409393,-24.189172762204226,2.414503934840443,12.676875483710234,-21.93463243589007,1.885026122682703,53.67184552796783,-28.43258465953559,92.45666617426335,56.69789643176555,-32.71987166648057,48.06425366606882,58.79631736061689,-38.60240057111528,8.45999552402688,58.54846127734855,-38.94634920001661,4.866980557976254,68.33172758411749,-28.829642020635628,3.223661593958355,70.87885387238276,-26.204803434307436,2.4184015819432276,42.85467668717436,-32.62240681292985,99.79689276185542,43.31784547724085,-34.2146346927477,109.58135309909626,43.89625370420284,-34.55352548303536,119.48266493115372,44.4689397675889,-34.73677426047012,129.38841223253246,44.73224995681221,-30.04678185496955,138.81070923096115,25.964822383339158,-37.122917410961215,145.40138117755916,-1.5614511958335093,-26.12429068168093,147.00799082352248,-24.39041466378165,-20.414164522287773,147.2186765204823,-35.08227161812125,-20.214227221495754,150.28342459733236,-35.08227161812125,-20.214227221495754,150.28342459733236,-29.096080314696636,-16.98999098566272,145.64787013986896,-29.096080314696636,-16.98999098566272,145.64787013986896,44.73224995681221,-30.04678185496955,138.81070923096115,62.314582799588926,-38.72914494367256,146.63395228239085,91.07309331834546,-34.020583912339774,140.9749552513981,113.00498553234183,-26.1280376239729,137.73283877606414,123.82374989082513,-23.910285757996885,139.06864386942007,123.82374989082513,-23.910285757996885,139.06864386942007,116.68720995191583,-21.915575558341253,135.48961052597292,116.68720995191583,-21.915575558341253,135.48961052597292,44.73858341643995,-34.26149832449681,142.19980233395856,44.994272911300776,-33.766238203858514,149.6263662633692,45.45771020125493,-31.570404961670242,156.72763754063223,46.16367475812987,-28.969451744646754,166.07494714787705
0.95833295,43.3822,-28.1489,91.9247,33.09381455167758,-27.868617870851242,91.3935299661809,27.0710718306863,-30.84470358734815,47.19971155031182,22.046352387336782,-35.49777756790839,7.695207038331688,23.22156132700392,-35.137278962157296,4.292500094297578,14.424982660762037,-24.189544170880684,2.414238209338553,12.67603044272029,-21.935032230758228,1.8847551258012878,53.67058544832241,-28.42918212914876,92.4558700338191,56.696285692608306,-32.72224394698938,48.06399171683494,58.796435801527686,-38.603123106429905,8.4595802261681,58.548407223260114,-38.946842350330485,4.866555212431766,68.33172763112964,-28.830158370654196,3.2234155189409757,70.87883423977927,-26.205321399171634,2.4180879974246325,42.85399100271254,-32.61778502315584,99.79763876894124,43.31671983336359,-34.207403406526005,109.58254420869568,43.89424833051211,-34.543799434642196,119.48399246577651,44.465542973528244,-34.7237855971759,129.38987992993424,44.725542428676874,-30.02985957819034,138.81030988602504,25.956887358269928,-37.10455903452552,145.3990277651437,-1.572345854259403,-26.10671046938848,146.9595941073683,-24.402440290589027,-20.399932449867062,147.13559099420937,-35.103211988766745,-20.19886858673307,150.1689915970451,-35.103211988766745,-20.19886858673307,150.1689915970451,-29.104742379311347,-16.979996658196445,145.54559710750792,-29.104742379311347,-16.979996658196445,145.54559710750792,44.725542428676874,-30.02985957819034,138.81030988602504,62.30987449564327,-38.70505727993535,146.63700774874437,91.0620378411349,-33.99884540267046,140.94390715588125,112.99901706832972,-26.137265638004845,137.6612240719662,123.82237221965431,-23.922413691407105,138.96424938016682,123.82237221965431,-23.922413691407105,138.96424938016682,116.67722288420747,-21.930430131740312,135.40090920191486,116.67722288420747,-21.930430131740312,135.40090920191486,44.73152300295623,-34.24317316572828,142.20114753147482,44.98532022896927,-33.74429294307713,149.62753406827827,45.45051188226492,-31.544274834510208,156.7273952324266,46.162066285067326,-28.935104213903315,166.07199043451075
0.96666628,43.3816,-28.1456,91.9242,33.09315735040231,-27.866373510947128,91.39358222443046,27.071222139902737,-30.8434367094378,47.19971960434781,22.04689916231088,-35.497542149925955,7.695286171432194,23.222048161356945,-35.13722634041857,4.292539164812385,14.425803033991997,-24.189270298712604,2.4140048509969043,12.67695847388999,-21.9347140636796,1.8843548037247304,53.67004264959769,-28.424826489052876,92.45481777556954,56.69469234794034,-32.72164013572507,48.06323085937462,58.79509256905574,-38.602033314515374,8.458760472005785,58.54744552434643,-38.946016339426905,4.865734384789126,68.33163648575018,-28.830123562821136,3.2229070770661075,70.87897106598828,-26.205571187413355,2.4173731021994227,42.8542667757004,-32.612007046871575,99.7986035149785,43.31648879572767,-34.19672472932573,109.5843277963753,43.892888555152325,-34.52880140255491,119.48598762899086,44.462396105027764,-34.704363082796526,129.39205739895843,44.720385181134056,-30.006644591849167,138.8106520055025,25.951848857693005,-37.085230467845584,145.39553280258744,-1.5836689313888037,-26.095110639984,146.89861227367427,-24.411380232886703,-20.3778941989505,147.0419131523924,-35.113637114252235,-20.175091784912993,150.06995371635264,-35.113637114252235,-20.175091784912993,150.06995371635264,-29.112616117541606,-16.958033539342996,145.4486082417736,-29.112616117541606,-16.958033539342996,145.4486082417736,44.720385181134056,-30.006644591849167,138.8106520055025,62.30590466131716,-38.68130414622089,146.63527819899238,91.05134673376999,-33.98287362770858,140.90195173332077,112.98810461989585,-26.135824834195276,137.58321990960914,123.81640509532157,-23.9347346713847,138.86835482079067,123.81640509532157,-23.9347346713847,138.86835482079067,116.66803745626152,-21.93401155092548,135.3163838403542,116.66803745626152,-21.93401155092548,135.3163838403542,44.72595372690683,-34.21859724544266,142.20318069767075,44.97869346048967,-33.716313160546456,149.62937385618935,45.44553131183317,-31.513134907429333,156.72814695497513,46.16030278027911,-28.896851857429446,166.07050775065088
0.97499961,43.3809,-28.142,91.9237,33.09240004214021,-27.863846404415618,91.39363018914227,27.07137062237735,-30.841899880905334,47.19971087361292,22.04753411647311,-35.49704776527827,7.695338398827779,23.222630245541474,-35.13691448700263,4.292553810740108,14.426711363879496,-24.18874691475218,2.413724697396882,12.677973090145992,-21.934148406676556,1.88390368775048,53.66939995785978,-28.42015359558438,92.45376981085772,56.69302565695124,-32.72071834015382,48.06247637667673,58.793700995915096,-38.60063252601118,8.457949463996371,58.54643805507574,-38.94488086643341,4.8649223333161675,68.33150113243897,-28.829780468178573,3.2224103835125457,70.87906440504865,-26.205513213443833,2.416670743568425,42.85444643715121,-32.60592863002364,99.79956762120332,43.316159469845175,-34.18574183708889,109.58610890740974,43.89142604281898,-34.51349555866216,119.48797867571177,44.45914174448954,-34.68462912810525,129.39422878480383,44.715107560710905,-29.983117709568223,138.81098585017895,25.946692515273533,-37.06559086164546,145.3920313273281,-1.5950305068402884,-26.08331234868001,146.83763614083114,-24.420320378591626,-20.355711087305338,146.94821779041706,-35.12405736649555,-20.151186982007083,149.97090619893578,-35.12405736649555,-20.151186982007083,149.97090619893578,-29.120494512356885,-16.935932772255722,145.35160709876413,-29.120494512356885,-16.935932772255722,145.35160709876413,44.715107560710905,-29.983117709568223,138.81098585017895,62.30180909257457,-38.657212074090815,146.6335816485378,91.04048576986295,-33.9665247142056,140.8601392984234,112.97695683471179,-26.133983286898843,137.50543599551068,123.81014497092968,-23.946644399661857,138.7727339985678,123.81014497092968,-23.946644399661857,138.7727339985678,116.6586077502725,-21.93719732185775,135.23208595381337,116.6586077502725,-21.93719732185775,135.23208595381337,44.720269655148954,-34.19370846193365,142.20520534232668,44.971947385282526,-33.688018237341765,149.63120340450035,45.440423607075395,-31.48169092769198,156.72889044569965,46.158406512752684,-28.858312665620655,166.06901504484964
0.9833329399999999,43.3814,-28.1375,91.9261,33.09284266241449,-27.86042006142337,91.39658188996627,27.07263181212711,-30.839618512877635,47.20262822936995,22.049205539994635,-35.49594674580206,7.698342695193787,23.22424731702205,-35.13600508664364,4.295519063583924,14.4286426201311,-24.18764090780477,2.41636477945829,12.680008282735194,-21.933003554253236,1.8863660596955683,53.66995733758551,-28.41457993857663,92.45561811003374,56.69254908912428,-32.71897159655906,48.06462517443676,58.79349047057449,-38.59847439341311,8.460051298891848,58.54661019526722,-38.942994077921774,4.867023862279339,68.33254535177045,-28.828689512239393,3.224806682570573,70.8803372002251,-26.204708970344704,2.4188560436936815,42.85582894157099,-32.59893624531408,99.80343867788099,43.31703617603895,-34.173827992134704,109.59079699936237,43.89117287754608,-34.49724025499161,119.49287509421782,44.45709998778379,-34.6639273309578,129.39930335898632,44.71104375973569,-29.958604713868283,138.81421139761275,25.942756008163983,-37.04495676251415,145.3914432132671,-1.6050922789246194,-26.070626097852546,146.7795508655108,-24.427921379892883,-20.332689245843195,146.85736314184902,-35.13314670230017,-20.126453671704397,149.87465969925162,-35.13314670230017,-20.126453671704397,149.87465969925162,-29.127030436685132,-16.91300181602174,145.25742618459284,-29.127030436685132,-16.91300181602174,145.25742618459284,44.71104375973569,-29.958604713868283,138.81421139761275,62.29892892686464,-38.632151072396695,146.63475343473166,91.03077538193793,-33.94928255193287,140.82110885132775,112.96690066621294,-26.13131004618658,137.43035441433503,123.80493873426542,-23.95775265994373,138.67977025984783,123.80493873426542,-23.95775265994373,138.67977025984783,116.65025483160247,-21.939567727602803,135.15046741288046,116.65025483160247,-21.939567727602803,135.15046741288046,44.715800266643924,-34.16782602544246,142.21012959713286,44.96641712738375,-33.658716004292415,149.63592986902125,45.43653193289517,-31.449215363840317,156.73252133901448,46.15773063946005,-28.818712714476682,166.07039415479753
0.99166627,43.3795,-28.1362,91.9241,33.090885846926696,-27.860175279483183,91.39513499847038,27.07155715580265,-30.840349368783816,47.201126957156994,22.048592921783996,-35.49770742020979,7.696904069286049,23.223580978340543,-35.13794970099942,4.294042436186928,14.428319479234792,-24.189359519577657,2.4145985818451665,12.679794857156852,-21.934677025032595,1.8844299485979237,53.668114153073304,-28.412224720516814,92.45306500152961,56.68965438577567,-32.720368138265826,48.062364430753895,58.79084470713484,-38.59938486948235,8.45773160582415,58.54434648917398,-38.94416852116174,4.864703258360588,68.33116987733948,-28.830672352749083,3.222800636290864,70.87919461843101,-26.20698100743235,2.416644781077073,42.85480424507234,-32.59515661662073,99.80290087388653,43.31550479083486,-34.16514671226075,109.59107052643783,43.8885130783292,-34.484239876151605,119.49335410628046,44.45265329513128,-34.64650294595729,129.3999577398354,44.70458629455639,-29.937390924189973,138.8130250123161,25.936421197156996,-37.02760921157559,145.3864390684959,-1.6174739359281496,-26.061342507587256,146.71707020143407,-24.43780228611066,-20.313117543901136,146.76208127465515,-35.14452081411592,-20.105197911507155,149.7739591970481,-35.14452081411592,-20.105197911507155,149.7739591970481,-29.135844378285743,-16.89351957321705,145.15882317580005,-29.135844378285743,-16.89351957321705,145.15882317580005,44.70458629455639,-29.937390924189973,138.8130250123161,62.29365507900094,-38.61040391551061,146.63149633275094,91.01861837218293,-33.935372187127996,140.77766991031882,112.95434104416636,-26.131991753328617,137.35088907355237,123.79718383177551,-23.97223714828612,138.58242517129938,123.79718383177551,-23.97223714828612,138.58242517129938,116.63938804678247,-21.94530051680161,135.06446579887248,116.63938804678247,-21.94530051680161,135.06446579887248,44.70893164624561,-34.145249554686615,142.2106321049143,44.95849140960941,-33.632735172998146,149.6362337933684,45.43025245428636,-31.420077663953457,156.73173234998114,46.15468078019351,-28.782475267879143,166.06735218410284
0.9999996,43.3805,-28.1305,91.9276,33.09182750961777,-27.85778828475404,91.39805159237369,27.072532297554833,-30.832218833680905,47.203652056803044,22.051585649124945,-35.494103152867766,7.699706569824912,23.22611990016934,-35.135127907920214,4.296605644163372,14.430712243264123,-24.18687816703307,2.4158630355064705,12.682065895992697,-21.93231054006211,1.8856073872679548,53.66917249038222,-28.403211715245963,92.4571484076263,56.691343658805316,-32.7190685890736,48.06724005985669,58.79535316461985,-38.60008643729581,8.463054008905793,58.548351159355725,-38.945772460599656,4.870146964980515,68.33175604916461,-28.829617460743485,3.2242557835992676,70.87880954829018,-26.205344932771272,2.416923267765481,42.85678418608659,-32.58610994052107,99.80835914862818,43.31721729254373,-34.15008589754542,109.59750413686531,43.88883246997718,-34.463742047165965,119.50004194033433,44.450894316864975,-34.62128370818239,129.40683991676028,44.7026549152858,-29.907965422652147,138.81780634356093,25.936249896751587,-37.003714362093305,145.39027760700165,-1.6325905879662805,-26.063013131343524,146.61780053862105,-24.44376895989026,-20.278409181080853,146.61698636831588,-35.14118585545934,-20.05045649811684,149.66030202193886,-35.14118585545934,-20.05045649811684,149.66030202193886,-29.140224077198692,-16.85040417410419,145.02708784458852,-29.140224077198692,-16.85040417410419,145.02708784458852,44.7026549152858,-29.907965422652147,138.81780634356093,62.29367989016246,-38.58747302716444,146.6246608264163,91.00734922081195,-33.943954121224166,140.69088905963133,112.92315854673262,-26.10460596569129,137.21908487070712,123.76519616425819,-23.956469710167106,138.47773166736104,123.76519616425819,-23.956469710167106,138.47773166736104,116.61645623140397,-21.91627276090248,134.94904004943933,116.61645623140397,-21.91627276090248,134.94904004943933,44.70676513112965,-34.1143026922955,142.21729703661114,44.95808643825805,-33.597654781564174,149.6425528597744,45.43109451128852,-31.38101906840241,156.7367265946419,46.15719737243259,-28.734783114414192,166.06977274245767
1.00833293,43.3799,-28.1276,91.931,33.09116488096329,-27.85840003601471,91.4008718648374,27.07194030452508,-30.82728111375741,47.20608956087504,22.053083157018747,-35.493851101600605,7.702431791353419,23.227149669097518,-35.135643410070735,4.299088594062843,14.431402298849067,-24.18788927819319,2.4170501601498584,12.682594102676873,-21.933467541493606,1.8867079960733153,53.66863511903671,-28.39679996398529,92.4611281351626,56.69149664206488,-32.720468489821016,48.07202698475301,58.798419013221476,-38.60357946485479,8.468306666235492,58.550918912917574,-38.950185960013314,4.875522581230733,68.33069173850451,-28.831175847541807,3.2256017274893303,70.87671839015071,-26.206272487947686,2.4170819308864626,42.85725057314564,-32.57985823909791,99.81372396468971,43.317448113895054,-34.137793544827574,109.60384321049307,43.88767863769445,-34.445986592071556,119.50663237495365,44.44766783304224,-34.598781047572785,129.41362207898896,44.699169608980604,-29.881238345774474,138.82247851637865,25.93466844652769,-36.98286990811365,145.39403191851207,-1.6491235656657892,-26.068814121447552,146.51854343627951,-24.451162581837245,-20.248477439693218,146.4716408135412,-35.13919217868052,-20.000762162827726,149.54623368243844,-35.13919217868052,-20.000762162827726,149.54623368243844,-29.14603009393187,-16.812152617156308,144.89506951150784,-29.14603009393187,-16.812152617156308,144.89506951150784,44.699169608980604,-29.881238345774474,138.82247851637865,62.292303645107864,-38.566899957492396,146.6177274536218,90.99434266032529,-33.954427989268645,140.60401143511152,112.88995222791766,-26.078768686304205,137.08722676055615,123.73110416039903,-23.942205837741426,138.37291132601567,123.73110416039903,-23.942205837741426,138.37291132601567,116.59141120075743,-21.88877733597615,134.83359407773935,116.59141120075743,-21.88877733597615,134.83359407773935,44.703127153638,-34.086048179406426,142.22385848527838,44.95620362844377,-33.56525222017169,149.64876490686004,45.430420985253086,-31.344620318381118,156.7416080150749,46.158156185833846,-28.689726655066167,166.07206789659872
1.01666626,43.3778,-28.1238,91.933,33.089008055436146,-27.857932183877185,91.40229345601551,27.069796733389953,-30.821082705387965,47.20712475741881,22.052946041794378,-35.49218923295116,7.703748286079133,23.226550647543988,-35.134763495882616,4.300163570599832,14.430651268952909,-24.18735097200741,2.4168488985916152,12.681719743259908,-21.9330441975753,1.886424756902486,53.666591944563855,-28.389667816122813,92.4637065439845,56.69008001146463,-32.72104644125466,48.0753997350392,58.79981401199018,-38.606154029655485,8.472125743991782,58.55181010896608,-38.95366412232217,4.879463688749235,68.32814287071147,-28.83198214461357,3.2255493397720745,70.87319262487368,-26.206494355438828,2.4158523363608,42.8561378804323,-32.57270999051089,99.81767954224144,43.31606972240941,-34.1246292900977,109.60876672542521,43.884907651217105,-34.42738529438078,119.51180369662856,44.44281923743412,-34.57545889400977,129.418982301633,44.69414035766587,-29.853711139139726,138.82573400346428,25.931432315258657,-36.96094479289728,145.3963508349561,-1.6669560443610578,-26.073700688618846,146.41791698820404,-24.459671708219226,-20.217514942358562,146.32462491023117,-35.13823846849651,-19.949972811871856,149.4302800722831,-35.13823846849651,-19.949972811871856,149.4302800722831,-29.152828610335696,-16.772790164078998,144.76134764546865,-29.152828610335696,-16.772790164078998,144.76134764546865,44.69414035766587,-29.853711139139726,138.82573400346428,62.289211893522804,-38.545853539458236,146.6093775577814,90.97946250164969,-33.96495166163573,140.515808844077,112.85487071403821,-26.05339533388882,136.9541667713453,123.69512602514047,-23.928736686389648,138.26685533021606,123.69512602514047,-23.928736686389648,138.26685533021606,116.56455572613532,-21.861860294569716,134.71699055171436,116.56455572613532,-21.861860294569716,134.71699055171436,44.697870860638766,-34.05699783808637,142.2289962769022,44.952708818340845,-33.5320682796431,149.65355135289744,45.42816976876172,-31.307458169440764,156.7450644668041,46.157580185067246,-28.643933726024713,166.07293338045798
1.02499959,43.3759,-28.121,91.9348,33.08705186304675,-27.85848260400539,91.40351529147374,27.067929169215816,-30.815914564910752,47.20795148193256,22.053155053283824,-35.49156073976526,7.704848399975226,23.22630877075258,-35.13491469746575,4.301026459964066,14.430231239866037,-24.18787098660446,2.4164004856325327,12.681171747821395,-21.933684537179435,1.8858869331033477,53.66474813695325,-28.38351739599461,92.46608470852625,56.68886361489246,-32.722681463442655,48.078581027626875,58.8014097687852,-38.6098525963467,8.475763646920562,58.55290286628892,-38.95827381259333,4.883224597852213,68.32577708034944,-28.83390883976159,3.225296827094809,70.86984503360392,-26.207834669639418,2.414416859503605,42.85523092109026,-32.566561016233265,99.82143387737216,43.314896277529456,-34.11246251140387,109.61348551978699,43.88233890344135,-34.40978049296991,119.51676729526605,44.4381701752667,-34.55313255312906,129.4241322741345,44.6893013559614,-29.82718215557833,138.82877834487917,25.928378993805094,-36.94001573162038,145.39843430852542,-1.6844227518231136,-26.080183126358893,146.31709484557484,-24.467724197142434,-20.188402541714403,146.177098295199,-35.1367444724289,-19.901126271862594,149.31364728113405,-35.1367444724289,-19.901126271862594,149.31364728113405,-29.159110874505945,-16.735283889012116,144.62708251259684,-29.159110874505945,-16.735283889012116,144.62708251259684,44.6893013559614,-29.82718215557833,138.82877834487917,62.28633418306812,-38.52575113605865,146.60080010331205,90.96453662781207,-33.97640878715019,140.42739663596026,112.81958477306289,-26.02895986874951,136.82095399837667,123.6588965838798,-23.9163334902579,138.16057711091642,123.6588965838798,-23.9163334902579,138.16057711091642,116.53747418340816,-21.8359248079054,134.60026905370881,116.53747418340816,-21.8359248079054,134.60026905370881,44.69281164495506,-34.02894555618263,142.23392138081957,44.949409346101305,-33.49988634561895,149.6581227165852,45.42611003487509,-31.271289306319446,156.74830065456732,46.157193549431014,-28.599123959250708,166.07356685661588
1.0333329199999999,43.372,-28.1179,91.9354,33.08296745880628,-27.861905290103735,91.40450369679027,27.064635177044437,-30.808003193353123,47.20807526709957,22.0542907717884,-35.49022890148546,7.705189409876127,23.226634724361475,-35.13437236241357,4.301005862523677,14.428956491897994,-24.188778487409433,2.4154307668273676,12.679950268213938,-21.934855843057917,1.8836223166369646,53.66103254119372,-28.373894709896263,92.46629630320973,56.68602186910345,-32.725743316231785,48.08009399299211,58.80327952735564,-38.61611362651262,8.478003930643965,58.55328115364912,-38.963419587023694,4.885460371195093,68.32382486537111,-28.836961512045637,3.226580196787785,70.8671564898946,-26.21018154888966,2.4156764463580767,42.85443059755615,-32.559858876249294,99.82426723236385,43.31397843048745,-34.09761957879499,109.61760613446228,43.87964036039384,-34.387115334409444,119.52122152627429,44.432263663583875,-34.524904962250346,129.42884488122834,44.68337716856021,-29.79583221106504,138.83192175359386,25.9277045183461,-36.92002907688099,145.4042540104954,-1.7070047670607593,-26.103067903360497,146.15453084047073,-24.476303979642264,-20.160588920342203,145.91482446942265,-35.129036975709845,-19.838357685850088,149.10291285854782,-35.129036975709845,-19.838357685850088,149.10291285854782,-29.157390895707543,-16.674921717396817,144.40709911410977,-29.157390895707543,-16.674921717396817,144.40709911410977,44.68337716856021,-29.79583221106504,138.83192175359386,62.282115358104576,-38.505782597220275,146.58731776196038,90.9391922424337,-34.04713374193459,140.25177386495292,112.73593307540446,-25.971098875382324,136.57872987739472,123.56527823692382,-23.848681472963907,137.98197204233014,123.56527823692382,-23.848681472963907,137.98197204233014,116.45920909531088,-21.764269702436078,134.39344035384454,116.45920909531088,-21.764269702436078,134.39344035384454,44.68637367166763,-33.99645724799582,142.23846947997015,44.94504139597096,-33.46403497697416,149.662358557551,45.42354909858978,-31.231538722773987,156.75118796416083,46.156329864167546,-28.549344802545175,166.07344137255342
1.04166625,43.3692,-28.1124,91.938,33.07998291480857,-27.863090364795113,91.40749902017174,27.062447667886502,-30.79794323846989,47.210213917895,22.05657883852348,-35.48681359587343,7.707548796100063,23.228110903259765,-35.131726322000006,4.30300543570239,14.428642187815404,-24.187737152476963,2.416470945352872,12.679650282405582,-21.934109940272563,1.8833649632791867,53.65841708519143,-28.36170963520489,92.46850097982826,56.68433939365323,-32.72611158487851,48.083594851113304,58.806379758082485,-38.61957570673705,8.482221074107798,58.55489162866568,-38.9657654267457,4.889673754708543,68.32294383328377,-28.837058946100054,3.229847812995765,70.86549714081477,-26.209532392102645,2.4189221036970086,42.854801095525396,-32.550762678090365,99.82909836837115,43.31425410346917,-34.080377946370874,109.6237172535006,43.87813879480127,-34.362047557507076,119.5276596667744,44.42755681859322,-34.49427199361905,129.4355371172694,44.67857750098199,-29.762080597664475,138.8370473658979,25.928277928915062,-36.897942843157814,145.41205495609046,-1.7277243154570776,-26.12512175754388,145.99393755304192,-24.482726655295135,-20.1329305403806,145.6547986863285,-35.118787970253486,-19.7775257203798,148.89460546285554,-35.118787970253486,-19.7775257203798,148.89460546285554,-29.15355487341632,-16.615457076119004,144.18972855233545,-29.15355487341632,-16.615457076119004,144.18972855233545,44.67857750098199,-29.762080597664475,138.8370473658979,62.27915915974906,-38.48310855614441,146.57579309505087,90.91386842028568,-34.11477586196373,140.0782692068693,112.65118536999644,-25.910011359980118,136.33896532314884,123.47027297571806,-23.778188481459825,137.80564027868684,123.47027297571806,-23.778188481459825,137.80564027868684,116.37958457174383,-21.689355967701232,134.18936215871673,116.37958457174383,-21.689355967701232,134.18936215871673,44.68112800027365,-33.961569334930694,142.24499615256232,44.94185812026329,-33.42578860764581,149.66857145825568,45.42213685400585,-31.18939407883681,156.75605220616094,46.15657399874739,-28.497172986033604,166.07528437165018
1.04999958,43.3652,-28.1067,91.9388,33.075802426054516,-27.86409306842158,91.40869222601921,27.059067734819592,-30.787713852350866,47.2105537197759,22.057690371393765,-35.48323792466446,7.70811002517727,23.22840487026333,-35.12891943136322,4.303205355286888,14.427143118650797,-24.186534526088245,2.415729484073545,12.678164537506724,-21.933203477754116,1.8813294520631851,53.65459757394549,-28.34930693157842,92.46890777398079,56.681479519243375,-32.726259679822725,48.085303001735596,58.80831824413143,-38.622812088305814,8.484646360433189,58.555340880061465,-38.967887736238154,4.892096417276896,68.3208672001012,-28.836901300652315,3.2313223403517064,70.862633377009,-26.20862023048771,2.420374168307479,42.853972912794354,-32.541463534818945,99.83212770192948,43.31332000236744,-34.062931588619165,109.62802042556453,43.875414520443556,-34.33677549252262,119.53228406853384,44.421615786641176,-34.46343634582573,129.44041205748536,44.6725225800807,-29.728126905393662,138.840355250418,25.92759713869905,-36.8756832804764,145.41798376699273,-1.748871632551296,-26.147738079046047,145.83149283474324,-24.48917733116757,-20.106387411860908,145.39322226810444,-35.10819379219754,-19.71939299794649,148.6849065717456,-35.10819379219754,-19.71939299794649,148.6849065717456,-29.149728894428144,-16.557769072286476,143.97116273393385,-29.149728894428144,-16.557769072286476,143.97116273393385,44.6725225800807,-29.728126905393662,138.840355250418,62.274924006375414,-38.46020820519845,146.56247989595292,90.88612859836394,-34.18227816399727,139.9032751387793,112.56307948781736,-25.849075379676258,136.0981425876572,123.3716652657246,-23.70844616135361,137.6280578997411,123.3716652657246,-23.70844616135361,137.6280578997411,116.29642119432293,-21.614647199454012,133.984504964623,116.29642119432293,-21.614647199454012,133.984504964623,44.674630414265444,-33.926479041437496,142.24970445383076,44.93741266652233,-33.38733893888656,149.6729641785218,45.41945090733551,-31.147045238269527,156.75909392414948,46.15553219377764,-28.44479746300988,166.07529388911664
1.05833291,43.3605,-28.1004,91.9394,33.070926360752324,-27.86447857290129,91.40969233275796,27.05494732156567,-30.77685131693269,47.2107083687584,22.058028731765145,-35.47902038040168,7.708490831062349,23.227924253773597,-35.12547365460943,4.3032244649954965,14.424867655962851,-24.184695921188705,2.4148023396151697,12.675901558309477,-21.93166263311701,1.8791075785805156,53.65007363924768,-28.33632142709871,92.46910766724206,56.67790034480325,-32.7259020295095,48.08681446571783,58.809510865467125,-38.62559952363145,8.486882827442919,58.555040410642974,-38.969567023943405,4.8943320637165755,68.31807728507626,-28.836340785294137,3.2325866004142076,70.85906568509115,-26.20731651998888,2.4216100390846673,42.85243795649787,-32.531561255523044,99.83495481533781,43.31167313916613,-34.044885494491204,109.63211419115441,43.87197423566336,-34.31090969036347,119.53669256930229,44.41495742970988,-34.43201408144957,129.44506690709568,44.665758066302196,-29.69359487289133,138.8434457136054,25.92621799991845,-36.85282153385687,145.4237269049618,-1.769911686788781,-26.170547544874093,145.66897054177278,-24.495143526401133,-20.080642626836738,145.1319433868417,-35.096749447561876,-19.663700214531715,148.47567958278998,-35.096749447561876,-19.663700214531715,148.47567958278998,-29.145426043345665,-16.50156358403071,143.75326574850607,-29.145426043345665,-16.50156358403071,143.75326574850607,44.665758066302196,-29.69359487289133,138.8434457136054,62.269937864302506,-38.43676864504434,146.54894731114035,90.85650491607274,-34.249432967186294,139.7283076229893,112.47216902722138,-25.78813624010327,135.85777471778692,123.270022716811,-23.639348119893725,137.45073615596624,123.270022716811,-23.639348119893725,137.45073615596624,116.21028795279624,-21.540005107634126,133.7803881162836,116.21028795279624,-21.540005107634126,133.7803881162836,44.66741760100927,-33.89081260125864,142.2541916259571,44.93225365479767,-33.34832236060404,149.6771342840886,45.41605474687248,-31.104138941116194,156.76191295286173,46.153786724712724,-28.391877320167247,166.07507186457366
1.06666624,43.3543,-28.0903,91.9398,33.064523992435845,-27.86019473405909,91.41146668594214,27.05003564658054,-30.766690252163666,47.21189297769459,22.058319803868123,-35.47446776034155,7.709685652418344,23.226573339018945,-35.12145534162813,4.303800194355828,14.419698116304401,-24.183532860454626,2.4166431772065113,12.670510472965626,-21.931009673073657,1.8795285119794163,53.64407600756416,-28.32040526594091,92.46813331405787,56.67185223503742,-32.72553375662064,48.087377165171105,58.80901343841857,-38.62457010971458,8.487646209195674,58.55470208062759,-38.96966738754021,4.895192528807317,68.31527380541431,-28.834527510809565,3.230638449061461,70.85597960075611,-26.2046991143022,2.4213855305989735,42.84977293353161,-32.51795055841181,99.8375506877779,43.30888394191474,-34.02210874739056,109.6361273326233,43.867174143423334,-34.27875657335389,119.54106665524047,44.407585958621894,-34.39247683393457,129.44966906994696,44.65997197354876,-29.650472300137828,138.8461969418218,25.925584467927333,-36.82819980677101,145.4209928679124,-1.7937646271866008,-26.203494765042926,145.41391053184375,-24.4963744294409,-20.04601898491917,144.71498104772073,-35.09463074775549,-19.600005899739447,148.06557743792013,-35.09463074775549,-19.600005899739447,148.06557743792013,-29.12306599639522,-16.419718257450775,143.3810565780689,-29.12306599639522,-16.419718257450775,143.3810565780689,44.65997197354876,-29.650472300137828,138.8461969418218,62.26980718001934,-38.40655598879036,146.52406717244318,90.81536646397386,-34.38742295876704,139.43574321728892,112.32184725383397,-25.691021151708235,135.47905497008483,123.09929214247717,-23.48145137438237,137.12615663733268,123.09929214247717,-23.48145137438237,137.12615663733268,116.04381070837118,-21.415663747771394,133.42869075263667,116.04381070837118,-21.415663747771394,133.42869075263667,44.6621167867328,-33.84638708767262,142.2585453395566,44.93001309791082,-33.30172239418866,149.68121894417033,45.415191998714235,-31.054030690640133,156.76479113216377,46.15380632157248,-28.32925710178256,166.0742271117456
1.07499957,43.3494,-28.0851,91.937,33.059421614628256,-27.860971491732062,91.41004075075594,27.04639451430544,-30.761530410579244,47.20987824767141,22.059905155292313,-35.474845519110396,7.707671166925401,23.226495935297244,-35.12234140891488,4.301163182507524,14.415626288634446,-24.18740609617788,2.4153406097892667,12.666179135656844,-21.935420168016527,1.8768201150986656,53.63937838537175,-28.30922850826794,92.46395924924406,56.667185447824394,-32.729857019220276,48.08474643276074,58.809981720871136,-38.628185218954336,8.485214512920592,58.55583578645488,-38.97441455528919,4.8928580531186405,68.3138005850712,-28.83722530812875,3.225501415737323,70.8541856860725,-26.206556869423515,2.4179738782434956,42.848473322035915,-32.50925811279138,99.83693673460908,43.307471823257586,-34.00426115118933,109.63691965966855,43.86374267963902,-34.25154301142467,119.542210844502,44.40157377705976,-34.35789036847558,129.45103554729573,44.65545998126122,-29.612316914786604,138.84572107353654,25.926355348977616,-36.808886439621084,145.4149687920502,-1.8144606293950005,-26.24353988745684,145.15554110128116,-24.493553955416704,-20.020078694272453,144.2960302365879,-35.08827196878819,-19.548383111378357,147.6542908466484,-35.08827196878819,-19.548383111378357,147.6542908466484,-29.097385059731316,-16.348363563727204,143.0080343221649,-29.097385059731316,-16.348363563727204,143.0080343221649,44.65545998126122,-29.612316914786604,138.84572107353654,62.27101739678653,-38.381061778113974,146.49596546846934,90.7721232178986,-34.5298163941536,139.1405866470696,112.16616794585777,-25.59862464545362,135.0982894825806,122.92264125018157,-23.328581693898563,136.79936205079412,122.92264125018157,-23.328581693898563,136.79936205079412,115.871460637456,-21.295723949394137,133.07553443514172,115.871460637456,-21.295723949394137,133.07553443514172,44.658153229366135,-33.80693527204092,142.25966258964365,44.929093406527855,-33.26010755812535,149.6820666728362,45.41560797356099,-31.00890281329338,156.76443155156215,46.15505066911569,-28.271613593858778,166.0701294144609
1.0833329,43.3488,-28.0654,91.9389,33.05862678454716,-27.847067977738472,91.41331353324868,27.047087046534674,-30.741584642158035,47.21255261776563,22.065829324203754,-35.460351726946406,7.710336371164537,23.230777628428392,-35.10837811475317,4.303211502832912,14.416114639178259,-24.176276806529113,2.418685468873761,12.666449097951833,-21.924799116502328,1.878751222824771,53.638973215452836,-28.28373202226153,92.46448646675132,56.666768149305284,-32.71983832124265,48.08681729640533,58.81511298693813,-38.61742428508011,8.487475459099954,58.56112824858832,-38.964775853110794,4.8952159355588165,68.31664453880748,-28.825688529926627,3.225074874416185,70.8567487200243,-26.19421838891634,2.419277589029761,42.85139166563138,-32.486053017927844,99.84102090507898,43.31024072617702,-33.97190600415707,109.64240231197005,43.86447691386141,-34.209831256936155,119.54803671178266,44.399715611459165,-34.3088151037664,129.45707807687245,44.65517486473883,-29.55967722352519,138.84991959104545,25.93123678430595,-36.77472948453254,145.4136191934837,-1.8288706748514976,-26.269431163424237,144.90189399325382,-24.48335151413515,-19.980692606789486,143.88318524742635,-35.07434463755419,-19.486320254890213,147.24992275846463,-35.07434463755419,-19.486320254890213,147.24992275846463,-29.064963601450625,-16.265233002499183,142.64226747305463,-29.064963601450625,-16.265233002499183,142.64226747305463,44.65517486473883,-29.55967722352519,138.84991959104545,62.27624687151062,-38.341398536486054,146.4725294429041,90.72957132833324,-34.658531278312715,138.85074895843366,112.0082012072925,-25.49355089406633,134.72345598717024,122.7432294423726,-23.16371591311951,136.47830600482237,122.7432294423726,-23.16371591311951,136.47830600482237,115.69643676992214,-21.16292473399985,132.72889292504314,115.69643676992214,-21.16292473399985,132.72889292504314,44.658341489064796,-33.752998381106025,142.26545391730764,44.93232802114765,-33.204013266202615,149.68758691438816,45.420209688717634,-30.94930501687883,156.76874315411203,46.160516252229016,-28.19951863010561,166.0706871179047
1.09166623,43.3412,-28.0675,91.9389,33.05083204249276,-27.85510853342208,91.41469395841604,27.04071209088313,-30.74366243109411,47.21334989743179,22.064674183139573,-35.46794201131839,7.711134657288937,23.227968622108456,-35.116483286195596,4.303391612926712,14.409370639573076,-24.187328280247833,2.4201865050348763,12.659456503153612,-21.936382364773348,1.8788425425968955,53.631567957507244,-28.27989146657792,92.46310604158397,56.65938921765988,-32.7315042278195,48.08699146977271,58.8133264819723,-38.62837581288816,8.487847041381137,58.55950501079325,-38.97685852174745,4.895685532485054,68.31242892027075,-28.835740473392818,3.2227357587984584,70.85221309492727,-26.20343420627678,2.4186625768890573,42.84737423968442,-32.484652536833124,99.84320278641307,43.306094135643676,-33.96135139490738,109.64597359777112,43.85829793306506,-34.18991896526603,119.55194184283903,44.39094607741558,-34.281539021102205,129.46119361883547,44.647910885287494,-29.528839970429416,138.8521926374303,25.929265049247206,-36.762640696354936,145.41034893035982,-1.8483117519746024,-26.319005885202458,144.64651607985638,-24.477342272961614,-19.966484953419904,143.47009875105556,-35.06445081042915,-19.452793574738614,146.84614893051298,-35.06445081042915,-19.452793574738614,146.84614893051298,-29.037538517224657,-16.20912405226915,142.27739778903162,-29.037538517224657,-16.20912405226915,142.27739778903162,44.647910885287494,-29.528839970429416,138.8521926374303,62.2745700445203,-38.32327546086286,146.44717651686275,90.67666366614982,-34.80846126339632,138.55959889724596,111.83665739947918,-25.410161313866947,134.3479334898164,122.54972267338083,-23.02096183190843,136.1563635004598,122.54972267338083,-23.02096183190843,136.1563635004598,115.50733695851355,-21.051556453106176,132.3821355461966,115.50733695851355,-21.051556453106176,132.3821355461966,44.65160996169133,-33.720865515021806,142.2693164634452,44.928634781481335,-33.16972283262216,149.69117677574948,45.41785069640372,-30.911520344230116,156.77112739792946,46.15897881035207,-28.149251766494707,166.06930689230205
1.09999956,43.3314,-28.0637,91.9367,33.04077072222512,-27.855804937177787,91.41583195504381,27.033562373683356,-30.7426894854636,47.213983037695584,22.062683360074047,-35.47668091082936,7.712280964156754,23.22760416554431,-35.12483137871378,4.305133877908119,14.411687944356025,-24.19388948309251,2.4197449377843565,12.662172925032458,-21.94259353903596,1.8785665435964518,53.622029277774885,-28.271595062822215,92.45756804495619,56.65265561187849,-32.733993062400415,48.08272821013088,58.81256178583031,-38.629242726888016,8.48366740809817,58.559783867100414,-38.978056559774416,4.891464452057173,68.3145641519619,-28.83840595824308,3.220444322632385,70.85489100505684,-26.2065815529617,2.4165081318746418,42.84204244586637,-32.47784813000289,99.84295881344042,43.30065348072305,-33.94568863363471,109.64706505598011,43.85158521464488,-34.16396181891964,119.55333630612985,44.382632644006534,-34.245606320317286,129.46276120586847,44.64311724667587,-29.487163990569215,138.85075439463006,25.923956672443403,-36.73648131491631,145.39028148510243,-1.8626873689248065,-26.346039700017208,144.30039268083408,-24.473693507463604,-19.98118613626084,142.87121713007113,-35.084989429837464,-19.421499481627148,146.1629659855127,-35.084989429837464,-19.421499481627148,146.1629659855127,-28.985962490775798,-16.158133427755285,141.70529135081796,-28.985962490775798,-16.158133427755285,141.70529135081796,44.64311724667587,-29.487163990569215,138.85075439463006,62.273758021184186,-38.303201410072084,146.41137466932776,90.58785565248071,-34.98793672380968,138.1308181043721,111.59779125308461,-25.31066165552037,133.80133135059367,122.27911712107203,-22.798479034627405,135.63072387599928,122.27911712107203,-22.798479034627405,135.63072387599928,115.22083754853054,-20.907729363299016,131.84597739704205,115.22083754853054,-20.907729363299016,131.84597739704205,44.646661561382615,-33.677076624211395,142.27046880555372,44.92527425542989,-33.1244822511143,149.6921617342619,45.41581682211629,-30.86267275658445,156.77086905291998,46.15855017921513,-28.085358142468866,166.06443732247462
1.10833289,43.3231,-28.0528,91.9362,33.032216937232015,-27.849149904985417,91.41867972287497,27.027815485968386,-30.73429843821458,47.21633608135219,22.061954692751172,-35.47795760339877,7.715162630466558,23.228501435505112,-35.125752465113415,4.308608641295747,14.415525449946779,-24.192816382284654,2.421037745474052,12.66646173459943,-21.94112988004387,1.8800254533937388,53.61398306276798,-28.256450095014586,92.45372027712503,56.647272877719395,-32.72978464616971,48.0801635891385,58.812972770428914,-38.6235264110589,8.481194768302792,58.56122738653538,-38.97267009312945,4.88895134746415,68.31812596433842,-28.834743043474134,3.2198419207541757,70.85906336400701,-26.20346793343032,2.416037189597811,42.8381088384763,-32.463928030021705,99.84441320087545,43.29657836088034,-33.92291984775449,109.64984677686869,43.84623407236674,-34.13091388846276,119.55641006179552,44.375680237349336,-34.20259765027912,129.4659977039266,44.639801012656555,-29.43842483509284,138.85098248543218,25.919994390339404,-36.702821156324724,145.37190074524221,-1.8714734754769893,-26.364728352542425,143.95596547706086,-24.46160050044209,-19.98708564553703,142.27568670920036,-35.09531565809418,-19.383824924373563,145.48639368416485,-35.09531565809418,-19.383824924373563,145.48639368416485,-28.927082187175593,-16.10053221422363,141.13996577362957,-28.927082187175593,-16.10053221422363,141.13996577362957,44.639801012656555,-29.43842483509284,138.85098248543218,62.274115082846706,-38.27649466153281,146.3772350627023,90.49332385939024,-35.160250248136684,137.70474992741237,111.34870398772905,-25.204941504052847,133.2599271241435,121.99683897437696,-22.570554314917196,135.1107880791336,121.99683897437696,-22.570554314917196,135.1107880791336,114.92344381663752,-20.757594896806356,131.3162117069261,114.92344381663752,-20.757594896806356,131.3162117069261,44.64308904664833,-33.6262243215602,142.27328459687357,44.92330208479582,-33.07218960033472,149.69480989046576,45.41522469618399,-30.806802053463354,156.77227715703685,46.15962239162465,-28.014487411325202,166.0612163589438
1.11666622,43.3172,-28.0453,91.9327,33.026063270022895,-27.846054041404063,91.41852039820769,27.024547371298308,-30.729421517406017,47.215668667061536,22.063811408656612,-35.48270116055657,7.715007773438963,23.23198690284318,-35.13011125311329,4.309051782009961,14.421804926347928,-24.195296236530275,2.419322940575616,12.673162455049223,-21.943241613530553,1.8784812192782074,53.608336729977104,-28.24454595859594,92.4468796017923,56.644410662780224,-32.72870672221137,48.074606056586106,58.81604228552399,-38.62085808997501,8.475725415279335,58.56533874803821,-38.97033202685075,4.883441246768069,68.3241790293234,-28.83395610242954,3.2162638467354565,70.86568164845661,-26.20318505913694,2.4125961453114164,42.836636660622766,-32.4534230105982,99.84285887038821,43.29497256613198,-33.90357315021107,109.64961020866032,43.84333909986509,-34.101293649310385,119.55645530633483,44.37116879465485,-34.16302299491475,129.4661961879921,44.63883245080186,-29.393132450270446,138.84817583544876,25.918514845134233,-36.6729271611096,145.3504282568001,-1.8739311053203664,-26.387402423530926,143.60840339942385,-24.44061972252853,-19.997411489734368,141.67861507943508,-35.09515873615455,-19.353521662135282,144.81145167394484,-35.09515873615455,-19.353521662135282,144.81145167394484,-28.860709219171362,-16.049801054304975,140.5764050249279,-28.860709219171362,-16.049801054304975,140.5764050249279,44.63883245080186,-29.393132450270446,138.84817583544876,62.27682342560877,-38.25300026043331,146.3401051997093,90.39418194406579,-35.3341569481524,137.2769255533101,111.09028822961461,-25.101273112582216,132.71942895265389,121.7037315124151,-22.345271874092127,134.59232502213618,121.7037315124151,-22.345271874092127,134.59232502213618,114.61594472885152,-20.60936135204161,130.78858424180694,114.61594472885152,-20.60936135204161,130.78858424180694,44.64192416295095,-33.578822232273474,142.27305810819206,44.923713181095216,-33.02335297903741,149.69441649870674,45.41696621540393,-30.754377397761637,156.77064167589123,46.16295984886049,-27.947054525323146,166.05492798530273
1.12499955,43.3085,-28.0371,91.9331,33.01710994912416,-27.842383378337853,91.42226630105061,27.018496982140512,-30.724049419120735,47.21890957837926,22.062930737509546,-35.4870078680655,7.718765658404742,23.232728822349458,-35.13401892785054,4.313407954375576,14.42518632239677,-24.197451277785895,2.4215189124160372,12.676932747969913,-21.945053946326023,1.8808471213670068,53.59989005087584,-28.231816621662144,92.44393369894938,56.63878495551338,-32.72677052941735,48.07294532393429,58.81640349727964,-38.61730843915003,8.474153419249149,58.56674453577486,-38.967116222095044,4.881828996047446,68.32739851355089,-28.832169861685166,3.216579105568722,70.869433138698,-26.201871361852,2.4130472854591476,42.832420595923274,-32.442219228136594,99.84520313010486,43.290639257067305,-33.883519625729754,109.65326450138906,43.83771588992626,-34.07096076488122,119.56038073253994,44.36392664649029,-34.12273036371737,129.47026474743703,44.635069391913945,-29.347124494160326,138.84923654269562,25.91437504261793,-36.64257060390143,145.33283569595145,-1.8752023950786239,-26.40979725417399,143.26487606206726,-24.415956740494117,-20.007913544477518,141.0873130326338,-35.089831694999575,-19.326440250703502,144.14549033886016,-35.089831694999575,-19.326440250703502,144.14549033886016,-28.792165151253172,-16.001760217793507,140.02184516301017,-28.792165151253172,-16.001760217793507,140.02184516301017,44.635069391913945,-29.347124494160326,138.84923654269562,62.27673851128998,-38.228602376907865,146.30684005459676,90.28533397329844,-35.50559587387757,136.85429873122695,110.81755844061327,-24.995845962408417,132.1869207240186,121.39484506295037,-22.11898098791556,134.0824724796636,121.39484506295037,-22.11898098791556,134.0824724796636,114.2934034014176,-20.459291507617934,130.27018866145173,114.2934034014176,-20.459291507617934,130.27018866145173,44.63801629055542,-33.530704006965586,142.2766963700057,44.92136993036865,-32.97380072760917,149.6978877133647,45.41592076336104,-30.701235114835452,156.77287015233406,46.16346323973346,-27.87890681052815,166.05248133358108
1.13333288,43.3001,-28.0289,91.9307,33.00857883281767,-27.836873007382923,91.42149227269763,27.014323923238955,-30.721310082064875,47.21772509057625,22.063273699880988,-35.487408966702304,7.717393664148389,23.232929217146534,-35.13466492517761,4.3119616128957015,14.425332144784148,-24.19821164768686,2.419665515511518,12.676521543117083,-21.94593035010135,1.8803133847626001,53.59162116718233,-28.220926992617077,92.43990772730237,56.63433794686169,-32.72300908488224,48.06990396706855,58.8155453651904,-38.61729610318376,8.471867469861891,58.56580914260556,-38.96632536976436,4.879472692864343,68.32915275402736,-28.833633118339215,3.2162738883861137,70.87174190190439,-26.204025177253037,2.4122365006518818,42.82639058719731,-32.430601203303475,99.84484738702527,43.28405506170165,-33.86191495129606,109.65439698035442,43.82975302341653,-34.03835822513041,119.56179121628239,44.35413941567379,-34.08134450287281,129.47181392725238,44.63317009753229,-29.302101042612925,138.84870123446393,25.91032923302718,-36.60875652098528,145.31345215950262,-1.8621725660397104,-26.429446814517753,142.80018349884534,-24.363250804661735,-20.016101685469753,140.2739244869611,-35.08655475347758,-19.324249547414034,143.1515196411206,-35.08655475347758,-19.324249547414034,143.1515196411206,-28.69157397340065,-15.955915068151384,139.2174257922119,-28.69157397340065,-15.955915068151384,139.2174257922119,44.63317009753229,-29.302101042612925,138.84870123446393,62.275922110992965,-38.217206715893056,146.26349597644958,90.1267520466671,-35.66090863203627,136.31144424624702,110.48163758252198,-24.89991497600957,131.44408843459752,121.02033275196791,-21.86836936256038,133.31333859172952,121.02033275196791,-21.86836936256038,133.31333859172952,113.88386338234861,-20.309263478173726,129.52407157401748,113.88386338234861,-20.309263478173726,129.52407157401748,44.63384217336427,-33.48426483304509,142.27788957433563,44.92280739400215,-32.92425802421414,149.6986309778495,45.41868469248737,-30.646660582947433,156.77190229336415,46.16631256646663,-27.806115624831936,166.04594657778364
1.14166621,43.2925,-28.0274,91.9279,33.00084579805658,-27.838222984098003,91.4203168498907,27.01093076628894,-30.725372964436943,47.21613848230611,22.0644154293497,-35.49455370681763,7.715610881298922,23.23391791100314,-35.14202433800375,4.310104041909204,14.426089704570897,-24.20581900016529,2.417450852703573,12.676686094318084,-21.953680117643838,1.8794287832961447,53.58415420194341,-28.216577015901997,92.43548315010929,56.63078182409771,-32.72573897545591,48.066466699387306,58.815683233377605,-38.62374639793751,8.469187828660864,58.56587734084365,-38.97200053312416,4.876722669890258,68.33176993614371,-28.841427347552145,3.215581571478519,70.87487701004072,-26.212474624012295,2.41103970949282,42.82122703234016,-32.42570247452028,99.84408216611277,43.278351977765084,-33.847038002450006,109.65510765490419,43.82266548154706,-34.012492144923876,119.56276766000826,44.34521889473894,-34.04670438404188,129.47292136686144,44.6320465830929,-29.263846017438418,138.84773002987984,25.90718209259826,-36.58198426351071,145.2936040019636,-1.840942838907182,-26.45594209219839,142.33530138553465,-24.297186901620222,-20.031263943601573,139.46265182061944,-35.06616331073059,-19.330077458164382,142.1619008723982,-35.06616331073059,-19.330077458164382,142.1619008723982,-28.579513386354673,-15.919279621374722,138.4191236109373,-28.579513386354673,-15.919279621374722,138.4191236109373,44.6320465830929,-29.263846017438418,138.84773002987984,62.27586013729183,-38.21230942087034,146.21969278223457,89.95892457836999,-35.82081369676122,135.77098889167084,110.13099435884305,-24.808649021151638,130.70824930040388,120.62871478920638,-21.62345824216794,132.5523985075652,120.62871478920638,-21.62345824216794,132.5523985075652,113.45859727472055,-20.164137957674626,128.78698353846897,113.45859727472055,-20.164137957674626,128.78698353846897,44.63050413900897,-33.44459852903897,142.27863853195504,44.925059933567255,-32.88150594634328,149.6989266078794,45.42221492916982,-30.598887047393344,156.770489332978,46.169845155875485,-27.740148690046244,166.03894144402375
1.14999954,43.2821,-28.0114,91.9273,32.99031394606126,-27.82507199419527,91.42133902897055,27.00475439289302,-30.714937391900218,47.21674812408122,22.062787095175118,-35.487195158591575,7.7160228810361176,23.232137652358972,-35.134880117089736,4.310441692817964,14.42406033343837,-24.198938915940175,2.417421621895297,12.67406068389922,-21.94694617839316,1.8807278343885403,53.573886053938736,-28.197728005804727,92.43326097102945,56.62444787932907,-32.71397160131564,48.06523511247364,58.813067672932206,-38.61569468396568,8.46871521810963,58.56319492188136,-38.96317310181265,4.876179595319948,68.331654327785,-28.834736257650057,3.217104874572735,70.87528411090315,-26.206442853577727,2.4120614421144557,42.81325998492424,-32.40630130927619,99.84551535931463,43.269838434713506,-33.81765663456449,109.65800695448904,43.81275982221422,-33.972122924024035,119.56592073958097,44.33347207986819,-33.99756243923941,129.47619775973507,44.62808217185754,-29.211103997348197,138.84892747011008,25.90122562646324,-36.54076425576521,145.27589512713195,-1.8150686168759051,-26.46731794346196,141.87303832000805,-24.221321138365568,-20.031109178809373,138.65643033626998,-35.03235008500711,-19.32156080797363,141.17965348438568,-35.03235008500711,-19.32156080797363,141.17965348438568,-28.459640303215323,-15.869591901532882,137.62973129551045,-28.459640303215323,-15.869591901532882,137.62973129551045,44.62808217185754,-29.211103997348197,138.84892747011008,62.272769484885174,-38.19295762122879,146.1780682072405,89.77820586389767,-35.96478585634661,135.23581332873042,109.76233091418301,-24.70205545558509,129.98251416208092,120.21680190609743,-21.364583215941117,131.80289218867037,120.21680190609743,-21.364583215941117,131.80289218867037,113.01446050879882,-20.004054492596378,128.06206464072372,113.01446050879882,-20.004054492596378,128.06206464072372,44.624320031389026,-33.39044529262366,142.28155318170525,44.924455169547585,-32.824279567682254,149.70138382486982,45.42287658439336,-30.536648306770605,156.77123748741639,46.170472727395186,-27.659740285569583,166.0340686275656
1.15833287,43.2726,-28.0001,91.9263,32.980683282541534,-27.816586020320784,91.42197102982156,26.999434255559294,-30.70929441647369,47.21698261830797,22.06196912884047,-35.48475121851647,7.716080981202801,23.23116641002546,-35.1326665781235,4.310423340266327,14.422892842614715,-24.196951247017644,2.4170116157147117,12.672308502930543,-21.94509796043888,1.8816411549336345,53.56451671745846,-28.183613979679215,92.43062897017843,56.618966931560536,-32.70701900868551,48.06360018659712,58.81125748480847,-38.612534147191,8.467848738127017,58.561314815722326,-38.959242032307266,4.875243534633555,68.33235558637257,-28.832960954505495,3.218211612296351,70.87651130959968,-26.2053322388143,2.4126604916057994,42.806184218776366,-32.391584044056124,99.84655423609154,43.262216387235156,-33.79294375879228,109.66050372911653,43.80374953557657,-33.93640673398094,119.56865891887801,44.32262442715197,-33.95305818795037,129.47905097047584,44.62503144940491,-29.162994869253446,138.84969049730464,25.896175712622778,-36.5041030466701,145.25773874605164,-1.7808092168307574,-26.482468521959518,141.41091300163185,-24.131986296211746,-20.03449032063496,137.8528288933796,-34.98159922539186,-19.31760681962127,140.20239016387376,-34.98159922539186,-19.31760681962127,140.20239016387376,-28.32842602521393,-15.825788820769638,136.84664223157998,-28.32842602521393,-15.825788820769638,136.84664223157998,44.62503144940491,-29.162994869253446,138.84969049730464,62.27038504881633,-38.178281936417065,146.13605339578635,89.58844686917736,-36.11195477869247,134.70362092950066,109.37965268544224,-24.59937032944616,129.26486428140404,119.788651675361,-21.111099295747735,131.0629649610644,119.788651675361,-21.111099295747735,131.0629649610644,112.55552635187516,-19.848301647360927,127.34735048863311,112.55552635187516,-19.848301647360927,127.34735048863311,44.619035202777084,-33.34091742715112,142.2840396695986,44.9247509945829,-32.77167328754928,149.70340692474034,45.4244443562636,-30.47903468628929,156.77154856811484,46.17199168158583,-27.583975288669066,166.02872657045737
1.1666661999999999,43.2651,-27.9913,91.9232,32.97319114059108,-27.80884307474467,91.41832743187365,26.996641045735878,-30.705204515997472,47.21294267373236,22.063653795481905,-35.48694177289664,7.712241347239257,23.23444776182853,-35.132301342412966,4.307397518657292,14.42684142922025,-24.195359827298226,2.4179685084115405,12.676909957610338,-21.943074662303122,1.8822804787598155,53.55700885940892,-28.17375692525533,92.42807256812634,56.61677525601679,-32.70076600031051,48.0617776959764,58.81240549402267,-38.61163727051093,8.467010511724979,58.562903396595374,-38.95860686661233,4.874399950258482,68.33549181443368,-28.833738855705537,3.217860069286986,70.88014869793953,-26.206449541648755,2.4127850261578927,42.79866658940857,-32.37748971474288,99.84638639275056,43.25341577813806,-33.76881312157571,109.66182328538804,43.79311488277474,-33.90233417863358,119.57021750666206,44.31129692100745,-33.91010642560367,129.48065675060226,44.62707644011334,-29.114399565949476,138.84796803813717,25.897761254076464,-36.44817353420592,145.26306748277656,-1.7230895192772806,-26.519162270288327,140.81896357792448,-23.98903119537121,-20.036249675873897,136.81756534606026,-34.89489141351256,-19.33366281580716,138.89531543625097,-34.89489141351256,-19.33366281580716,138.89531543625097,-28.145773396780818,-15.793021805715469,135.7917984010717,-28.145773396780818,-15.793021805715469,135.7917984010717,44.62707644011334,-29.114399565949476,138.84796803813717,62.271842206787575,-38.16858868146298,146.08736644820675,89.36018124284327,-36.24296740042257,134.0973459065352,108.9236588002455,-24.49887736102928,128.33903041955097,119.29423365310001,-20.840022678634334,130.0160576898487,119.29423365310001,-20.840022678634334,130.0160576898487,112.00166221800163,-19.7017057379824,126.3772134831842,112.00166221800163,-19.7017057379824,126.3772134831842,44.619968184193574,-33.29013104736158,142.28497882657555,44.93322871153753,-32.7187626128216,149.70386805991228,45.435180759214056,-30.42172534073703,156.77042135094374,46.18163153685361,-27.507548934762642,166.02168762091043
1.17499953,43.2557,-27.9836,91.9197,32.9637951952283,-27.802399591349964,91.41429252931687,26.992039888351222,-30.702603548797704,47.20851171040145,22.063656501478455,-35.490782918375245,7.7080160779825135,23.236037084681623,-35.133572950249636,4.303986899141666,14.428884659512685,-24.195581723323933,2.418522744208669,12.679563225654912,-21.94289885541356,1.8825146262021544,53.547604804771694,-28.164800408650034,92.42510747068314,56.612744652638,-32.695430400765034,48.05955313133593,58.811798093739725,-38.611689025385274,8.465780545993866,58.56274121121794,-38.95893209724107,4.873165514861713,68.33669823895161,-28.835308715429225,3.2170934623084424,70.88180956885142,-26.20831568940555,2.4124882303850064,42.78933923791627,-32.36448869912981,99.84582293621071,43.242838959116206,-33.74574699453211,109.66273907951427,43.78071350182895,-33.86929686526414,119.57136186202767,44.29820892792688,-33.86816213844201,129.48183996536673,44.62727128670251,-29.06681123820153,138.84580222729394,25.89762406451447,-36.393587011540546,145.26792497134022,-1.6550837998040038,-26.56027531396464,140.22798528501067,-23.828332506841868,-20.045287088858885,135.78799964960857,-34.78335458158421,-19.357499000000104,137.59434948217032,-34.78335458158421,-19.357499000000104,137.59434948217032,-27.947392248629967,-15.769428267764955,134.74585546661189,-27.947392248629967,-15.769428267764955,134.74585546661189,44.62727128670251,-29.06681123820153,138.84580222729394,62.27136766613697,-38.15960613089881,146.03829364769663,89.11834664931162,-36.37661905702233,133.4960690359554,108.44597749535018,-24.403070532793574,127.42249316525138,118.77431224742358,-20.575255433644877,128.9787044769652,118.77431224742358,-20.575255433644877,128.9787044769652,111.42466977713764,-19.560668755217506,125.41894041389993,111.42466977713764,-19.560668755217506,125.41894041389993,44.619130774038574,-33.24034525359447,142.28547875952944,44.93992432229451,-32.66684678690079,149.70388172179815,45.44408897798455,-30.365410876675735,156.76884614163635,46.1893443029593,-27.432136540919522,166.0141712661623
1.18333286,43.2443,-27.9751,91.9183,32.95240198353667,-27.795029486188177,91.41235075474546,26.98536819977673,-30.698938391162045,47.2061755849224,22.061496619904883,-35.49344172865079,7.705884369518188,23.23546410201626,-35.133671692417664,4.3026718114234255,14.428901475208582,-24.194517667423554,2.4212029922373635,12.680219480274658,-21.94141301742933,1.8848812588829151,53.53619801646334,-28.155170513811825,92.42424924525454,56.60670281681402,-32.68939148569722,48.05943274953196,58.80914720671039,-38.61100336403981,8.46664892265656,58.56053444591552,-38.95851122493595,4.874028733242524,68.33598551385026,-28.836249870764732,3.218449530587053,70.88158406507732,-26.20958309554945,2.41432063073901,42.77795147877815,-32.3506919205074,99.84734895661798,43.23017602757837,-33.721904097010025,109.66573218222459,43.766215618227534,-33.835504300932406,119.57457346621564,44.283015103826344,-33.825484777269125,129.48508288507148,44.62540732676393,-29.018532777284655,138.8456930030882,25.895326061160926,-36.338080501345274,145.27478825351858,-1.5770039607668238,-26.602716150221823,139.64091873451468,-23.65019123125905,-20.05794321306951,134.76733143531726,-34.647351663065365,-19.38519605940049,136.30301842660413,-34.647351663065365,-19.38519605940049,136.30301842660413,-27.733639873637998,-15.75129929593545,133.71189234727584,-27.733639873637998,-15.75129929593545,133.71189234727584,44.62540732676393,-29.018532777284655,138.8456930030882,62.26849656072518,-38.1501830193362,145.9912759029866,88.86261372058217,-36.512309864670534,132.9024629064989,107.94674685574927,-24.311905866072106,126.51830227332239,118.22918288099221,-20.317125700865997,127.95416495802652,118.22918288099221,-20.317125700865997,127.95416495802652,110.82490959639733,-19.425231516390294,124.47568646240565,110.82490959639733,-19.425231516390294,124.47568646240565,44.6161772730404,-33.18987496652555,142.28802451506772,44.94449730609789,-32.61427708392123,149.70593557788956,45.45088883669701,-30.308471161534438,156.76931565887935,46.19492621200912,-27.35615843809326,166.00867702498826
1.19166619,43.233,-27.963,91.9138,32.941108329943425,-27.784078362373787,91.40731435419227,26.978786277409384,-30.691781838477294,47.20075286738442,22.05942163969553,-35.49268834926677,7.700677830419373,23.23497873748998,-35.130360593632396,4.298285444035632,14.42895636533758,-24.190091182732786,2.4207774685303933,12.68090503416642,-21.936573242080158,1.8841363224677004,53.52489167005657,-28.141921637626215,92.42028564580772,56.60076032705808,-32.67980583682871,48.05621525940715,58.806596123696735,-38.60683553076358,8.464430920538547,58.55842733892378,-38.95461482852171,4.8718063008607295,68.33535464249476,-28.833701834892587,3.2167009640082944,70.88143561477587,-26.207358375997885,2.41304348839502,42.76667465356515,-32.333293857315695,99.84577171114982,43.21762807634643,-33.69445927777206,109.66561125917889,43.7518348568474,-33.79811038703174,119.5746605881315,44.267939501272664,-33.779207587507635,129.485193253966,44.62364855018482,-28.96667864153825,138.84244060362653,25.89314109718505,-36.27902508488244,145.27848510981445,-1.4867272763505355,-26.644068085945634,139.0529623914795,-23.45280927291482,-20.072062631454145,133.75093558408324,-34.48519447109199,-19.41472866664641,135.0169726011627,-34.48519447109199,-19.41472866664641,135.0169726011627,-27.502912177803985,-15.736581182968301,132.68512444596195,-27.502912177803985,-15.736581182968301,132.68512444596195,44.62364855018482,-28.96667864153825,138.84244060362653,62.2654874199636,-38.13720696032456,145.94116728431376,88.5954152404819,-36.64655942649168,132.3118022023969,107.42848199228176,-24.221763760864462,125.62214214902635,117.66137779330072,-20.061976171572113,126.9383760067895,117.66137779330072,-20.061976171572113,126.9383760067895,110.20495787518692,-19.29176091236187,123.54321456541447,110.20495787518692,-19.29176091236187,123.54321456541447,44.61333404309866,-33.13582952973897,142.2874226898439,44.94917235393887,-32.55814708135643,149.70483511738917,45.45777854598744,-30.247994261577038,156.76663553889466,46.200541920133766,-27.276694347584314,166.00001086309402
1.19999952,43.2197,-27.9548,91.9115,32.927779975889635,-27.77490233430877,91.40593708878627,26.972909332603052,-30.682475262664635,47.19836265252009,22.062222873613756,-35.4937155125588,7.698465115320111,23.238109854381868,-35.13055506871183,4.296275505071305,14.432367254895908,-24.18974027036973,2.420634329372522,12.684246925349036,-21.936095831977703,1.884749692879157,53.51162002411037,-28.134697665691228,92.41706291121373,56.59635035114642,-32.672917419432125,48.05364213997225,58.807557263948546,-38.60608219478156,8.463076351803359,58.55976487806103,-38.95376167042754,4.870416089642363,68.33882057314334,-28.834683988721082,3.216663513206374,70.88548236470558,-26.208834442276505,2.4132324343739673,42.753621665948664,-32.31983934368948,99.84637904564846,43.20448938131371,-33.670942376483865,109.6676120608261,43.73856614979548,-33.76433120074243,119.57677042938958,44.25319420340356,-33.735876214344955,129.48735705786868,44.62070179475536,-28.91611223661118,138.84042367343594,25.875427931952018,-36.204736001286555,145.26036606145715,-1.3826375661378272,-26.683106010601477,138.36231204149394,-23.226384946965315,-20.14203134148301,132.54195597200737,-34.28788313877355,-19.429674474003868,133.4823103077992,-34.28788313877355,-19.429674474003868,133.4823103077992,-27.218710105352393,-15.77648052499266,131.3848076622173,-27.218710105352393,-15.77648052499266,131.3848076622173,44.62070179475536,-28.91611223661118,138.84042367343594,62.26560253400313,-38.124554328771296,145.88223174930877,88.29267101751594,-36.7656861134487,131.66984613084486,106.8450463677775,-24.149726519580966,124.56643606039952,117.02154012012004,-19.78155935581831,125.61836351456316,117.02154012012004,-19.78155935581831,125.61836351456316,109.48101077432828,-19.1907552237915,122.37646308170012,109.48101077432828,-19.1907552237915,122.37646308170012,44.605921934688645,-33.08238133899429,142.28887411011968,44.95165233888084,-32.502077851414086,149.70562743299752,45.46641066969433,-30.18722152238705,156.7654415622308,46.215643916076274,-27.19947750092784,165.99298596424538
1.20833285,43.2042,-27.9459,91.909,32.91225187791778,-27.76502507522997,91.40435861846491,26.964774247416493,-30.67239729074418,47.19577575399002,22.06271276976973,-35.493901354658696,7.696058393975569,23.238924264841874,-35.129901055041344,4.294070718463116,14.433435361384598,-24.188557558080817,2.4203234962876277,12.685240422375653,-21.93478993465986,1.885200856378829,53.49614812208222,-28.126774924770032,92.4136413815351,56.58975210655689,-32.66525518645072,48.05086516597823,58.80633657462859,-38.604486479618046,8.461509719947465,58.55892098010028,-38.952059833910944,4.868813221414671,68.34011920929613,-28.834828908645942,3.2164329364809885,70.88736568918301,-26.209475522475284,2.4132339648518055,42.738369067554146,-32.305696906778806,99.84677521907233,43.18915221294223,-33.64675317982763,109.66938900913607,43.72309977857782,-33.72989851547261,119.5786455852225,44.23625100820467,-33.6919083069418,129.48927682646988,44.61555033787615,-28.864953896190798,138.83816365223913,25.855539920531854,-36.129836465563116,145.2419499724066,-1.2641226200892746,-26.72237356678996,137.67423782598894,-22.973704663501408,-20.212907943271247,131.3392234584768,-34.054330074517424,-19.44531427885974,131.95485427151777,-34.054330074517424,-19.44531427885974,131.95485427151777,-26.906278280742878,-15.817424396811406,130.09412288009884,-26.906278280742878,-15.817424396811406,130.09412288009884,44.61555033787615,-28.864953896190798,138.83816365223913,62.263228696348875,-38.111334847806965,145.82306713714738,87.97466769490784,-36.889209638035474,131.03540213434783,106.23556301634535,-24.086383611003,123.52282268245243,116.34601780768337,-19.51383247539129,124.30955062487615,116.34601780768337,-19.51383247539129,124.30955062487615,108.72761970611732,-19.101426449793784,121.22596790507279,108.72761970611732,-19.101426449793784,121.22596790507279,44.596303522043144,-33.02834038290823,142.29007176432714,44.951913391715806,-32.44545640460886,149.7061555954966,45.472812008305,-30.12592728015414,156.76398534511097,46.22846637687566,-27.12179073771862,165.9856820759769
1.21666618,43.1865,-27.9373,91.9066,32.89452702667655,-27.755267818459377,91.4028824092181,26.954467200213315,-30.662414520848873,47.1932874149318,22.06101324421111,-35.494167240557644,7.693755092053941,23.237566945734418,-35.12935305435951,4.291972935510051,14.432527337970253,-24.1873318798226,2.420072531725135,12.684298358803419,-21.93341201273241,1.8857028525353232,53.478472973323456,-28.119332181540624,92.4103175907819,56.58087205302709,-32.65820551229098,48.048195785263424,58.802726325166965,-38.60361039607509,8.460062411091187,58.55568153906593,-38.951079546862445,4.867330316081679,68.33917872120736,-28.83585048639841,3.216304894904111,70.88705043593205,-26.2110342457493,2.4133335082840714,42.72084376470139,-32.29184488852021,99.84726785849213,43.17152384472964,-33.62286115176535,109.67125188804158,43.705345551490986,-33.695770752810226,119.58059584290892,44.21702436118096,-33.648250853843805,129.4912621018098,44.608198150607315,-28.814141503251328,138.83596175449958,25.83334654587004,-36.05492381101753,145.22352839850686,-1.131178975957539,-26.761811552502728,136.98950449926105,-22.69474906413158,-20.28411839271071,130.14381690633147,-33.78462099447624,-19.460824364447674,130.43602974390726,-33.78462099447624,-19.460824364447674,130.43602974390726,-26.56566436719405,-15.858756798048468,128.81420200512687,-26.56566436719405,-15.858756798048468,128.81420200512687,44.608198150607315,-28.814141503251328,138.83596175449958,62.258168340521934,-38.098880895569295,145.7639597013717,87.64143117201601,-37.01899136592537,130.40913869065793,105.60053134596687,-24.03407494277347,122.49243681009186,115.63543552004576,-19.261482757213113,123.01351538213872,115.63543552004576,-19.261482757213113,123.01351538213872,107.94557141661315,-19.026142712087484,120.09304352169168,107.94557141661315,-19.026142712087484,120.09304352169168,44.58441201678987,-32.97463826726991,142.29132396249295,44.94990298914045,-32.38920680795915,149.70672670665186,45.47697322202922,-30.06505614343993,156.7625776234951,46.23905595747937,-27.044606512289324,165.97841477572447
1.22499951,43.1674,-27.9285,91.9046,32.87539888920138,-27.745524744581143,91.40179983967356,26.94277681701073,-30.652505173563302,47.19119520250453,22.057995803625392,-35.49455740841268,7.6918505965967015,23.23487471847983,-35.128900919711086,4.290271375758025,14.430067168713354,-24.18636966750579,2.420262069341179,12.681759109393102,-21.93233075496352,1.8866537903938676,53.45940111079862,-28.111475255418856,92.40740016032645,56.570732274671386,-32.6506083432766,48.04593048844306,58.798013915732504,-38.602077661316265,8.459013342271845,58.55135063850862,-38.94944219574981,4.866244917854966,68.33695042548808,-28.83602190684819,3.2166001472753787,70.885396849935,-26.21169197484394,2.413863048774081,42.70200594456118,-32.27779969420955,99.84815735785995,43.15260737174454,-33.59876368143227,109.67350170493914,43.68630141538951,-33.66142655030846,119.58292263015178,44.196502615544766,-33.6043647409841,129.4936147213065,44.599439467191296,-28.763121194141668,138.8341203050392,25.80994790548786,-35.98023412658897,145.20540562379375,-0.9832744279932832,-26.802808592623826,136.3090682202792,-22.389466388668467,-20.35798858246146,128.9571471774948,-33.478877249487425,-19.479033581092896,128.92772445865782,-33.478877249487425,-19.479033581092896,128.92772445865782,-26.197202498444696,-15.9029890243993,127.546540581568,-26.197202498444696,-15.9029890243993,127.546540581568,44.599439467191296,-28.763121194141668,138.8341203050392,62.251605768513286,-38.0858945253658,145.70521273092666,87.29437053203412,-37.15254320452958,129.79183754051365,104.941018366098,-23.989566142587737,121.47658905791727,114.89068667368635,-19.020936628495715,121.73209277908384,114.89068667368635,-19.020936628495715,121.73209277908384,107.1359104342922,-18.961530841494092,118.97919118564414,107.1359104342922,-18.961530841494092,118.97919118564414,44.57119766756663,-32.92072200296258,142.29293296363255,44.946540455539726,-32.332762234125205,149.70764351794588,45.47971692743575,-30.00400882619867,156.76151776671068,46.24810986383783,-26.967280549617225,165.97147944719003
1.23333284,43.148,-27.9232,91.9024,32.8559690014816,-27.737626437275,91.40116633357903,26.931347522872354,-30.640750611835898,47.18923544821413,22.05789164468065,-35.49916790622301,7.690501431958374,23.23492425797316,-35.133219704861986,4.2890067627333215,14.430314001271457,-24.190428844923616,2.419587755867138,12.682140289763575,-21.936309763914153,1.8858779771279606,53.44003099851841,-28.108773562725002,92.40363366642097,56.56261954029097,-32.645578448756794,48.04271680850572,58.79662462241215,-38.604926768057126,8.457363853248282,58.55039801535515,-38.95239152834654,4.864575167292173,68.33769860568242,-28.840463188445028,3.215874647708314,70.88663791219402,-26.21653508294384,2.4133889291555812,42.68268428396399,-32.26857589962155,99.84810906401047,43.13359827897135,-33.57793765086334,109.67499195808688,43.667567357133464,-33.62889545768151,119.58446517142627,44.175561157169,-33.55985121135298,129.49519441964884,44.58320904449757,-28.70925869411004,138.83064390950327,25.77941283673237,-35.8956144579804,145.19448927625461,-0.7934477068146499,-26.886397105531,135.5009962593114,-21.989320942528288,-20.441831870943332,127.56285800448725,-33.07301761906359,-19.54511972686811,127.25296101500147,-33.07301761906359,-19.54511972686811,127.25296101500147,-25.753019134183877,-15.98063761998391,126.0568672708388,-25.753019134183877,-15.98063761998391,126.0568672708388,44.58320904449757,-28.70925869411004,138.83064390950327,62.24612363499329,-38.05304249850509,145.64534428630475,86.90480631834227,-37.23809150504681,129.13680271413168,104.23263687409391,-23.982496842580115,120.31370798407556,114.07480827127141,-18.798854176181557,120.21384945145252,114.07480827127141,-18.798854176181557,120.21384945145252,106.24234305897683,-18.939461529139805,117.69367703190395,106.24234305897683,-18.939461529139805,117.69367703190395,44.551665783681415,-32.8632417160523,142.29377214393418,44.93647725322298,-32.27321211996244,149.70783288762567,45.47896325814075,-29.941194474339586,156.75991868811562,46.261392181777836,-26.89255934013589,165.96476356917444
1.24166617,43.129,-27.911,91.9006,32.83694024046686,-27.722809624908447,91.40093501331229,26.920243320847675,-30.622153542810818,47.18769486223207,22.058046911829248,-35.49700253154748,7.689597780130235,23.235227522142957,-35.13076972069406,4.28818495858742,14.430839525838708,-24.187698461767226,2.419360613555742,12.682805046265502,-21.933495254281677,1.8855501205106098,53.42105975953314,-28.099190375091556,92.4002649866877,56.554881683585606,-32.63367836711783,48.03990338932808,58.795587874833515,-38.600908170090456,8.45611650715852,58.5497960798603,-38.94847352955689,4.863307778876033,68.33879195974544,-28.838033326713372,3.215545791112875,70.88822250621328,-26.21450608326505,2.4133099709071617,42.66375921228598,-32.25245089124326,99.8484587130667,43.11499052783745,-33.550209871649095,109.6768660595823,43.649241184682204,-33.58946564839338,119.58637736236878,44.155034377453006,-33.50843939649204,129.4971284455637,44.56740344670818,-28.648509260365163,138.82751281967646,25.749338183002894,-35.80408651587525,145.18385789458824,-0.5795624202725307,-26.965381112018513,134.69991772656567,-21.549739002423816,-20.522580888542684,126.18208222488018,-32.62069986791647,-19.60928456124437,125.59201768253115,-32.62069986791647,-19.60928456124437,125.59201768253115,-25.267493020917456,-16.055456950249066,124.5824588034467,-25.267493020917456,-16.055456950249066,124.5824588034467,44.56740344670818,-28.648509260365163,138.82751281967646,62.24081401311163,-38.01339768683364,145.58579755406993,86.5017258033567,-37.32435045399825,128.49252125439966,103.49835661720837,-23.982907223367725,119.1687915424501,113.21801098518198,-18.591167323791048,118.71500673297686,113.21801098518198,-18.591167323791048,118.71500673297686,105.3187871432234,-18.929345205768072,116.43324224720301,105.3187871432234,-18.929345205768072,116.43324224720301,44.53255463090879,-32.79886773473373,142.29495239179224,44.92682900149322,-32.20678322648698,149.70835209491727,45.47862045988832,-29.871528516172678,156.7586445092003,46.27505579089108,-26.81102281409396,165.95834755318353
1.2499995,43.1087,-27.9015,91.8994,32.81661220605746,-27.71071009062547,91.401300750593,26.90793601889021,-30.606293514123838,47.186741557915695,22.057091199105596,-35.49758985197988,7.689282090759519,23.234420748413534,-35.131074342854895,4.28795126922845,14.430232176251534,-24.187744312689414,2.4197027748652102,12.68233215016327,-21.933461494582524,1.8857882127031578,53.40078779394254,-28.09228990937453,92.397499249407,56.54586964619787,-32.62454572222761,48.03770642257479,58.79329873929221,-38.599739159708555,8.45550201773905,58.54794360336556,-38.947413413797406,4.86267397928269,68.33861518467288,-28.838445950301846,3.2158322112401896,70.8885320075799,-26.21531637050542,2.4138415482940663,42.64354175269995,-32.2390112546099,99.84941426889293,43.095096720850925,-33.52514687566196,109.67933452876275,43.62963308848736,-33.552679701595075,119.58886992935395,44.133229817476085,-33.459648537156795,129.49962744719258,44.550310155564425,-28.590373571444694,138.8249288925009,25.71804398891284,-35.7152033780816,145.1737508379368,-0.3436341587683138,-27.04929681613995,133.90708685846286,-21.073074949491055,-20.60976951667925,124.8167472111548,-32.12430971149756,-19.681077633079514,123.94714819366513,-32.12430971149756,-19.681077633079514,123.94714819366513,-24.74308079979587,-16.13698188246497,123.12532350597378,-24.74308079979587,-16.13698188246497,123.12532350597378,44.550310155564425,-28.590373571444694,138.8249288925009,62.234004714768545,-37.976388715885285,145.52676858657793,86.08380456006101,-37.42058179550132,127.85971315431244,102.73708861283623,-23.999954488345992,118.04307446380237,112.31936346938905,-18.407131955493384,117.23758981444153,112.31936346938905,-18.407131955493384,117.23758981444153,104.36448756264956,-18.940243896859617,115.1993818466148,104.36448756264956,-18.940243896859617,115.1993818466148,44.51216392636627,-32.73709444833863,142.29668319347468,44.91589410650996,-32.14295510753624,149.70940953995827,45.476980795966135,-29.80445116408431,156.75789111657284,46.2873846994456,-26.732059636594716,165.95241102255136
1.25833283,43.0874,-27.8899,91.8988,32.79528549320488,-27.69649119848702,91.40226518297845,26.894567582576943,-30.588236866952027,47.18639204472516,22.055020216396233,-35.49591037669612,7.689578227630371,23.232500070734496,-35.129107123481994,4.288330455171112,14.428541140614433,-24.185489655321184,2.420683575451908,12.680782022466945,-21.93112108757279,1.8866698016778822,53.379514506795125,-28.08330880151298,92.39533481702153,56.535856004116106,-32.61326828719622,48.03610716751936,58.79000008133423,-38.59635855571468,8.455477498350348,58.54508171782763,-38.94413427429504,4.862629479245842,68.33746038957769,-28.836666871141823,3.216730441257881,70.88787184407889,-26.2139412691205,2.4149914258352005,42.62231795276726,-32.22348396280687,99.85096018960539,43.07419772532528,-33.49801248935845,109.68237721598359,43.60902289147113,-33.51384060284594,119.59192264213108,44.110426668811975,-33.40882033888456,129.5026715561449,44.532227719761416,-28.5302296553577,138.82289036055195,25.685771249143606,-35.624263146447575,145.1640855293197,-0.08567176361551176,-27.133082906896284,133.12335030178633,-20.559606248291466,-20.69806559174825,123.46829664523207,-31.58416281024597,-19.755067418414782,122.32009462110062,-31.58416281024597,-19.755067418414782,122.32009462110062,-24.1801183496767,-16.219836221086084,121.6869937119942,-24.1801183496767,-16.219836221086084,121.6869937119942,44.532227719761416,-28.5302296553577,138.82289036055195,62.22597793486642,-37.937447180854925,145.46822335397292,85.65175326916463,-37.52201208122505,127.23892865272404,101.9498763542347,-24.028745874934977,116.93774167111381,111.38011719894845,-18.24194887243724,115.78361910680806,111.38011719894845,-18.24194887243724,115.78361910680806,103.38085369090723,-18.96716138041951,113.99353505823656,103.38085369090723,-18.96716138041951,113.99353505823656,44.49077864302652,-32.67331273648747,142.29894727160706,44.90395890183334,-32.077147688111076,149.7109902296131,45.47433772873503,-29.73543527376781,156.75766054010958,46.298681711628994,-26.651212069056353,165.9469785076078
1.26666616,43.0649,-27.8827,91.8965,32.772789737000096,-27.685198687343224,91.40149052963517,26.88339375036906,-30.56912457260346,47.18359722103237,22.058332014325494,-35.50067369865106,7.687985032451891,23.23630786469656,-35.133153049743704,4.286986456714278,14.432590481635561,-24.18916879378231,2.420350486724746,12.684885081847007,-21.93469603868143,1.886600810417796,53.35701026299991,-28.080201312656776,92.39150947036484,56.52751399224612,-32.61074815317047,48.033351780051014,58.791978429594,-38.60005010868559,8.45425069642799,58.54755405390214,-38.94781436916421,4.861367928050848,68.34177404335196,-28.841900105169152,3.216888470276218,70.892715891793,-26.219587483118577,2.415486063425311,42.599233766321476,-32.21042436444934,99.8518164449105,43.05006209908339,-33.47492640206328,109.68457635511116,43.58425336727908,-33.48098045230924,119.59416676429856,44.08226099703484,-33.363001674116134,129.50494112602232,44.50566411283499,-28.471235138945055,138.81817857134234,25.64276407285813,-35.53091313621017,145.14881341287062,0.21297243367025231,-27.20533527151877,132.293574323439,-19.98379257744059,-20.88185134201851,122.00203720212807,-30.965879517865304,-19.832751724266313,120.57318547579354,-30.965879517865304,-19.832751724266313,120.57318547579354,-23.509350110422183,-16.386962464342915,120.07795186839544,-23.509350110422183,-16.386962464342915,120.07795186839544,44.50566411283499,-28.471235138945055,138.81817857134234,62.210509765748554,-37.89999446837392,145.403155925458,85.19078349953988,-37.552903816578095,126.61397635743386,101.1240874614802,-24.08100835992302,115.73053205421012,110.39044004764017,-18.128106655554063,114.16652058431875,110.39044004764017,-18.128106655554063,114.16652058431875,102.34594998092277,-19.025497485151753,112.68347641127365,102.34594998092277,-19.025497485151753,112.68347641127365,44.45985398275097,-32.609230605389115,142.30023572820667,44.88271061393651,-32.010820234821274,149.71155199459008,45.464530967712264,-29.666691003560068,156.75648313162606,46.30812376484938,-26.57422416508542,165.94128255959143
1.27499949,43.0379,-27.8556,91.8934,32.74579202831073,-27.65420295610913,91.39991490417422,26.867868436614764,-30.530437343853766,47.179994141615865,22.057426341469892,-35.4859737699729,7.685601055145163,23.235892295044525,-35.117716879827924,4.28485191668667,14.432201332031728,-24.17354197477681,2.4192093798065875,12.684505380777516,-21.919000230768933,1.8857202314675015,53.33000797168927,-28.056997043890867,92.38688509582578,56.514766045968564,-32.58816421188335,48.02981190164377,58.789666612611335,-38.58370960608674,8.452254592886888,58.545742913303314,-38.931473090603816,4.859337723357003,68.34160390711911,-28.826921224109284,3.216261350463704,70.89302424753237,-26.204972401295066,2.415191917350306,42.57173711886888,-32.17745738955476,99.85187622520206,43.02154460279463,-33.43190436068599,109.68597074703904,43.555108331795005,-33.42815376272891,119.59559610426169,44.04972738347607,-33.29718343458135,129.50637699212612,44.47465131652894,-28.39222568916021,138.81260452602794,25.59550760245239,-35.41788742291875,145.1326518886705,0.5305969617704704,-27.266357444125696,131.47433811209217,-19.371053159439384,-21.060910752708516,120.55516891050326,-30.302261014843378,-19.908145801920455,118.84394460578667,-30.302261014843378,-19.908145801920455,118.84394460578667,-22.79724563161013,-16.551223601666663,118.49128585764669,-22.79724563161013,-16.551223601666663,118.49128585764669,44.47465131652894,-28.39222568916021,138.81260452602794,62.19051078477749,-37.84227161637308,145.337169194635,84.71227797961905,-37.572764077998855,125.99953516799881,100.2659290541727,-24.132071935941994,114.54339117302882,109.35078870373974,-18.02147336037479,112.5750489703596,109.35078870373974,-18.02147336037479,112.5750489703596,101.27555606824298,-19.08692386271816,111.40287839257316,101.27555606824298,-19.08692386271816,111.40287839257316,44.424564158600525,-32.52511523815552,142.30066162768438,44.857082251730986,-31.924457232035387,149.71123849870452,45.450297244729576,-29.577908908677728,156.7544138082314,46.31306241571703,-26.47719158287268,165.9346495792551
1.28333282,43.0103,-27.8514,91.889,32.7181996356177,-27.64592642569506,91.39703911766881,26.8516490401666,-30.514462240108802,47.1751080354282,22.055654990811043,-35.49399188405765,7.681975654043455,23.234612323501004,-35.12502548066377,4.281473743374509,14.43114436824424,-24.18050233427951,2.4168220174411275,12.683497929556937,-21.925860618224014,1.8835932274589045,53.3024003643823,-28.056873574304944,92.38096088233118,56.5013323170299,-32.588652864531745,48.0249701586758,58.78655775506422,-38.590422744363266,8.448951123192856,58.54312916904899,-38.93817549610738,4.8559996357990975,68.34083446058928,-28.835180800695827,3.214344920394709,70.89278619924168,-26.21364598271615,2.4136132916268456,42.54357006997615,-32.16738027073375,99.85063176927676,42.99234505755092,-33.411777738613374,109.68605016367474,43.52529119002259,-33.39823270308952,119.59570020756105,44.01653722941547,-33.254277242712135,129.50646875468232,44.44308205820849,-28.33614840087351,138.80566817990731,25.547625661657225,-35.32745261444359,145.11505656542826,0.8706387523630177,-27.35738928523638,130.66614209938797,-18.718096266307125,-21.275673197232095,119.1289980839379,-29.589880602584913,-20.02137733195167,117.13412764737586,-29.589880602584913,-20.02137733195167,117.13412764737586,-22.04048478546236,-16.7529052781101,116.92854558728038,-22.04048478546236,-16.7529052781101,116.92854558728038,44.44308205820849,-28.33614840087351,138.80566817990731,62.16953099564055,-37.807857475895666,145.26977864514197,84.22031131081191,-37.62583614462728,125.39575848396134,99.38037129887336,-24.226600235917644,113.37724940583006,108.26681028968281,-17.967109837169296,111.01114652525561,108.26681028968281,-17.967109837169296,111.01114652525561,100.17533888058622,-19.19595934807972,110.15290992089072,100.17533888058622,-19.19595934807972,110.15290992089072,44.38865074249589,-32.463919415977664,142.29971608609517,44.83083734357037,-31.86104163985216,149.7095420556699,45.43548573703976,-29.512107233465848,156.7509495127959,46.317459859866034,-26.403181771388194,165.92658271188958
1.29166615,42.9809,-27.8419,91.8893,32.68880530478658,-27.632545842191227,91.3988589420044,26.833720148939857,-30.49343731570489,47.17491316548463,22.05225896236295,-35.497005162762974,7.6830568225479965,23.23170254858458,-35.12730178665692,4.282803584299932,14.428251751268201,-24.182594030122154,2.41915469481531,12.680612669235423,-21.927884568684533,1.8861883090504064,53.27299469521342,-28.05125415780877,92.37974105799562,56.48619876866189,-32.58367960747837,48.02484796404755,58.781875135628376,-38.5917153213505,8.450384523983224,58.53894862002747,-38.93947036616013,4.857399277641758,68.33826361653875,-28.837809824002004,3.217142928727158,70.8906857744329,-26.216631690746265,2.4167430653882436,42.51368742625275,-32.15200937855948,99.85408326825572,42.9614565139485,-33.386345615089965,109.69081524283406,43.49378705194996,-33.362992522362106,119.60048011465345,43.98166299055176,-33.20603584419191,129.51121776177695,44.409741415875715,-28.274736248254367,138.80336901446748,25.498177581050804,-35.2321016703955,145.10200446543124,1.2312936218536414,-27.45166169905841,129.87604576315968,-18.0273884022879,-21.499961718321902,117.73141994462134,-28.831171336003884,-20.14672584286588,115.45205867062593,-28.831171336003884,-20.14672584286588,115.45205867062593,-21.241831710501422,-16.965918146838526,115.39786269812585,-21.241831710501422,-16.965918146838526,115.39786269812585,44.409741415875715,-28.274736248254367,138.80336901446748,62.14667050350431,-37.76786519965186,145.20702719495878,83.71453279306566,-37.682326930337965,124.8093135705596,98.46710998890507,-24.334224122496096,112.23946393931568,107.13851598737713,-17.934402454359564,109.4831146405916,107.13851598737713,-17.934402454359564,109.4831146405916,99.04535546434016,-19.32203214832783,108.94109311469302,99.04535546434016,-19.32203214832783,108.94109311469302,44.35104770359983,-32.39737648924197,142.30340038340248,44.80288074933262,-31.792287395041928,149.7124641292049,45.41890900909978,-29.440962434000284,156.75208710300475,46.32000666583687,-26.323818836658223,165.92307283480983
1.2999994799999999,42.9503,-27.8286,91.8885,32.65823524613899,-27.613286556807655,91.40001455138088,26.816502776119396,-30.469788738689402,47.174019262595976,22.05147219576917,-35.49943889112211,7.683490238506408,23.2312681348091,-35.129610671362116,4.28337281793193,14.428260592365449,-24.18461446033819,2.4193242272690814,12.680830427720878,-21.929823634670004,1.8860171514929915,53.242364753861004,-28.04391344319235,92.37698544861911,56.47054485850425,-32.57984457720744,48.02353818451733,58.77874593961519,-38.59172584765015,8.450387298477715,58.53651725956272,-38.94008775378817,4.85741372600158,68.33818752907186,-28.840671831908598,3.217407944089162,70.89130630624022,-26.220139642190084,2.417114765360642,42.48207436276375,-32.131891951085294,99.85690925723944,42.92842564776498,-33.35488307929394,109.69512262507715,43.45946673898954,-33.320034606986695,119.60482292245288,43.943943009889935,-33.150095801256676,129.51551324077286,44.373966509696885,-28.20699613114492,138.80130277031503,25.428951967600494,-35.12221143415878,145.0455969780473,1.617994222553932,-27.53593964871043,129.02269170775014,-17.274590267214148,-21.712225194592627,116.2568739315999,-28.00507330719195,-20.331574434203905,113.66863166367929,-28.00507330719195,-20.331574434203905,113.66863166367929,-20.400963529625603,-17.18805407626986,113.78840229337658,-20.400963529625603,-17.18805407626986,113.78840229337658,44.373966509696885,-28.20699613114492,138.80130277031503,62.13274326992766,-37.710007842341874,145.12930444834424,83.15486259453115,-37.685867393634496,124.16942281745548,97.53136897806029,-24.463112980846724,111.04363399607612,106.0068518914205,-17.974363182156008,107.91141812449347,106.0068518914205,-17.974363182156008,107.91141812449347,97.91900121178686,-19.475117937581924,107.68129358912118,97.91900121178686,-19.475117937581924,107.68129358912118,44.31118364452226,-32.32500736161257,142.30670844007463,44.76991469719616,-31.713290772880438,149.71480402118607,45.396354100736374,-29.359212157729353,156.75258769574447,46.31557166959294,-26.237257918071393,165.92013814681846
1.30833281,42.9197,-27.8126,91.8855,32.62767280518659,-27.59114660835427,91.39897207012349,26.799181285544993,-30.443261846689378,47.170946706981596,22.050407064394527,-35.49900701797048,7.681791691337061,23.230555540826874,-35.129080806306774,4.2818072773877045,14.428192328696676,-24.183634110141433,2.4173611121310783,12.681012280485964,-21.92872999133623,1.883713682614411,53.211727194813406,-28.03405339164573,92.3720279298765,56.4547916405208,-32.57356797412516,48.020033131373395,58.77539935337756,-38.58935342970809,8.448201168657455,58.53386118976376,-38.93831906721993,4.855239696145674,68.33805221700955,-28.841310320347027,3.2154794493884875,70.89191037256272,-26.22146649532661,2.415291675539789,42.45039672035056,-32.109049812248664,99.85753715477033,42.89532735695268,-33.32068312075631,109.69722010163034,43.42509802013364,-33.27432758232949,119.606941250527,43.90619787905375,-33.09139148460187,129.5175646592887,44.33826698474451,-28.136492096879923,138.79696820108276,25.359970597088093,-35.00926386133168,144.98681984195608,2.0289093090737182,-27.62493597329872,128.1826536187561,-16.479163919230235,-21.935160275250865,114.80770763300937,-27.127509964090343,-20.52965937153088,111.91189090030366,-27.127509964090343,-20.52965937153088,111.91189090030366,-19.513372273190065,-17.42221024532104,112.20721767828607,-19.513372273190065,-17.42221024532104,112.20721767828607,44.33826698474451,-28.136492096879923,138.79696820108276,62.11838481037812,-37.64974386057362,145.0492029877142,82.58041987851155,-37.69399190659403,123.54223005750153,96.5649909193228,-24.603486710712083,109.87175278854376,104.82979116169794,-18.03161112520012,106.37146864678449,104.82979116169794,-18.03161112520012,106.37146864678449,96.76018824577307,-19.641966658687235,106.45401916966676,96.76018824577307,-19.641966658687235,106.45401916966676,44.27133181381584,-32.249856555255434,142.30774868517256,44.73697920081541,-31.63151765638518,149.71486290189856,45.373878645078285,-29.27468629142525,156.7507861901059,46.31127733878548,-26.14792412967195,165.91485638621768
1.31666614,42.889,-27.7951,91.8838,32.59701035396928,-27.567701918278175,91.3992238466189,26.78186060202437,-30.415572909057104,47.169168833852574,22.04944819963938,-35.49753473441798,7.6814148264476,23.22994481434936,-35.12749073824677,4.2815640904363965,14.428021216172617,-24.181760699425,2.4167059486212787,12.68104911110761,-21.92677661622657,1.8827157487613289,53.180989646030724,-28.022498081721828,92.36837615338109,56.439034307033864,-32.56563863409341,48.017850551554154,58.77217281337441,-38.58537727857108,8.447356606539856,58.53133233932351,-38.9349598115268,4.854408268153788,68.3378431109131,-28.840167611001853,3.214872384155486,70.89238858539838,-26.220963242906613,2.4147851910711524,42.418705683980136,-32.08471300801031,99.85945962490426,42.86224628271816,-33.28497541072886,109.70059883448215,43.39075297449707,-33.22710123231041,119.61032689818892,43.86848198133909,-33.03115437702289,129.52086466696437,44.30251031883383,-28.06445479208691,138.7938661433607,25.291320850862622,-34.895146218664905,144.92911825617355,2.463211158509626,-27.721212174596364,127.36043020483477,-15.642635425932422,-22.171868982216605,113.3892236773427,-26.200103266164234,-20.744468313521057,110.18752710140947,-26.200103266164234,-20.744468313521057,110.18752710140947,-18.580864315752986,-17.67156844687637,110.6597928950842,-18.580864315752986,-17.67156844687637,110.6597928950842,44.30251031883383,-28.06445479208691,138.7938661433607,62.103798146144015,-37.58767455635309,144.97022638631515,81.99203723784485,-37.7066024752875,122.93183888583225,95.56886598981667,-24.754802089938547,108.72859664831104,103.60846190568296,-18.105360644639426,104.8687667549105,103.60846190568296,-18.105360644639426,104.8687667549105,95.57007823509012,-19.82193352193042,105.26413528559982,95.57007823509012,-19.82193352193042,105.26413528559982,44.23150436752949,-32.17316258884978,142.3100153847467,44.70405967877519,-31.54820430722215,149.71613651031157,45.35137843134847,-29.188624341576325,156.75018742857978,46.306900476237914,-26.057057421315243,165.91074454766687
1.32499947,42.8574,-27.778,91.8832,32.565455672845275,-27.54450991596589,91.40056229177011,26.763685787436735,-30.38793661529693,47.168464296622986,22.04759955070443,-35.49593904117951,7.682117016646814,23.22845443632049,-35.12578411467666,4.282402776728647,14.427113072751226,-24.179653969768232,2.4171451396576664,12.680378784944129,-21.924566326737587,1.8828144041112973,53.14934432715472,-28.011490084034108,92.36583770822989,56.422354157986945,-32.558180077426876,48.01677775200017,58.7679838949015,-38.58179581485599,8.44761230369815,58.52784049922369,-38.93198239368921,4.854676129325243,68.33682187116311,-28.839547851427554,3.215404810992217,70.89209417663098,-26.221018832730874,2.4154280346090804,42.38605245631032,-32.06077885056314,99.86246937537058,42.82818586669963,-33.249689676357335,109.70504973501849,43.35542902027323,-33.18031717638135,119.61477128275416,43.82979143440396,-32.97137637018103,129.52520533379172,44.26584931498886,-27.992907103168562,138.79179796691162,25.22193544579659,-34.781300920451635,144.87226199231782,2.9193561202455243,-27.82523167888607,126.55683740608319,-14.766908735429126,-22.422045424477123,112.00303666555175,-25.224780155151862,-20.975345224545578,108.49754886341518,-25.224780155151862,-20.975345224545578,108.49754886341518,-17.605330171029458,-17.935685045345956,109.14793235660143,-17.605330171029458,-17.935685045345956,109.14793235660143,44.26584931498886,-27.992907103168562,138.79179796691162,62.087847786666984,-37.526355302794215,144.89218522843504,81.38924428218529,-37.72669412767733,122.33863386023499,94.54341939057197,-24.920387408864485,107.61526170296106,102.34396922201361,-18.19917135222943,103.4051384413343,102.34396922201361,-18.19917135222943,103.4051384413343,94.34967556504076,-20.018237742869392,104.11282279632005,94.34967556504076,-20.018237742869392,104.11282279632005,44.190715581704914,-32.09695244913702,142.3133024482885,44.67018400088811,-31.465403873534797,149.71842013365725,45.327952739867925,-29.103110792232314,156.7505907222132,46.301635229606845,-25.966786724403757,165.90760738907227
1.3333328,42.8238,-27.7617,91.8812,32.531852974711555,-27.52386771758423,91.4007449614196,26.746218605821014,-30.363189497326314,47.166269842677714,22.049644557598725,-35.50029366275368,7.681372315988938,23.23085969923734,-35.12960107451196,4.2818418134362215,14.429537537739318,-24.18333292234547,2.417303599725,12.682803093488392,-21.928196194184864,1.8831805769404764,53.11574702528844,-27.99953228241577,92.36165503858041,56.40717310710335,-32.554149154332784,48.01477147560613,58.768711535776895,-38.58422186899809,8.447535800166946,58.52918992004948,-38.93478938972377,4.854595270098074,68.3399694522082,-28.843994075414884,3.215993458767011,70.8958090416412,-26.225897421824932,2.416413866013408,42.35232421058594,-32.03718040567243,99.86437485936564,42.792230384971994,-33.21268221232927,109.70866544328705,43.3168313055239,-33.130528120446115,119.61842949798294,43.78521264360384,-32.9086935902463,129.5288678033128,44.21687751831479,-27.91884512509221,138.7895437763042,25.146085530502422,-34.67771093718171,144.81844207796428,3.4296816326897606,-27.95370488460368,125.72833296376692,-13.785621428823479,-22.63177420825969,110.59155997159843,-24.13689989638801,-21.26327675166969,106.75402044357978,-24.13689989638801,-21.26327675166969,106.75402044357978,-16.559635054893747,-18.174904369664418,107.6289857604273,-16.559635054893747,-18.174904369664418,107.6289857604273,44.21687751831479,-27.91884512509221,138.7895437763042,62.068327660508366,-37.45424239134092,144.80011077415006,80.75023670133456,-37.69698011677508,121.73121234732986,93.47851091680462,-25.115785038048273,106.449979801268,101.14035938147127,-18.412295886213446,101.96581074484494,101.14035938147127,-18.412295886213446,101.96581074484494,93.17300450845237,-20.230985136613583,102.9313036198186,93.17300450845237,-20.230985136613583,102.9313036198186,44.140031755360276,-32.018560034351594,142.31605189107046,44.62687583084774,-31.38162553581618,149.720226983087,45.294075905793996,-29.0168318651683,156.75066839581177,46.28355564814375,-25.874794655404564,165.90403239481998
1.34166613,42.7886,-27.7414,91.878,32.496652914503315,-27.49922240604968,91.39972182537296,26.727206020868667,-30.33439170407025,47.162866152268315,22.05015845967593,-35.50055045048917,7.679441660373747,23.23173643415949,-35.12931535391013,4.280096453295879,14.430437616237041,-24.182904177976646,2.416287856622029,12.683704150543301,-21.92771710851743,1.8823742245901318,53.08054708549669,-27.98357759395032,92.35627817462704,56.390411618770216,-32.545990387500936,48.011568360235145,58.76787912972242,-38.58241040879523,8.44625449504656,58.5289810066483,-38.93334909296444,4.853308688282247,68.34154769357602,-28.84417761691583,3.2154091365747552,70.89795167889173,-26.226508354552163,2.4162346147471436,42.31699826848098,-32.009592386310395,99.86506632717985,42.754682490846875,-33.17169840180581,109.71104627691777,43.27664567859154,-33.076777715705084,119.62083555491907,43.73905035234827,-32.84206272480279,129.5312578381083,44.166327400023405,-27.840855065325044,138.78600786268007,25.06887394594853,-34.57030305019574,144.76319702050026,3.9636687417565852,-28.085937156340677,124.91955738752067,-12.76321669355286,-22.8508365300354,109.21552837244015,-22.997401491161916,-21.563908909659325,105.04974637392357,-22.997401491161916,-21.563908909659325,105.04974637392357,-15.470148636844442,-18.424593176770404,106.14688444644204,-15.470148636844442,-18.424593176770404,106.14688444644204,44.166327400023405,-27.840855065325044,138.78600786268007,62.0467878856613,-37.378178037746814,144.7066152792597,80.09594893890385,-37.670603572086854,121.13992280405269,92.37986803736044,-25.322796121096612,105.31435851787815,99.8955427137951,-18.639984129664903,100.56008476933994,99.8955427137951,-18.639984129664903,100.56008476933994,91.9628875461333,-20.456156555906166,101.78198921032282,91.9628875461333,-20.456156555906166,101.78198921032282,44.08777222897488,-31.936238414485903,142.31750774240788,44.581995448984934,-31.29393076162038,149.72072972951412,45.258632070026934,-28.926649934925713,156.74943201892208,46.26391190204,-25.77891811182758,165.89911711271645
1.34999946,42.7514,-27.719,91.8741,32.45945490481388,-27.472493126921687,91.39799567403804,26.70623454240508,-30.30354900685743,47.15876330822674,22.048721468285592,-35.49879858822723,7.67684677113747,23.230663390298695,-35.12702218052084,4.277687251600191,14.42937647941217,-24.18047927552644,2.4145962335942586,12.682641693115086,-21.925244245736376,1.8808895429415253,53.04334509518611,-27.965506873078315,92.35020432596195,56.3716593948994,-32.535811595594915,48.007688148869946,58.76507040355807,-38.578658388607636,8.444316628361143,58.5267970064088,-38.92997545462177,4.851366315465324,68.34114101026888,-28.842421511197877,3.214152764211617,70.89810684903543,-26.22517868968296,2.415379121550838,42.27968467855168,-31.979887678269602,99.86505887883183,42.71515938818972,-33.12857428045089,109.71271138628937,43.2344943371627,-33.02086476237366,119.62250799928253,43.69093133691748,-32.77324563312571,129.5328929096927,44.11381740709136,-27.760665770162564,138.78169024962122,24.989922433954256,-34.46075435240375,144.70709680837672,4.519861049737589,-28.223274918572315,124.1324240557196,-11.701983998519555,-23.0803324067739,107.87778201749951,-21.80876171695676,-21.8782644151528,103.38817874722214,-21.80876171695676,-21.8782644151528,103.38817874722214,-14.3392273537941,-18.68583373428447,104.70461085680728,-14.3392273537941,-18.68583373428447,104.70461085680728,44.11381740709136,-27.760665770162564,138.78169024962122,62.022902839099785,-37.29980253669336,144.6121720117438,79.42666862915786,-37.64917798808111,120.56568381161837,91.24827357567446,-25.542999499316437,104.21020763002507,98.61045344467217,-18.88381431460717,99.19004617015773,98.61045344467217,-18.88381431460717,99.19004617015773,90.72016642759573,-20.695304494175264,100.66667234873077,90.72016642759573,-20.695304494175264,100.66667234873077,44.033563957477334,-31.851704313718468,142.3181842918847,44.53516967961115,-31.20400955768311,149.72044034696864,45.22124407444714,-28.83422919935903,156.7473852365029,46.24232145234476,-25.680787726928905,165.8933542040155
1.35833279,42.712,-27.6977,91.8717,32.420063896188466,-27.446681130437675,91.39776374670816,26.683000439817253,-30.273555001459076,47.156165795629285,22.0448858023195,-35.497851008876154,7.675798478109115,23.227194963773027,-35.12555528936772,4.276823516804051,14.42610165544524,-24.17873452300041,2.4144506521130484,12.679402659153151,-21.92342268481429,1.8809514358158301,53.00393610381154,-27.948718869562327,92.34563625329184,56.3506362388448,-32.526997981717415,48.00532659235946,58.75989945952062,-38.576342072110876,8.443910205941734,58.522245881028496,-38.9280359606589,4.850955707344811,68.33855255647327,-28.842281009385715,3.214425439831689,70.8961284172383,-26.225512164612105,2.4160520002345374,42.24009914525895,-31.951285192241386,99.86653743112639,42.673349785534285,-33.086573250940106,109.71584166781626,43.19006324514034,-32.96609898930234,119.62562835539661,43.640541679649964,-32.705596959512086,129.53595564125942,44.05912803051603,-27.681670660354058,138.77879025805836,24.908883799484656,-34.352147744156696,144.65227901741713,5.097049009359143,-28.368159566916585,123.37013134892693,-10.603781690776026,-23.32221308248629,106.58222374726441,-20.573002080873994,-22.20808102008712,101.77370886301448,-20.573002080873994,-22.20808102008712,101.77370886301448,-13.168721761587808,-18.96051668372934,103.30619363892983,-13.168721761587808,-18.96051668372934,103.30619363892983,44.05912803051603,-27.681670660354058,138.77879025805836,61.99626427052272,-37.22283880176752,144.51902046639628,78.74282885198164,-37.636676064451954,120.01130667912025,90.08514801548307,-25.780615981223868,103.14129963892748,97.28685895564459,-19.1481634328738,97.85978531450246,97.28685895564459,-19.1481634328738,97.85978531450246,89.44645029521976,-20.952628305073294,99.58907687936289,89.44645029521976,-20.952628305073294,99.58907687936289,43.977109240704024,-31.76836135427618,142.32026723558175,44.48611356681264,-31.115301167272154,149.72154675270937,45.18167294076278,-28.743034467269503,156.746720014905,46.218606341141005,-25.583904135277294,165.8889410336218
1.36666612,42.67,-27.6743,91.8701,32.37819227460554,-27.417069641819342,91.39670682689636,26.66226633479947,-30.25600884471243,47.15314552016011,22.044760452945084,-35.50487092832026,7.673620878286513,23.228315985807207,-35.13197031195616,4.2751460329262105,14.428715371476143,-24.18410598423135,2.411854136846854,12.682252409118872,-21.9285742557497,1.8785118191681858,52.961807725394465,-27.931530358180655,92.34349317310362,56.33359694769406,-32.511695144039706,48.0052790658038,58.760117077797915,-38.57809086939436,8.447528590687043,58.526944528996204,-38.938593057182736,4.855153529716222,68.34468359820238,-28.85626857189213,3.2061254698299546,70.90435775282428,-26.239688328907828,2.4138820263197918,42.19595881603613,-31.918767477022257,99.86965522181742,42.62591088371015,-33.040673480375915,109.72063726319492,43.13954366409493,-32.90714948193964,119.63041686463691,43.5843341185977,-32.632582123483566,129.5406213659403,44.00154313372514,-27.59598746854608,138.77662118542662,24.8191602659942,-34.24564207719138,144.56827638420225,5.679724092501754,-28.5045408636958,122.614496266482,-9.490128158954581,-23.600509760321426,105.30445398328345,-19.31055297271176,-22.50122225172746,100.19570812136631,-19.31055297271176,-22.50122225172746,100.19570812136631,-11.949184629804996,-19.25568605163508,101.92640210000727,-11.949184629804996,-19.25568605163508,101.92640210000727,44.00154313372514,-27.59598746854608,138.77662118542662,61.964103003164965,-37.16245207879803,144.39393252071747,78.10434627704566,-37.575732639501545,119.48272083043446,88.9599374060709,-26.002723356799535,102.10362132493874,96.01935564816874,-19.442511416677306,96.54694118166272,96.01935564816874,-19.442511416677306,96.54694118166272,88.22788889084197,-21.21721675254002,98.51214282375854,88.22788889084197,-21.21721675254002,98.51214282375854,43.916610598303414,-31.677721805072906,142.32374091309933,44.432458115965915,-31.021783563029583,149.724292099575,45.135674095243544,-28.649196006191058,156.74859470368622,46.18435053650262,-25.483921338834172,165.88735033495993
1.37499945,42.6259,-27.6479,91.8682,32.334231576361695,-27.384187654902107,91.39534519466426,26.639387477349754,-30.235014331661763,47.14982971346521,22.042358536105233,-35.508296010822534,7.671169592640595,23.227171334907137,-35.13481919237805,4.273196146381812,14.429349517380947,-24.185680954277018,2.408990119673961,12.68318155788388,-21.929883626977094,1.875805198401445,52.91756842363831,-27.911612345097893,92.34105480533574,56.31432062691707,-32.49379550591045,48.00495468139288,58.75792091515949,-38.57734188039785,8.450889645915652,58.529216298765114,-38.94664754620189,4.859121645717847,68.34871737507677,-28.868092323881296,3.197590952968432,70.91053502490354,-26.25176061806366,2.4114787766415224,42.14961538804017,-31.883229294744805,99.87246396915961,42.57625281391939,-32.99175396915246,109.72510486353248,43.08682127676833,-32.84518343076051,119.63485844081276,43.5259447758401,-32.55654963607236,129.54491596463808,43.941923523567525,-27.50729627721724,138.77405698347235,24.727650187309145,-34.13573966200529,144.4837353714562,6.281814763573465,-28.643893229562547,121.88202083642759,-8.341028141864886,-23.88661276037452,104.06763759870776,-18.003823632940247,-22.80476757163185,98.66315287617296,-18.003823632940247,-22.80476757163185,98.66315287617296,-10.691459395126355,-19.559530122630587,100.59092721641724,-10.691459395126355,-19.559530122630587,100.59092721641724,43.941923523567525,-27.50729627721724,138.77405698347235,61.92886237133692,-37.09944237124131,144.26821324603927,77.45331671382039,-37.52057184924115,118.96879252202059,87.80876392942002,-26.241675907951496,101.0980700533992,94.71881194694011,-19.757908369981322,95.27051003740667,94.71881194694011,-19.757908369981322,95.27051003740667,86.98249117699622,-21.500337095644348,97.46865330714205,86.98249117699622,-21.500337095644348,97.46865330714205,43.85397504371387,-31.584059114699137,142.32681604141845,44.37668787331505,-30.92525853646433,149.726631214677,45.08762788831475,-28.552384024788726,156.75005931991257,46.14813121860225,-25.381014082749797,165.88533631974028
1.38333278,42.5799,-27.6168,91.868,32.28836815011414,-27.34687408684464,91.39567914063423,26.614627387793288,-30.209865755492984,47.14823800877634,22.038159559165905,-35.50780778419488,7.670490705212366,23.224209284195513,-35.133734054916076,4.273014474475698,14.427862311352227,-24.183568292592156,2.4078842616005227,12.681925894852386,-21.92755499772142,1.8748548742247682,52.871431849885866,-27.886725913155363,92.34032085936576,56.293274060360346,-32.47088319487665,48.00635419549665,58.75411438797343,-38.57155391631039,8.455995646924244,58.529885266762314,-38.94967224962201,4.864862445438321,68.3508804468117,-28.874643731657773,3.190820917980277,70.91473178023062,-26.25846865824292,2.4108414663478914,42.10149111312609,-31.842995567509085,99.87696366058846,42.52485648321392,-32.93812072611733,109.73124403465908,43.03236992496335,-32.778487028742894,119.64095272005979,43.46583302547874,-32.47576904234359,129.55083922806793,43.880461507520536,-27.413854026331457,138.77310258033404,24.634873660439098,-34.02164585635138,144.400661943983,6.902539090587961,-28.785955098963296,121.17570608534113,-7.158267892025679,-24.180700178123807,102.87551930072695,-16.65487528452703,-23.119303540153595,97.18022773308458,-16.65487528452703,-23.119303540153595,97.18022773308458,-9.397703238372333,-19.87229292505507,99.30365108035012,-9.397703238372333,-19.87229292505507,99.30365108035012,43.880461507520536,-27.413854026331457,138.77310258033404,61.89121632715098,-37.031126920480105,144.1439276330268,76.79117297697361,-37.46765075687458,118.47200794606795,86.63342099128286,-26.49323898597558,100.12796415666374,93.38694673901966,-20.089746198783704,94.03422713165997,93.38694673901966,-20.089746198783704,94.03422713165997,85.71185874804148,-21.797790872661924,96.46201593560126,85.71185874804148,-21.797790872661924,96.46201593560126,43.7896092541525,-31.485638356845154,142.3314934141016,44.31917382524458,-30.82396869614935,149.7305653915633,45.03778069812566,-28.450783977038395,156.75310837496514,46.11002850236832,-25.2732865086434,165.8848844875864
1.39166611,42.5361,-27.5843,91.8726,32.24471566739946,-27.30790764072127,91.4008049253791,26.592041438556198,-30.182900687981633,47.151445706394064,22.036023357840264,-35.50536151215158,7.674631122218642,23.223326682820403,-35.13071481093135,4.277655922521726,14.428701805992159,-24.179325592332983,2.4115882767378833,12.683048030807972,-21.923057470763368,1.8787117941700016,52.827484332600534,-27.860692359278726,92.3443950746209,56.27431583734048,-32.446877771679546,48.01257401805912,58.75225402533732,-38.564697879666106,8.465932199153912,58.53248895642062,-38.9516198170551,4.875460841177191,68.3552363497808,-28.880384895210028,3.188919470429311,70.92114807645835,-26.26440696629823,2.4150783330212824,42.055468766636466,-31.801341453921545,99.8862544689625,42.47554354991673,-32.883069639841864,109.74215525725363,42.980013751077905,-32.710377685329384,119.65180037427912,43.40783272059917,-32.39357578172875,129.56149191960952,43.8212407736998,-27.319010106414602,138.77685511020354,24.544586110511233,-33.905767221499715,144.32214180640293,7.54478034687223,-28.932059165682713,120.49955685400855,-5.939586683328404,-24.48326938143763,101.73278788621778,-15.261623803212297,-23.444834023719412,95.75200727042761,-15.261623803212297,-23.444834023719412,95.75200727042761,-8.065604275464748,-20.19433226421186,98.0693531706933,-8.065604275464748,-20.19433226421186,98.0693531706933,43.8212407736998,-27.319010106414602,138.77685511020354,61.85474088139365,-36.96179659716166,144.02419075790814,76.1222254655945,-37.42203782327737,117.99586420214635,85.43987959938246,-26.76296816637609,99.19753827315921,92.03036671468391,-20.443972563737304,92.84267910967326,92.03036671468391,-20.443972563737304,92.84267910967326,84.4222786435419,-22.11510617119847,95.49651767324953,84.4222786435419,-22.11510617119847,95.49651767324953,43.72738796231895,-31.38580165425128,142.34087324262654,44.263819032612425,-30.721277107250348,149.7391946965617,44.99015032916898,-28.3478020024438,156.76084480725547,46.074213732185044,-25.164207746346175,165.88910174038259
1.39999944,42.486,-27.5539,91.8715,32.19475812086662,-27.264809938635498,91.40422884575281,26.57013758770459,-30.165820758510034,47.15299290447199,22.035664263077027,-35.50786905706559,7.67634346034945,23.22392565293932,-35.13232643007364,4.279802212510037,14.430722986893969,-24.179657499303676,2.4145432045437927,12.685371515780886,-21.92309300967304,1.8819314967101926,52.77724187913338,-27.8429900613645,92.33877115424718,56.25526083601982,-32.41861475118745,48.00829467267278,58.749240179640566,-38.5587007088962,8.46611224484591,58.527432522184185,-38.940774302819385,4.8752473106663565,68.35451365187551,-28.872392462999628,3.196937268376084,70.92053669423466,-26.257874230715736,2.4185454783776192,42.00373419136601,-31.75960672670344,99.89101080635746,42.418555569099084,-32.82748024884565,109.74864482298047,42.91844513215473,-32.6414703612937,119.65828103158475,43.34185245077564,-32.31466232228574,129.56783711591962,43.76571076254618,-27.232958467203517,138.77879101911475,24.447579342507886,-33.80274138682057,144.19845333952154,8.176845413121914,-29.059227272404062,119.82615322473018,-4.730429827319924,-24.741475453717918,100.62795624325014,-13.864249530469298,-23.73730534137829,94.35791311367694,-13.864249530469298,-23.73730534137829,94.35791311367694,-6.751009000734228,-20.465343988919436,96.89062486749219,-6.751009000734228,-20.465343988919436,96.89062486749219,43.76571076254618,-27.232958467203517,138.77879101911475,61.821859817871484,-36.898881207201136,143.9042576043411,75.45094995345454,-37.34675994114631,117.53582897547071,84.31002979084205,-27.028446323103438,98.33008476300904,90.74469345320428,-20.80163061464421,91.72930219455365,90.74469345320428,-20.80163061464421,91.72930219455365,83.20447318964851,-22.426649225236343,94.59686974320114,83.20447318964851,-22.426649225236343,94.59686974320114,43.667491496571614,-31.29662742989682,142.3462515485999,44.21193959202904,-30.62383699335418,149.74324017927586,44.94217767067824,-28.245724246616856,156.7629156429135,46.02799992513227,-25.0538892461571,165.88808522204857
1.40833277,42.4355,-27.5252,91.8686,32.144419341793196,-27.223403945802986,91.4058334952129,26.547808866751865,-30.150484423841913,47.152762942812345,22.03484988828442,-35.51215389292881,7.676308169708271,23.224070779072278,-35.13571471942841,4.280202007473635,14.432277287803338,-24.181778047290443,2.4157450919960644,12.68722565935718,-21.924919622852354,1.883396380153694,52.7265806582068,-27.826996054197018,92.3313665047871,56.23588139311012,-32.392101237116826,48.00227080827096,58.745927450902094,-38.55446293371476,8.464570485691937,58.52208928530077,-38.93168410657454,4.873318544381423,68.35351646575256,-28.866172136491073,3.203267833899768,70.91963861738512,-26.253107845004294,2.4203337810847008,41.95161434400067,-31.71956236084081,99.89395245409072,42.36119871261899,-32.77356100086404,109.75329860645867,42.8565221208826,-32.57421493143396,119.66290479975561,43.27552345453265,-32.237382662125526,129.57231249876327,43.70982709532539,-27.148558793720767,138.7788478802164,24.35100703837175,-33.701212118892265,144.07259978624757,8.824429117375495,-29.196798796007055,119.1751629639591,-3.494200526396863,-25.01703955976703,99.56413344823403,-12.431563160661847,-24.05081223375186,93.01139243939127,-12.431563160661847,-24.05081223375186,93.01139243939127,-5.4083016686393535,-20.754942460437697,95.75540249873727,-5.4083016686393535,-20.754942460437697,95.75540249873727,43.70982709532539,-27.148558793720767,138.7788478802164,61.78782175530802,-36.83755474849404,143.78229222406858,74.77079577647103,-37.27775662892407,117.0896840804219,83.15966052281169,-27.307013374259274,97.49318619286149,89.43158911572792,-21.174925088991223,90.65148568656173,89.43158911572792,-21.174925088991223,90.65148568656173,81.96464822000539,-22.752646362339146,93.72949478290565,81.96464822000539,-22.752646362339146,93.72949478290565,43.6072457344895,-31.209096330469986,142.34974959673838,44.159714056870854,-30.528054739542032,149.74538835256544,44.893863566807674,-28.145329059709695,156.76309127690095,45.98144596506133,-24.945292525495223,165.8851782745732
1.4166661,42.3824,-27.4961,91.8604,32.09149969522159,-27.18157218554057,91.40212281199784,26.522848517740478,-30.13476042557164,47.147259739873434,22.03136484657668,-35.51608700480493,7.671030457312689,23.221541666429335,-35.13875492237651,4.275358288116191,14.431144654224891,-24.183562095668808,2.4116975095732696,12.686389886680074,-21.92641234219267,1.8796109786290702,52.6733003047784,-27.810627814459426,92.31867718800216,56.21394096853854,-32.36533408990076,47.99100392755926,58.740041310640734,-38.55005765566777,8.457817979969896,58.51418163852096,-38.92242839338785,4.866186416766377,68.3499489109635,-28.859789622711105,3.2043969796771528,70.91615283329327,-26.24817064464343,2.4169216708476773,41.89690519128431,-31.679108265742393,99.89157921565327,42.30127270114553,-32.71921342476463,109.75261603819601,42.792050311970534,-32.50651295983706,119.66217076529311,43.206657598421245,-32.15963859007878,129.57141685215697,43.65141613201375,-27.063709921395855,138.77352218716004,24.252697968585732,-33.599012979732876,143.94116540158367,9.484163205089164,-29.342356668445614,118.54396123208952,-2.235174988434629,-25.307360452173945,98.539276278797,-10.968189308140234,-24.382699181061685,91.71081208423715,-10.968189308140234,-24.382699181061685,91.71081208423715,-4.041869011017195,-21.060501259848028,94.66168295022047,-4.041869011017195,-21.060501259848028,94.66168295022047,43.65141613201375,-27.063709921395855,138.77352218716004,61.75048921622838,-36.77567828902559,143.65473236071506,74.08000282738799,-37.2130022778784,116.65401823162203,81.98773977340036,-27.596610612679996,96.68393535812916,88.09024640961299,-21.561814071522143,89.60656972587064,88.09024640961299,-21.561814071522143,89.60656972587064,80.7018245069714,-23.091054120225053,92.89156552735552,80.7018245069714,-23.091054120225053,92.89156552735552,43.54447181189077,-31.121105558616808,142.34786557405698,44.1049678733585,-30.431822919497417,149.74213667478,44.84304192977243,-28.04449277505639,156.757862793379,45.93239682468172,-24.836272739500384,165.87686331990568
1.42499943,42.3282,-27.4614,91.8534,32.037498698569685,-27.134133028227946,91.39959622750848,26.496828740281554,-30.113633056755475,47.14298476387146,22.026847921930894,-35.51478628771358,7.6670225216500825,23.21798711094673,-35.136572073556515,4.271785963735413,14.428995443936355,-24.180124475314276,2.4088735921532027,12.684539593649328,-21.92268419807975,1.8770395334293655,52.61890130143032,-27.788666971772056,92.3072037724915,56.19096163771087,-32.33316887227149,47.98100396154077,58.73312284427905,-38.54040617123436,8.452376345543477,58.505253062145485,-38.90793458637216,4.860372995036034,68.34537417710172,-28.84819323984496,3.2068369404053323,70.91164816557041,-26.238016836716906,2.4148201601143455,41.84111392785815,-31.633030916066105,99.89039854503824,42.24028489794388,-32.6592056818714,109.75310643522059,42.726535116790274,-32.433117531609646,119.66258795109128,43.13675794533883,-32.076167861407924,129.5716587049148,43.59197044169704,-26.973140088066767,138.76931769368298,24.154157736246894,-33.49093740401248,143.81062151472887,10.156597549291956,-29.49049111765882,117.9395670336573,-0.9535214369021929,-25.60688304437292,97.56079507149734,-9.474588804909711,-24.727389260172405,90.46386880554994,-9.474588804909711,-24.727389260172405,90.46386880554994,-2.6519652141442362,-21.376446971992547,93.6168901936446,-2.6519652141442362,-21.376446971992547,93.6168901936446,43.59197044169704,-26.973140088066767,138.76931769368298,61.71134298807006,-36.7079444330133,143.52819484395212,73.38087292838098,-37.14715823920656,116.2357804427923,80.79759104714927,-27.891756420768687,95.90990206654516,86.72428449509297,-21.9567876703523,88.60244617981235,86.72428449509297,-21.9567876703523,88.60244617981235,79.4194084345728,-23.43640371780789,92.090722666319,79.4194084345728,-23.43640371780789,92.090722666319,43.480668024765265,-31.027380083366427,142.3471070844238,44.04919761135088,-30.329861183756407,149.73999238019053,44.79120383983037,-27.937941860768234,156.75374032345977,45.88233647917026,-24.721565183969997,165.86965449169958
1.4333327599999999,42.2728,-27.4225,91.8464,31.98253432489684,-27.076659949952536,91.39650911814427,26.47543934092622,-30.100919438712587,47.13874300153858,22.02798567969107,-35.52164307528944,7.662918869837121,23.220472937117886,-35.14141270715887,4.268380778781731,14.432563697859303,-24.183558142585195,2.408640059163692,12.688679670624744,-21.925691006543676,1.876742719031364,52.563065675103154,-27.768340050047463,92.29629088185574,56.17053328775137,-32.31099645270509,47.972769445928655,58.73457379806882,-38.54208308844041,8.449307612614874,58.50794353500954,-38.91040620200574,4.857307243533709,68.35486897650671,-28.85709518568865,3.2051698525177255,70.92321331230474,-26.24848346673966,2.4147105606271566,41.78132395121922,-31.585694570189617,99.88750472626234,42.177382381633315,-32.60209173004676,109.75135050635907,42.66240630281629,-32.36664166628284,119.66067410102252,43.067910222983016,-32.00165210975429,129.56964620890307,43.526498557532484,-26.89219588876208,138.76356787548144,24.064558377313052,-33.41836578355272,143.69985998250758,10.796790045867475,-29.614532505098623,117.41785287626064,0.26410852142765506,-25.900461092018876,96.70361150267257,-8.012407420347287,-25.011550428941543,89.32407340537429,-8.012407420347287,-25.011550428941543,89.32407340537429,-1.2899008228295825,-21.67293812243166,92.69751729358642,-1.2899008228295825,-21.67293812243166,92.69751729358642,43.526498557532484,-26.89219588876208,138.76356787548144,61.64570441710494,-36.65528741167071,143.46478173721383,72.66351189181654,-37.046123578418715,115.90209160760291,79.63823459474938,-28.183566451177867,95.24731427586714,85.47721963804976,-22.426171161914407,87.73019288678839,85.47721963804976,-22.426171161914407,87.73019288678839,78.23772196727651,-23.748674548254524,91.41247601302292,78.23772196727651,-23.748674548254524,91.41247601302292,43.41018777769838,-30.943628461453876,142.34437686276718,43.98792998905548,-30.240126230921877,149.73598088702013,44.730063175530844,-27.84294637283982,156.74791917568453,45.81576209165852,-24.614379938099145,165.86017230684726
1.44166609,42.2154,-27.3784,91.8399,31.925612041710174,-27.01380314960022,91.3939092824821,26.45192553943263,-30.082981823588323,47.135090945432914,22.026863578678867,-35.52341801534765,7.659462256621829,23.220704020596198,-35.14120720528974,4.265622286983085,14.43404410454254,-24.181821859936306,2.409001331680602,12.69076697982553,-21.923503438572645,1.8770304122987864,52.50518795828983,-27.742996850399777,92.2858907175179,56.14800509078373,-32.28404701557685,47.965095948171154,58.73379405534168,-38.53917049916129,8.44684819696284,58.508396371843965,-38.908296546512844,4.854852694593652,68.36227420830309,-28.861574663865305,3.2040856011274856,70.93272617588298,-26.254570074524345,2.4151766246797304,41.71948216107967,-31.533125695121676,99.88511117496839,42.11243653475367,-32.53972016462922,109.7500862623453,42.59626289451135,-32.294886859272296,119.65924100665077,42.997074850446936,-31.92182414197081,129.56810335433423,43.45914305814752,-26.805924052615197,138.7582666278111,23.973512520419227,-33.340034183162125,143.58947726170345,11.446407204923208,-29.73753708030222,116.91851236205355,1.5001840845014218,-26.196849163078912,95.88644929273921,-6.522736988053262,-25.300982164147015,88.2327821576564,-6.522736988053262,-25.300982164147015,88.2327821576564,0.09183065830093518,-21.97295357368698,91.8230845553172,0.09183065830093518,-21.97295357368698,91.8230845553172,43.45914305814752,-26.805924052615197,138.7582666278111,61.57779424817626,-36.59758304614817,143.40185167047315,71.93728358452827,-36.944821492894285,115.58446272414841,78.45550623836036,-28.482559654100804,94.61509458281498,84.19880121962099,-22.90700577058194,86.89005591099799,84.19880121962099,-22.90700577058194,86.89005591099799,77.03149787398497,-24.070821321076124,90.76224481003514,77.03149787398497,-24.070821321076124,90.76224481003514,43.33776225464981,-30.85452813831113,142.34210517744313,43.9247443220764,-30.14503732334596,149.73240871237994,44.66706174918789,-27.742625699532685,156.74253672331335,45.7473808305035,-24.50193342917907,165.85112414276625
1.44999942,42.1553,-27.3301,91.8308,31.866019811776923,-26.946920386433117,91.388689830487,26.42570032593389,-30.061140956497066,47.128903834812014,22.023097440719972,-35.521369425258825,7.653496647627364,23.21828445306009,-35.137154730753274,4.260356963255454,14.432663643404053,-24.1764079194594,2.406858291108648,12.689950856091603,-21.91767108686028,1.8748147337773293,52.44458018822307,-27.713279613566886,92.272910169513,56.12288205284486,-32.25268537739126,47.95487780170499,58.73053345802543,-38.531807595618965,8.441872879178291,58.50637766232597,-38.901739823403325,4.849882599444667,68.36704187205025,-28.861450346868345,3.2005040587683995,70.93955771990196,-26.256011813419413,2.4131503386582325,41.655027435331924,-31.476368913607022,99.88010334945804,42.044912083175035,-32.473157129487795,109.74619590195609,42.52755173864846,-32.218941260092876,119.65517225146425,42.92367615861225,-31.837796765923464,129.56391552994677,43.38914069864917,-26.715457222962648,138.75031972933775,23.880521976024824,-33.25788267436807,143.4763596771242,12.103864957681076,-29.86164578899109,116.43892921247576,2.752220173505936,-26.49835227921222,95.10711028305275,-5.008509080991444,-25.598239820438597,87.18818738717776,-5.008509080991444,-25.598239820438597,87.18818738717776,1.4903334844526206,-22.278789434147352,90.99145508697057,1.4903334844526206,-22.278789434147352,90.99145508697057,43.38914069864917,-26.715457222962648,138.75031972933775,61.5072027195244,-36.53534944262847,143.33622577306184,71.2022193760752,-36.843282172007186,115.27987976893328,77.24975205273542,-28.788211284261767,94.0112483188817,82.88926579775398,-23.398446187105634,86.08062553450415,82.88926579775398,-23.398446187105634,86.08062553450415,75.80076754773539,-24.402370833026474,90.13819606606118,75.80076754773539,-24.402370833026474,90.13819606606118,43.26276600215313,-30.76122989155662,142.33718187362814,43.85898056742653,-30.045753664319584,149.7261691833286,44.601447406987276,-27.638115833846136,156.73448813810842,45.67631684510074,-24.385327402916875,165.83940788520243
1.45833275,42.0912,-27.2891,91.8243,31.802462290678946,-26.887368780657763,91.38604985886967,26.395439118077757,-30.0468341136804,47.12539033519806,22.015298763013963,-35.52701981293629,7.650249868549778,23.211832116155506,-35.14080698363824,4.2578115966124015,14.427196492803992,-24.178749775715005,2.4073954987680066,12.685037725928487,-21.919604531629858,1.8752715639311213,52.379937709321055,-27.69083121934224,92.26255014113032,56.093774102647366,-32.22883980133702,47.94733831039044,58.723300874834294,-38.532176843782636,8.439638924401322,58.50038922357517,-38.90293659346972,4.847656540348625,68.36779756803114,-28.869054611804074,3.1996195438687356,70.94236541045898,-26.265177511890094,2.4138090750659895,41.586601574657294,-31.42688863378944,99.87769609144642,41.97344043915596,-32.41383402892432,109.74489800081949,42.4549115701713,-32.150200858823105,119.65368511842482,42.84636204057414,-31.760930003203544,129.56229822877415,43.315215324282605,-26.632124761047095,138.74492177177015,23.78417205139736,-33.182841919437514,143.36568385431167,12.767088799056383,-29.997486532567056,115.98459349416854,4.017621839155298,-26.81534827690458,94.37134926107274,-3.4726670593017284,-25.913492822782974,86.19634529848125,-3.4726670593017284,-25.913492822782974,86.19634529848125,2.902920735708344,-22.600768950974633,90.2083636896447,2.902920735708344,-22.600768950974633,90.2083636896447,43.315215324282605,-26.632124761047095,138.74492177177015,61.432492636482436,-36.480186204020676,143.27315955795876,70.45760346660776,-36.75347677087041,114.9938489509085,76.0212880694537,-29.1125023685645,93.44222659751335,81.54918926274318,-23.91251863497768,85.30890388176395,81.54918926274318,-23.91251863497768,85.30890388176395,74.54578358546236,-24.755333248887275,89.54688962970779,74.54578358546236,-24.755333248887275,89.54688962970779,43.183866947927605,-30.675046995871597,142.33481794007233,43.789319574762985,-29.95356547438385,149.72247000505953,44.531937523339934,-27.54070023693573,156.72897494196394,45.60133696804222,-24.275838586397764,165.83021681969234
1.46666608,42.0295,-27.2447,91.8188,31.741151349620274,-26.826458454763618,91.38690780503933,26.36814562902878,-30.013859323998176,47.12410866766784,22.015044527896332,-35.53001179260615,7.650986768882213,23.212116341218255,-35.144417469643784,4.258668102328412,14.429221916081898,-24.181427594729215,2.4055141639225104,12.687205483789288,-21.922160584146322,1.8734412277432988,52.31784865037972,-27.662941545236386,92.25069219496066,56.06416969776516,-32.21940777696039,47.94010885035691,58.72238341646808,-38.53366056262074,8.436072458179467,58.50010678878205,-38.90470674944685,4.844080298997278,68.3699330532835,-28.873034407358823,3.1970707272146734,70.945201045939,-26.269764603600333,2.4115424244506496,41.523369255710804,-31.37484375827001,99.87602329094884,41.9084344197832,-32.35318488892712,109.74415140583883,42.38903488186736,-32.08466857026758,119.65284966660235,42.77743682310638,-31.691344002460415,129.56142265956157,43.2465361897928,-26.557997442508995,138.74149567809522,23.69550367029068,-33.11514863820071,143.267629177917,13.350531660785666,-30.103090782361743,115.60617977200849,5.136484646315644,-27.08903677883571,93.7599807353819,-2.0647167219150093,-26.17211949822554,85.33083947511254,-2.0647167219150093,-26.17211949822554,85.33083947511254,4.1796757141100365,-22.875549673760922,89.55679986904745,4.1796757141100365,-22.875549673760922,89.55679986904745,43.2465361897928,-26.557997442508995,138.74149567809522,61.363204342034535,-36.41689738627091,143.24853637021693,69.7599852912314,-36.656405734277065,114.77603337026206,74.85151784483807,-29.333596223652314,92.99842424146496,80.29836888061064,-24.368579208124807,84.66602478749677,80.29836888061064,-24.368579208124807,84.66602478749677,73.36656906148163,-25.025904042293423,89.05198261717003,73.36656906148163,-25.025904042293423,89.05198261717003,43.11285494962175,-30.599016643365346,142.33344782648703,43.71991359914552,-29.87274474000552,149.72049868734675,44.455055584915414,-27.45326274497289,156.7255100819821,45.50912660021854,-24.16968737976533,165.82180644930105
1.47499941,41.9677,-27.1989,91.8159,31.679768234410467,-26.764230314940715,91.39034499595904,26.34080009346213,-29.979824597564395,47.125466425590226,22.01473912315214,-35.53216854226375,7.654446006922051,23.212348623460617,-35.14719187959604,4.262246971256232,14.4310837602909,-24.18336754482413,2.406309375558543,12.689186701797631,-21.923998699342995,1.8742780394685106,52.255631765589534,-27.633569685059282,92.24145500404096,56.03449962233095,-32.20849782743805,47.93553787705489,58.721487229028526,-38.53368544970392,8.43519764010771,58.499852037916796,-38.9050227384842,4.843195927465834,68.37200576843269,-28.875471820778607,3.197215942711485,70.94795073454095,-26.27278655666214,2.411970396953675,41.460081435844124,-31.32140936927284,99.87693857130593,41.8433923781968,-32.29114184869068,109.74598465895973,42.32311866963988,-32.01773767643212,119.6545916187846,42.708465373383184,-31.620351146891416,129.56312182787482,43.17776112178024,-26.482457672365943,138.74064076770628,23.60723334968941,-33.046148958402235,143.1720500540883,13.939696952557094,-30.213267951538093,115.24786256633728,6.265527046563934,-27.3721062569367,93.18326606608197,-0.6385424527238905,-26.443288829326782,84.51034364246745,-0.6385424527238905,-26.443288829326782,84.51034364246745,5.466790482352632,-23.160654111648437,88.94517958260398,5.466790482352632,-23.160654111648437,88.94517958260398,43.17776112178024,-26.482457672365943,138.74064076770628,61.29388146967433,-36.35201666239827,143.22650497908072,69.05769353813977,-36.564415929225085,114.57471916463275,73.67058783921942,-29.56697442094772,92.5845276978605,79.02836947024576,-24.842259632482758,84.05694263567781,79.02836947024576,-24.842259632482758,84.05694263567781,72.17320543372693,-25.312824810665926,88.58505981605911,72.17320543372693,-25.312824810665926,88.58505981605911,43.04178372238699,-30.521572095901135,142.3346485462794,43.65043847697981,-29.790498954336247,149.72109444088215,44.378070502692474,-27.364402551737772,156.7246020894077,45.416702014965594,-24.062158517268912,165.81591494316694
1.48333274,41.9061,-27.1489,91.8139,31.6186208427835,-26.697688027426725,91.39466837471085,26.31361511833982,-29.941547121871118,47.127768836918385,22.01445526227147,-35.53013564417244,7.658924382711561,23.212606715662467,-35.145792488930496,4.266844891108261,14.433074229987541,-24.181055262600495,2.4081066388221046,12.691317479816112,-21.921569171903766,1.8761138624799159,52.193579157216504,-27.600111972573277,92.23313162528916,56.004930449053376,-32.1937277004115,47.9319307597915,58.720625606058505,-38.530046882546095,8.435338011475451,58.499628816043916,-38.90168744155721,4.843328329236114,68.37419415572678,-28.874348091242368,3.198340211965596,70.95083801707275,-26.272272166737377,2.413368292404399,41.39696506100665,-31.263762699409316,99.87874900871716,41.77852649590722,-32.224875153838624,109.74870608875239,42.25738429452634,-31.946573191623656,119.6572187050298,42.63968114914379,-31.545109260743438,129.5657026893511,43.10922649246199,-26.40266036042256,138.74065708837438,23.519595806303144,-32.97268665750054,143.077258623633,14.534203632832673,-30.324639344359703,114.90817460309192,7.403864284166435,-27.660999156823863,92.63992851220712,0.8045074490024895,-26.723319105252557,83.73387965124054,0.8045074490024895,-26.723319105252557,83.73387965124054,6.763205609051361,-23.452468883110992,88.37219893903334,6.763205609051361,-23.452468883110992,88.37219893903334,43.10922649246199,-26.40266036042256,138.74065708837438,61.22466388146164,-36.28307433521656,143.20533364238466,68.35141704856187,-36.475271816245375,114.38833915885961,72.48001325356726,-29.810453003321904,92.19945938076093,77.74110972026877,-25.331397650591498,83.48123777620751,77.74110972026877,-25.331397650591498,83.48123777620751,70.96724141602223,-25.61391005982108,88.14529670477171,70.96724141602223,-25.61391005982108,88.14529670477171,42.97091349362813,-30.43986098324789,142.33672546055703,43.5811705248537,-29.70397647094507,149.7225613538661,44.301306175033645,-27.27130851627292,156.72456412237105,45.324452409690785,-23.95049575480096,165.81086781926297
1.49166607,41.8411,-27.0958,91.8119,31.55410155115226,-26.62811118875592,91.39897761111642,26.28304021307044,-29.900477672683113,47.130121377698224,22.010742101771537,-35.52551551450407,7.663538072118378,23.20942154042961,-35.14180892419725,4.271573051736611,14.431545636981866,-24.17622135933717,2.4100293425915846,12.689913158763174,-21.916630801500705,1.8780734171145668,52.12809844884774,-27.56348881124408,92.22482238888357,55.971948032124,-32.17587410638034,47.92837981704312,58.71638600019444,-38.523403155124406,8.435573954395636,58.49602976144013,-38.89535449505542,4.843557087457846,68.37294901444977,-28.870173681233265,3.1995447031676143,70.95027671301781,-26.268693987327538,2.4148416026320527,41.33049182607904,-31.20301254549016,99.8805546185466,41.71032683464417,-32.155486880980355,109.7514156269339,42.18831868468771,-31.872268759707012,119.65983075385881,42.56756543992918,-31.4667053780847,129.56826500365457,43.037325058909325,-26.319681243996612,138.74064256944908,23.42907771778533,-32.8961091853967,142.9823663441515,15.12993842637337,-30.43849610678687,114.58639573884223,8.546873094159558,-27.956947383111043,92.12939974641645,2.2593387161631657,-27.013442589020404,83.00113753612113,2.2593387161631657,-27.013442589020404,83.00113753612113,8.064044202328157,-23.752175945213214,87.837260451292,8.064044202328157,-23.752175945213214,87.837260451292,43.037325058909325,-26.319681243996612,138.74064256944908,61.15212603323728,-36.210795745307436,143.18415789207882,67.63836665372237,-36.389607644655264,114.21618539558156,71.2775766677763,-30.064522822406996,91.84296580820491,76.43461126220564,-25.836254266688535,82.93930363787041,76.43461126220564,-25.836254266688535,82.93930363787041,69.74631943947531,-25.929721415353516,87.73269149406181,69.74631943947531,-25.929721415353516,87.73269149406181,42.896708030137944,-30.35496019957417,142.33877787734016,43.50856421919311,-29.61424247035862,149.72399830411422,44.22117903531168,-27.17500763520777,156.72448579037794,45.228742276891836,-23.835675235406846,165.80574208696248
1.4999994,41.7803,-27.0517,91.8082,31.49357517927134,-26.573264767723984,91.40080952254392,26.25045598171367,-29.81962674952429,47.12672074351512,22.017084033349462,-35.52242771442617,7.667103375989662,23.21484281249873,-35.139795277101896,4.27469181951864,14.43681031311374,-24.17449134922986,2.412215991719771,12.694942272042754,-21.91503458244521,1.8804631060420611,52.067024820728655,-27.530135232276017,92.21559047745608,55.94415883252369,-32.162142790777835,47.92409648501364,58.718565931663335,-38.52087996685763,8.435187833801407,58.4985196427173,-38.892978806489225,4.843167242565063,68.37894719399574,-28.87116118046308,3.1997306375786314,70.95718124463357,-26.270644021219066,2.414814524730213,41.26995805807365,-31.150111828752877,99.8813452692708,41.646593520479016,-32.0945213389616,109.7531037471655,42.12088577697275,-31.807201168506655,119.66157855489851,42.495646804058815,-31.39783252527409,129.57002699685526,42.95992442222488,-26.246167018834697,138.7400777354844,23.338762037643097,-32.82555007441059,142.91700173836904,15.621623282986397,-30.496151653987408,114.34662557563178,9.502812190097405,-28.15881141934186,91.74334055603683,3.5029477573913725,-27.213553771822266,82.42365302909587,3.5029477573913725,-27.213553771822266,82.42365302909587,9.185504401942353,-23.97370246556401,87.41669461199604,9.185504401942353,-23.97370246556401,87.41669461199604,42.95992442222488,-26.246167018834697,138.7400777354844,61.09658812219786,-36.10601350075772,143.1638596047669,67.05844501185008,-36.309018444923346,114.08359528237895,70.2515860829986,-30.20071314627615,91.58239623170027,75.19638236588393,-26.1208291632031,82.49108184728416,75.19638236588393,-26.1208291632031,82.49108184728416,68.62459413374837,-26.13117658227118,87.4438631988731,68.62459413374837,-26.13117658227118,87.4438631988731,42.82194479033749,-30.279879658106,142.34007093783453,43.430927753963935,-29.537134612949526,149.72532523612435,44.1289794324097,-27.090702856111427,156.72476857226567,45.1112033200812,-23.73010220009653,165.80095389164296
1.50833273,41.7172,-27.0076,91.8059,31.430768888685968,-26.518303921246158,91.40403043222095,26.215672428970194,-29.738654416910165,47.12473263007715,22.0210318025045,-35.51922862996507,7.672296311490079,23.21787309549614,-35.1376883524199,4.279437962015281,14.439813314929626,-24.172566100612585,2.416021344154255,12.69773656394675,-21.91322286217364,1.884469832534583,52.00363111131403,-27.496896078753842,92.20776956777904,55.91398873156695,-32.148687779582765,47.921270050388536,58.71829803399203,-38.518772465757316,8.43630265623591,58.49855860998892,-38.89102434183184,4.844279136004204,68.38260993625043,-28.872689192589405,3.2014001942432473,70.96178044145454,-26.27316653919435,2.4162663845196137,41.20709324851049,-31.097200161366104,99.88352741012106,41.58052466011952,-32.03353613556153,109.75617664751682,42.05111734916416,-31.74210445500715,119.66470777664928,42.421393665361876,-31.32892005173132,129.57316644280684,42.880235306223575,-26.172606147397453,138.7408778810331,23.246316655150952,-32.754772168414405,142.8529719600678,16.113584277884215,-30.55808434182179,114.12066587324648,10.460605589767844,-28.368624461532423,91.38167733759906,4.754132748484466,-27.42569906167715,81.87928183789126,4.754132748484466,-27.42569906167715,81.87928183789126,10.309372157436634,-24.204858352382487,87.02554757027809,10.309372157436634,-24.204858352382487,87.02554757027809,42.880235306223575,-26.172606147397453,138.7408778810331,61.038578378556025,-36.001335505093465,143.144926577476,66.47466359438424,-36.237196313849815,113.96205370921395,69.22223428020085,-30.35350480971276,91.34249288565712,73.95113412011486,-26.426921259388553,82.0706047954541,73.95113412011486,-26.426921259388553,82.0706047954541,67.49878801420144,-26.35125670484073,87.17746834938355,67.49878801420144,-26.35125670484073,87.17746834938355,42.744852586556355,-30.204741590076075,142.3427360657914,43.350972766485654,-29.459966049928337,149.72802138355536,44.03444962631514,-27.00640366231276,156.72640708989192,44.991208440811285,-23.62469214498661,165.79746988709863
1.51666606,41.6514,-26.9639,91.8026,31.365266292853608,-26.463970134638966,91.40624372286183,26.17835730987832,-29.65854986985741,47.12176859028674,22.022424637971184,-35.51711231437781,7.676740394071324,23.218331364533835,-35.13664867407037,4.283431630730414,14.4400240959005,-24.17188459080693,2.4190735385616744,12.697693112181257,-21.912690073507072,1.8877232199636724,51.9375337071464,-27.46382986536103,92.19895627713817,55.88120847727611,-32.13543519046979,47.91749700529554,58.71556597087277,-38.516919110143874,8.436516011006233,58.49614247702224,-38.88933814109147,4.8444905045079185,68.38354842151332,-28.874226284237047,3.202144869893755,70.96358547040519,-26.275631367099923,2.4167870517150103,41.141635796440916,-31.04469507535637,99.88470090039817,41.511896467374164,-31.972935513096918,109.75823399477241,41.97878671647863,-31.677368057881548,119.66681776921307,42.344572568559556,-31.260345595052534,129.5752824341505,42.797860390242064,-26.099361522057052,138.74064196310522,23.15155264929346,-32.684750253831965,142.7878924173463,16.605190789236534,-30.62542651686941,113.90621909699358,11.419231128115689,-28.587630374735998,91.04217064716008,6.011506885030228,-27.651267513830696,81.36600384752671,6.011506885030228,-27.651267513830696,81.36600384752671,11.4343259370306,-24.446853006778284,86.66159748280668,11.4343259370306,-24.446853006778284,86.66159748280668,42.797860390242064,-26.099361522057052,138.74064196310522,60.97805052771412,-35.8964942437188,143.1249167993248,65.88732522450336,-36.17366941788459,113.84917739765827,68.18998934703153,-30.522233651095508,91.12098974547891,72.69949520687558,-26.75369406199367,81.67583611537484,72.69949520687558,-26.75369406199367,81.67583611537484,66.36930196919373,-26.589356797080715,86.93132825129625,66.36930196919373,-26.589356797080715,86.93132825129625,42.66516929120188,-30.129913457629115,142.34437214985502,43.26841733205003,-29.383087128045908,149.72968553096175,43.93723178092335,-26.92244085419045,156.72700063394515,44.86829516420532,-23.51974643425446,165.79288901552408
1.52499939,41.5835,-26.923,91.7965,31.29769196624452,-26.412159971630732,91.40564149856132,26.139026106520546,-29.58096346964358,47.11601570212113,22.021535096232142,-35.51753140474875,7.678619634149356,23.216512467793116,-35.13818786034195,4.284858092677399,14.438275368253104,-24.17352975174973,2.4195465943098537,12.695755615023103,-21.914434086370132,1.8883950442166841,51.86930803375548,-27.433840028369264,92.18735850143867,55.84619651105947,-32.12541069959052,47.910980771027795,58.710464800857906,-38.51840695277619,8.434021088691459,58.491351022393836,-38.89098876936854,4.841993557389404,68.38238456559887,-28.879370867559068,3.200188625200169,70.96335939593624,-26.2817745176407,2.4146087453306757,41.07397965477246,-30.994970185160412,99.88306606870084,41.44104984862355,-31.9151095295129,109.75747653718759,41.90424160422849,-31.615399733605564,119.6661094638923,42.26554382784472,-31.194529850707543,129.57457595903065,42.71340465512664,-26.028869865517677,138.73756779264016,23.054761929247974,-32.61699567314544,142.71994815608198,17.096443846488032,-30.69930665774642,113.70154647534027,12.378451475169866,-28.816646018458513,90.72312966430954,7.274528580514579,-27.89080456377128,80.8823344974005,7.274528580514579,-27.89080456377128,80.8823344974005,12.560125921531275,-24.70045505731306,86.32316913273385,12.560125921531275,-24.70045505731306,86.32316913273385,42.71340465512664,-26.028869865517677,138.73756779264016,60.915095567117746,-35.79484211439744,143.10210932852345,65.29709963480299,-36.122048879001305,113.74333384786031,67.15638628828076,-30.71054419793057,90.916372322792,71.4436540225509,-27.105006972443398,81.30555042655563,71.4436540225509,-27.105006972443398,81.30555042655563,65.23802252350232,-26.84901506735312,86.70399062686428,65.23802252350232,-26.84901506735312,86.70399062686428,42.58330065596811,-30.05782300606097,142.3431796176581,43.183699456752734,-29.308947533571168,149.72851768095754,43.837880738538146,-26.84127788007881,156.7247427226707,44.743180747814506,-23.417750516002506,165.78539572160102
1.53333272,41.5134,-26.8789,91.7918,31.22758121564809,-26.36608480079386,91.40382149938868,26.095247125926953,-29.408812270775574,47.10229716235367,22.04018189762062,-35.507939024317274,7.6832423978313145,23.23257312634083,-35.13048776808054,4.288360433692294,14.45118764588345,-24.168384816510407,2.4228500684598826,12.708037445799677,-21.90987354400538,1.8912821077854076,51.79921878435191,-27.391715199206143,92.1797785006113,55.81883661745818,-32.09688263267315,47.908702455988035,58.7177493871435,-38.513197844124434,8.438055342581663,58.501980284751255,-38.89142489283399,4.8464153498099325,68.39876321223447,-28.886532630494727,3.198271088751249,70.98210851693317,-26.290541767013487,2.4151797192335245,41.005574290518084,-30.94388126524479,99.88198808906802,41.369269589865475,-31.853454584966574,109.7575023109039,41.827711335419586,-31.5479396317577,119.66617885319243,42.18486338434908,-31.12045908303006,129.57451281177524,42.62376692145902,-25.94768687195726,138.73392507913528,22.967497091900768,-32.556397052782415,142.693848686158,17.44301444690755,-30.72228096525297,113.5843514159777,13.073203342080198,-28.921928430450386,90.53061020335545,8.286528062089776,-27.96902486896167,80.5342020785691,8.286528062089776,-27.96902486896167,80.5342020785691,13.479919701694277,-24.850624111119032,86.10401453007377,13.479919701694277,-24.850624111119032,86.10401453007377,42.62376692145902,-25.94768687195726,138.73392507913528,60.86677287958586,-35.64694562872435,143.07467409526436,64.91215923859522,-36.10117281819643,113.6693132148622,66.39586981457613,-30.739480435285735,90.8031294502337,70.25323379134346,-27.125424403161325,81.01498340625443,70.25323379134346,-27.125424403161325,81.01498340625443,64.23663723822118,-26.96684507988586,86.62693220047473,64.23663723822118,-26.96684507988586,86.62693220047473,42.502311689651755,-29.974442895882426,142.34229197323697,43.09867625330605,-29.224786862368575,149.72787770770202,43.7330899211557,-26.753009953461724,156.72447328792106,44.604721920098946,-23.308177778412908,165.78035145795883
1.54166605,41.4387,-26.8372,91.786,31.152873684113292,-26.32237095847995,91.40089888675818,26.047271306967552,-29.23901807383418,47.08780718440706,22.053899776373743,-35.50077246396599,7.687956988418911,23.24366601693527,-35.12523720301054,4.291941764042079,14.45927015230872,-24.16556309061432,2.426333647742151,12.715515355114194,-21.90761185198452,1.8943696488369457,51.724526315886706,-27.352029041520048,92.17110111324182,55.7868625698322,-32.07076197645153,47.90536847614799,58.720402992290104,-38.51037282778181,8.441074077752432,58.507975788042735,-38.894241687467165,4.849833452973927,68.41054188694054,-28.896115541849838,3.1953790917770597,70.9962556651227,-26.301730946898765,2.4147854392282913,40.932556648650966,-30.89518734240032,99.87980383943817,41.29287477171311,-31.79419254190649,109.75640950848529,41.746568434950944,-31.482869872465113,119.66512381942542,42.099571208827946,-31.048775006115903,129.5733188987042,42.52952794278988,-25.868893004940094,138.7291367980956,22.87567215897156,-32.4981412205279,142.6666499428352,17.785381671767293,-30.752936299844464,113.47264500722041,13.763515808094091,-29.039198252320706,90.34908128708656,9.299153863152215,-28.070192049526952,80.20615467617361,9.299153863152215,-28.070192049526952,80.20615467617361,14.394649896571366,-25.01896673337649,85.90216161061956,14.394649896571366,-25.01896673337649,85.90216161061956,42.52952794278988,-25.868893004940094,138.7291367980956,60.81354278910213,-35.501367939130255,143.04598942263954,64.52441667485665,-36.08902645292194,113.59890477720828,65.63212201383969,-30.784389130637127,90.69813374213149,69.05406885183352,-27.177835936817573,80.74667582236124,69.05406885183352,-27.177835936817573,80.74667582236124,63.23598506806268,-27.107575092294628,86.56591247784397,63.23598506806268,-27.107575092294628,86.56591247784397,42.416710283906916,-29.89342478031747,142.34026449686533,43.00907371038177,-29.14299657584984,149.72609380598252,43.62372426236347,-26.667235114292417,156.72304466953128,44.46150438123066,-23.201360597755727,165.77408763675072
1.54999938,41.3586,-26.8,91.7807,31.072769396063936,-26.28311843906532,91.39847356305727,25.99429240493684,-29.073682528552403,47.07414699442164,22.061867040146538,-35.498121983431446,7.694362991319899,23.24897542292157,-35.124527080883595,4.297203828146129,14.46171423437398,-24.167152422631943,2.4315826439424137,12.717382755429782,-21.90973620610196,1.8992387684147574,51.64443060393607,-27.316881560934682,92.16292643694273,55.74946153220799,-32.04922610230018,47.90258596751412,58.71760314248267,-38.512171539503136,8.44469383745865,58.50851476654821,-38.90168458502514,4.853865035911957,68.41689854398552,-28.910368604906253,3.193113126553375,71.00497879902336,-26.31759278162935,2.4150207520154545,40.85412672416428,-30.850988418466763,99.87811332166734,41.21106877749312,-31.73942520035993,109.75579784262389,41.66001946878971,-31.422297495553785,119.66454409712192,42.00887722763494,-30.981589741713837,129.5725940556253,42.42990268011131,-25.794605109201555,138.72480524945428,22.77851188122645,-32.444374531946174,142.63995468898202,18.1225346383572,-30.793339429153757,113.36807943912433,14.448182344331876,-29.170439650069373,90.18021981891707,10.310534546129642,-28.196314336404583,79.90017062632204,10.310534546129642,-28.196314336404583,79.90017062632204,15.302735204997637,-25.207367804525997,85.71933568369349,15.302735204997637,-25.207367804525997,85.71933568369349,42.42990268011131,-25.794605109201555,138.72480524945428,60.75462682997863,-35.36020363010638,143.01768290996745,64.13335651935259,-36.087626755522855,113.53375910524376,64.86491032609764,-30.847270530674045,90.60310281492958,67.84701868829633,-27.264275433335733,80.50272476856824,67.84701868829633,-27.264275433335733,80.50272476856824,62.23634212976756,-27.272954487528207,86.5225905464206,62.23634212976756,-27.272954487528207,86.5225905464206,42.32571108848926,-29.816887343024916,142.33869744979788,42.91410539067034,-29.065700251908677,149.7247668782423,43.50899800520086,-26.58608168950514,156.72205964506725,44.3127444260113,-23.099433628145064,165.76820896251988
1.55833271,41.2721,-26.7631,91.7748,30.986260071839993,-26.24428916693167,91.39544910470612,25.93532768413592,-28.909001030044,47.06023178312947,22.06318334022035,-35.49636027284129,7.701395722135302,23.247589106171333,-35.124727751034094,4.303078183423347,14.457451236177953,-24.169653394229165,2.4374997038671107,12.712538096882598,-21.91277378575711,1.9047869725780497,51.55793992816001,-27.281910833068334,92.15415089529388,55.70570672267911,-32.02776716503716,47.8992417829186,58.708515032205675,-38.51395928792233,8.447787643796424,58.50276677458015,-38.90911375068853,4.8573823117148205,68.41684305466302,-28.924490492787626,3.1903637423873636,71.00724633121075,-26.333282715199367,2.41478219424632,40.76935104925128,-30.80709306640445,99.87581638844742,41.12293037966489,-31.68495442239074,109.75456732858,41.567136643286815,-31.36201447910139,119.66333968587973,41.91184478753932,-30.91468711155188,129.57123823006796,42.3238696382085,-25.72059794139239,138.71982910303103,22.675082344092395,-32.39114941167814,142.6126288400905,18.453350711120805,-30.83958084889226,113.2695489292471,15.125918969395842,-29.311755074784884,90.02292662302517,11.318754554405484,-28.343570667177623,79.6154015137131,11.318754554405484,-28.343570667177623,79.6154015137131,16.20247538293732,-25.411802918361833,85.55447210512148,16.20247538293732,-25.411802918361833,85.55447210512148,42.3238696382085,-25.72059794139239,138.71982910303103,60.689162127265504,-35.218934111348624,142.98862643177452,63.738220726555454,-36.09227509339986,113.47274530267444,64.09354670796208,-30.923400593131014,90.51696210785819,66.63236601499452,-27.379955903368906,80.2823709050939,66.63236601499452,-27.379955903368906,80.2823709050939,61.23742117687378,-27.458043899310237,86.49582591919744,61.23742117687378,-27.458043899310237,86.49582591919744,42.22835619884119,-29.740605986257002,142.3364904908477,42.81280389552254,-28.98866071664491,149.72279611029316,43.38790703820574,-26.50530030120854,156.72041634325947,44.15738702799438,-22.998134599252154,165.7616126009864
1.5666660399999999,41.1814,-26.7318,91.768,30.89539852649665,-26.215860146491814,91.38911404796569,25.881533933403205,-28.59461778602615,47.033429224208525,22.112128009880088,-35.46980246879184,7.71386419289653,23.287859409805794,-35.10433420646673,4.3118679453880455,14.486830059012474,-24.15802933820007,2.4461634946681032,12.741360811621446,-21.902889827493915,1.9079319658961351,51.467401473503344,-27.247739853508186,92.14688595203431,55.67363663615202,-31.98498749265696,47.89657326599922,58.71732761148708,-38.50257180480773,8.453426590427433,58.51432471352129,-38.90193722041494,4.8633309187448015,68.43138038291156,-28.92094839431813,3.1922743955999318,71.02302931714392,-26.330795213270328,2.417331868698639,40.68029743943658,-30.77115774250882,99.87143064425993,41.03164592260777,-31.63445653689415,109.75154443284487,41.47378013516912,-31.300649355023577,119.66004932227266,41.819453380948204,-30.841261646433352,129.56736237782656,42.22024896945514,-25.635307272873074,138.70970582481223,22.58248014185767,-32.33592958768401,142.6064589486448,18.577158028065405,-30.988536406008123,113.22298318387627,15.4663082877082,-29.301497700122866,89.95738590940758,12.060037373269305,-28.227394865509968,79.42210791644564,12.060037373269305,-28.227394865509968,79.42210791644564,16.849828834969866,-25.4663427802791,85.51743726684391,16.849828834969866,-25.4663427802791,85.51743726684391,42.22024896945514,-25.635307272873074,138.70970582481223,60.633769475847174,-35.044037667178294,142.96917102222343,63.57575544970598,-36.10978374475286,113.44874376468272,63.667397839820985,-30.808549104040463,90.52059479455333,66.00227795641301,-27.26993176903639,80.23589824927714,66.00227795641301,-27.26993176903639,80.23589824927714,60.708480168771516,-27.388537519984276,86.53511950377901,60.708480168771516,-27.388537519984276,86.53511950377901,42.137333506102976,-29.651321354623978,142.33111204520722,42.716321536427415,-28.895698710681636,149.71747236563584,43.26908002256845,-26.40921236827201,156.71578324952128,44.00009118204214,-22.88422834301749,165.7532414537303
1.57499937,41.0797,-26.7031,91.7614,30.793527977618908,-26.190228355927072,91.3829787893228,25.817944250487216,-28.283198177229494,47.008581371989685,22.14880420970158,-35.44654573645872,7.730996889275012,23.31570217994605,-35.08732155068593,4.325296233757089,14.504020930301506,-24.149548959350785,2.4598297251055845,12.758016695920482,-21.896132703565222,1.9161435319896314,51.3658720223811,-27.215971644072926,92.13982121067718,55.630645943063385,-31.94450799733217,47.894180186827455,58.715360613961664,-38.49340900682306,8.459408593003893,58.51511331719241,-38.89698790542773,4.86962936074773,68.43497435911488,-28.919460854583168,3.1945556732300275,71.02782102874177,-26.33031370518402,2.4202580520513184,40.58031878260757,-30.737829814886304,99.86724213238101,40.92943865054423,-31.586557899454775,109.74869723761104,41.3694863297676,-31.24187474684253,119.65692263899929,41.71610377945255,-30.77041052497235,129.56363535672105,42.10555566153984,-25.55261477405173,138.69971638083712,22.47900228225356,-32.283704878603416,142.600462116518,18.68426658403691,-31.14886857017815,113.18008058986611,15.810101507954409,-29.312646586024016,89.8953438256178,12.816762038513708,-28.161309258926035,79.24345188048508,12.816762038513708,-28.161309258926035,79.24345188048508,17.49828755600835,-25.559340375838076,85.49098159343984,17.49828755600835,-25.559340375838076,85.49098159343984,42.10555566153984,-25.55261477405173,138.69971638083712,60.567077549589044,-34.871162404832745,142.9496420825342,63.40477452696182,-36.13076424124264,113.42664086791643,63.22900321606498,-30.701780331063027,90.52889555556577,65.35879237789916,-27.171797350207864,80.19682513808067,65.35879237789916,-27.171797350207864,80.19682513808067,60.16812286189087,-27.328862078960373,86.5804629254499,60.16812286189087,-27.328862078960373,86.5804629254499,42.035311641101586,-29.564592263105393,142.32586164777268,42.60886174790455,-28.80531877765219,149.71227184162018,43.1392672967022,-26.315870653806048,156.71125958950083,43.83159123872723,-22.77341465656968,165.74493179704427
1.5833327,40.9743,-26.6785,91.7503,30.687958234565247,-26.168696678450022,91.37234700291005,25.751816549439795,-27.975956800288603,46.980991781804455,22.180313239519354,-35.42766185997868,7.748081674337072,23.33820521314222,-35.07476312758733,4.338647922862156,14.516340725680166,-24.14507751527052,2.473911914529963,12.76986840787747,-21.893325525524673,1.9248602733116735,51.260641765434755,-27.188303321549977,92.12825299708994,55.58392376204209,-31.90802412077684,47.887349179410585,58.70966595345128,-38.488164823610944,8.461009458688984,58.51217515927107,-38.895950163168145,4.871552905580104,68.4348568770776,-28.921898407500468,3.1924936146762644,71.02890239379242,-26.333756729809284,2.4188502000402545,40.476640453677035,-30.708600305929384,99.8585507025006,40.823522200508194,-31.54276065210876,109.74132504025502,41.261480401292744,-31.18720737406897,119.64925890767867,41.60903505815169,-30.703662979330083,129.55535650558332,41.98713309696835,-25.474058244950996,138.68516033377168,22.371844014563653,-32.23556783175606,142.58995369081867,18.78141420393851,-31.32116117841775,113.13627147810875,16.16341283069245,-29.34687682224503,89.83262857982666,13.592891934093002,-28.14762765293701,79.07611034291916,13.592891934093002,-28.14762765293701,79.07611034291916,18.152721515806235,-25.69222276432464,85.47122502308522,18.152721515806235,-25.69222276432464,85.47122502308522,41.98713309696835,-25.474058244950996,138.68516033377168,60.49623333317332,-34.70223274052418,142.92532457179,63.23241985862805,-36.15713452014742,113.40171934225256,62.78575453729229,-30.605130851687562,90.5371780698779,64.70944734221139,-27.087683177412718,80.16050091956117,64.70944734221139,-27.087683177412718,80.16050091956117,59.62384676287564,-27.28099392750898,86.62717305096858,59.62384676287564,-27.28099392750898,86.62717305096858,41.92955901824175,-29.481954951690884,142.3160385065506,42.49771411390665,-28.71907000423393,149.70249353225228,43.005813162920184,-26.22686126608717,156.7021537000316,43.65930948414823,-22.667333394372925,165.73200665426242
1.59166603,40.8551,-26.6638,91.739,30.568598143786765,-26.156885577446264,91.36151868876901,25.673011299406575,-27.678362040370438,46.9549601520855,22.19633155874808,-35.418395851256676,7.769384307430201,23.34507090698215,-35.07192339969808,4.356197439746315,14.5137034312266,-24.14971503194832,2.492632608670092,12.76687330850194,-21.899536144157253,1.938295364583862,51.141601856213235,-27.170714422553733,92.116481311231,55.5232730660696,-31.881669151276355,47.88038784444031,58.68993392388726,-38.49308459909577,8.46254639570163,58.495193844067444,-38.9050721882361,4.8734194306436756,68.42086935301901,-28.934669188406396,3.190389213450291,71.01615560671665,-26.347575030932116,2.4174036370450556,40.35909219459343,-30.68926056095313,99.84965635344555,40.703712017524424,-31.508862193996116,109.73372785162667,41.13958394298016,-31.142448783683026,119.64135803839395,41.48807718927403,-30.64682336524006,129.54682556609202,41.85490264843772,-25.4054502279335,138.6703385114454,22.25082615662588,-32.197024234621814,142.57926371600817,18.857890646871276,-31.510383102377645,113.09599330341389,16.514736503416735,-29.410197474445265,89.77410763290607,14.374671272382281,-28.19282438282244,78.9257628562328,14.374671272382281,-28.19282438282244,78.9257628562328,18.80033339545958,-25.870611256892868,85.46329998606107,18.80033339545958,-25.870611256892868,85.46329998606107,41.85490264843772,-25.4054502279335,138.6703385114454,60.411012985201495,-34.54335549568518,142.90052117032022,63.0484248366242,-36.19496735027867,113.37827602114936,62.32758562470373,-30.524640816739577,90.54980059957114,64.04435225665652,-27.02363850471972,80.13134793261963,64.04435225665652,-27.02363850471972,80.13134793261963,59.065700465823355,-27.250875871242357,86.67962559003868,59.065700465823355,-27.250875871242357,86.67962559003868,41.809926835199164,-29.409221878409998,142.30594256566584,42.37274201040055,-28.642774505542985,149.69243760767924,42.85862511806354,-26.14797787208999,156.69275323384207,43.473218172499614,-22.571741963448673,165.71873531833478
1.59999936,40.7243,-26.6539,91.7234,30.436916047077936,-26.171263889303674,91.33821355188233,25.608881600286757,-27.24659145232277,46.91121887226431,22.269953871164528,-35.37828491528838,7.793040198736314,23.405596568942407,-35.04308862220377,4.37434908199498,14.568850781081172,-24.12547542284134,2.509353931914424,12.823945614219578,-21.876367996386975,1.944701801990584,51.01168395292206,-27.136536110696326,92.10858644811766,55.47389760425793,-31.8257443632646,47.87823400159201,58.6935833050628,-38.48215865647275,8.472262976438891,58.50220692023568,-38.897150806564795,4.883301227089579,68.43548480151978,-28.934098465533282,3.2015938854100727,71.03295488517477,-26.349410655283773,2.427893873994213,40.23181771399115,-30.677042051506884,99.8354214611319,40.57927216588577,-31.47818720673508,109.72090682526618,41.01746352036694,-31.0946786365414,119.62778769433118,41.37053004897893,-30.582786742252942,129.53226596203086,41.7228797616792,-25.326762596227894,138.64791742544048,22.138108614225974,-32.164186405715654,142.5736483881191,18.72649369762801,-31.665963437996933,113.08874752046678,16.522333525968314,-29.34907701431942,89.77383346363509,14.555299889313973,-27.96525054169128,78.91269798907314,14.555299889313973,-27.96525054169128,78.91269798907314,19.00756514469023,-25.884203845822192,85.5130865760539,19.00756514469023,-25.884203845822192,85.5130865760539,41.7228797616792,-25.326762596227894,138.64791742544048,60.30408468290665,-34.397409507081946,142.91256009909634,63.1054116769069,-36.11952518654942,113.40944829204761,62.38379455397099,-30.404541877399584,90.59213607645077,64.18842121584531,-26.874955450184316,80.19820500611294,64.18842121584531,-26.874955450184316,80.19820500611294,59.12694185329238,-27.176377499972556,86.67964945655115,59.12694185329238,-27.176377499972556,86.67964945655115,41.69329736836995,-29.325316492363715,142.28941693988546,42.25374926703611,-28.551251311433933,149.67529727112924,42.71921557230757,-26.052333752060008,156.67553038529118,43.296483905057904,-22.462374241506073,165.69852836107435
1.60833269,40.5818,-26.6436,91.7012,30.29360197422512,-26.1851225365036,91.30832011007475,25.534859274051016,-26.81408617639448,46.86529056771304,22.32704695762283,-35.337445011113594,7.81958563097016,23.44919484776267,-35.013655678855216,4.3953434630488575,14.608093603162922,-24.09961810185827,2.5300623714609523,12.86524740593028,-21.851474688044703,1.9553027620428844,50.86999802577488,-27.1020774634964,92.09407988992525,55.412605120592914,-31.76937351818244,47.86959379262819,58.68522232165307,-38.4706572827605,8.47558977866779,58.49720503275167,-38.88863788554029,4.886797285589649,68.43817949083542,-28.93303106891148,3.206475668630447,71.03785949103224,-26.350775036395618,2.4320782908507006,40.092789338174164,-30.664413508243022,99.81458586898535,40.442983921714,-31.447079211215804,109.70145479658065,40.88342555198756,-31.046448800304372,119.60755824266755,41.24100232128295,-30.518247334895403,129.51101829996065,41.57888594589398,-25.247615728015294,138.6187797629534,22.013439767359746,-32.13052873027147,142.56134406531461,18.578771638084003,-31.820607913738524,113.07653907072091,16.539363699522962,-29.297267910703166,89.76806265699503,14.76110883042948,-27.760542736642105,78.89494230491502,14.76110883042948,-27.760542736642105,78.89494230491502,19.223685275134375,-25.918657903816005,85.5591318649091,19.223685275134375,-25.918657903816005,85.5591318649091,41.57888594589398,-25.247615728015294,138.6187797629534,60.18484342532916,-34.25103752133364,142.91781815834486,63.15045124073801,-36.04160032062825,113.43484380386413,62.42488964111267,-30.282811296880585,90.62867333214501,64.31592882582737,-26.721962019856516,80.26080064489355,64.31592882582737,-26.721962019856516,80.26080064489355,59.17402888985814,-27.099591484393798,86.67459919097816,59.17402888985814,-27.099591484393798,86.67459919097816,41.564620343045675,-29.240880304928954,142.2661708310104,42.122709808924974,-28.459207049690118,149.65142875288552,42.56782041676193,-25.956319959906672,156.65156762758554,43.10772237239181,-22.35298226091545,165.6715456647947
1.61666602,40.4282,-26.6314,91.6704,30.139254446637963,-26.196978932562555,91.26983471678373,25.451570643076188,-26.37940829778558,46.81517869140739,22.36819508616889,-35.294244104704156,7.846944481980486,23.476435616984496,-34.98197842425339,4.417107326331524,14.631999423701757,-24.070487159354705,2.552739390812913,12.891341659666896,-21.82319867341785,1.9680896714246303,50.71714555336203,-27.065821067437444,92.07096528321627,55.3400260374348,-31.710960715300864,47.85246512850922,58.66550547669757,-38.45689963164763,8.470511465366009,58.48084525499343,-38.87784393274341,4.881891070075477,68.42966182496538,-28.92982342807064,3.203052812332425,71.03159157314336,-26.350035873152137,2.4279841852844024,39.94261114243636,-30.649875198506223,99.78514974936999,40.295448057261375,-31.414035727637103,109.67337223056727,40.73806537691221,-30.996255559069176,119.57867024120262,41.100083591442235,-30.451700407733593,129.48108315624017,41.42349778920009,-25.166501613922645,138.5809248423679,21.877403263295232,-32.09457490622428,142.54034122371613,18.415413705268268,-31.972533744936136,113.05735535228403,16.56591173233668,-29.254539766401425,89.7549230023174,14.991332660644868,-27.579453680405603,78.87084067157599,14.991332660644868,-27.579453680405603,78.87084067157599,19.447955812957346,-25.97365552695421,85.59976875280917,19.447955812957346,-25.97365552695421,85.59976875280917,41.42349778920009,-25.166501613922645,138.5809248423679,60.05382632192617,-34.102801178778876,142.91432970342615,63.18416471250367,-35.95976405541073,113.45250029527011,62.45161128268415,-30.158057362823815,90.65743356657524,64.4275883446373,-26.563283094971506,80.31714471931927,64.4275883446373,-26.563283094971506,80.31714471931927,59.20769258801484,-27.01908418337611,86.6624961210596,59.20769258801484,-27.01908418337611,86.6624961210596,41.42447688612958,-29.154405024797903,142.23420453586232,41.98019845942733,-28.365131638317422,149.61883266169676,42.40500662596699,-25.85844831367043,156.61887467829052,42.907492137776586,-22.24210864797714,165.6358107554264
1.62499935,40.2707,-26.6187,91.6334,29.9810661193932,-26.20839486828929,91.22516096222857,25.366179622398587,-25.944377404343346,46.763298432093954,22.400628448696146,-35.250510866741166,7.877489119361478,23.494547060187504,-34.94985182951951,4.442021748192053,14.64759670187614,-24.04003771125718,2.5797687410691346,12.909212035598939,-21.793526819828315,1.9854474040436276,50.56033388060679,-27.02900513171071,92.04163903777142,55.26343227046329,-31.651669801525387,47.82924327441364,58.64180446438381,-38.442003391479346,8.459422970702732,58.46050380977473,-38.86589055965016,4.870977682712619,68.4170984553928,-28.925389918618656,3.193708751234505,71.02126303010503,-26.348053326093936,2.417991936767414,39.78854920756622,-30.6348354426883,99.74951296581303,40.14394961565207,-31.380462506542397,109.63905844940228,40.58866817445174,-30.94549716712144,119.54352257409684,40.95505690689696,-30.38453785213308,129.44485899824005,41.263921148357994,-25.084806080668223,138.53675031836002,21.737315895215307,-32.058019643785634,142.5130512037428,18.243663683991823,-32.12323424303492,113.03362001989771,16.608262910766847,-29.223945545555402,89.73703032098248,15.251210857579766,-27.425981089112838,78.8432617182824,15.251210857579766,-27.425981089112838,78.8432617182824,19.685745152759917,-26.052026205702045,85.6377966042762,19.685745152759917,-26.052026205702045,85.6377966042762,41.263921148357994,-25.084806080668223,138.53675031836002,59.918422213325975,-33.95372602733277,142.90445427315873,63.21383540888389,-35.874983738704586,113.46475756417348,62.47112709794922,-30.031401449309453,90.68071857561975,64.53039792722265,-26.40007429567688,80.36949519593011,64.53039792722265,-26.40007429567688,80.36949519593011,59.23500274560695,-26.93601813083392,86.64564886118102,59.23500274560695,-26.93601813083392,86.64564886118102,41.28013819476185,-29.067276455166162,142.19591604508682,41.83347901842214,-28.27039992638471,149.57990637777607,42.23800406919772,-25.760059729517785,156.57983945472682,42.7029747431176,-22.13105249734857,165.59369818823592
1.63333268,40.1068,-26.604,91.5923,29.816546270998796,-26.22567197323,91.16907322043954,25.29661334497634,-25.56973628177506,46.70151136954723,22.45819899653546,-35.226599655968364,7.891806739793488,23.538583395560543,-34.93429991305467,4.45133871142354,14.703247591619071,-24.012415953860263,2.604759979421657,12.972472340024094,-21.763640719774365,1.996946471897957,50.3970537290012,-26.98232802677,92.01552677956045,55.19293418783451,-31.598144164114295,47.81238351733515,58.63916557235551,-38.45217715039049,8.45948653684107,58.45946129605914,-38.8742984960296,4.870752806646445,68.42094762215105,-28.93708458531062,3.203080516387579,71.0263075292997,-26.36083195485405,2.4277768611092654,39.62522637374356,-30.626818629564184,99.70513674620817,39.97618051008656,-31.358314115951142,109.59589630187321,40.415676308101034,-30.9077373413411,119.4998956483044,40.78100270006039,-30.332277413842338,129.40043914548582,41.07577992601632,-25.01960077434946,138.48524046732243,21.56245791736967,-32.016586773280935,142.4849204492239,18.001051086881446,-32.00144853088644,113.01352968018537,16.284204952009784,-29.050324136343022,89.72931171184668,14.813563830686146,-27.29515406035746,78.84330906957707,14.813563830686146,-27.29515406035746,78.84330906957707,19.289557781796987,-25.853038027369085,85.59640689581808,19.289557781796987,-25.853038027369085,85.59640689581808,41.07577992601632,-25.01960077434946,138.48524046732243,59.76144647814658,-33.807722752299426,142.88294059844472,63.353584133785596,-35.71016972279796,113.4767513821015,62.775820554153746,-29.837167903590682,90.69549722176961,64.64650942440699,-26.17715830369353,80.35850957012586,64.64650942440699,-26.17715830369353,80.35850957012586,59.41050212773284,-26.871219056407828,86.66890242750652,59.41050212773284,-26.871219056407828,86.66890242750652,41.10635986616067,-28.997177210551143,142.14963368495532,41.65686944140031,-28.188562133895825,149.53255941720235,42.04777937198634,-25.674186591232885,156.5318177035587,42.48940230304426,-22.037368292713904,165.54370220885065
1.64166601,39.9406,-26.5816,91.544,29.64985186882284,-26.235148372708196,91.10576606632925,25.22547845852567,-25.187022682103432,46.63610838029629,22.508457411979588,-35.19421719287531,7.906550748608801,23.57499147961572,-34.91030298584433,4.461062735392458,14.752242341915087,-23.975459643166477,2.6310737397161015,13.029182498327526,-21.724405004340078,2.0099231353260323,50.23134813117717,-26.928051627291808,91.98223393367074,55.12001202568204,-31.536756417113132,47.78851370401771,58.63438501503328,-38.45431564124747,8.452762324867564,58.4562937782777,-38.87466041282424,4.863739668488959,68.42279741868064,-28.940857991501353,3.2057482209976804,71.02938826894156,-26.365719703046917,2.430880132693603,39.459594413348675,-30.611090312604208,99.65355882898318,39.805978832102454,-31.328436852403318,109.54551570397423,40.2401333513124,-30.86222360820644,119.44902690479513,40.60428752399525,-30.272207106899348,129.3487567651046,40.88493866272569,-24.946574982485327,138.42641721038117,21.384810846610904,-31.966981354741296,142.44933883074296,17.75504346621014,-31.872143167360008,112.98643815680398,15.956607327751295,-28.869999143930457,89.71490488203948,14.373700549274993,-27.159578576975353,78.83752797188072,14.373700549274993,-27.159578576975353,78.83752797188072,18.88949905682367,-25.648460452878638,85.54890909710463,18.88949905682367,-25.648460452878638,85.54890909710463,40.88493866272569,-24.946574982485327,138.42641721038117,59.60128625810172,-33.65396003603306,142.8541442862425,63.48953896169433,-35.534741636356586,113.48424688899425,63.07515212951213,-29.630993476023143,90.70738267434271,64.75812445721769,-25.957409235975113,80.34297995125672,64.75812445721769,-25.957409235975113,80.34297995125672,59.5860012443476,-26.802053655486077,86.68760508039111,59.5860012443476,-26.802053655486077,86.68760508039111,40.92979033660643,-28.919175955289152,142.09605710146425,41.47738844313353,-28.098795169758805,149.477901260139,41.85468992836032,-25.58042422850754,156.47646989193842,42.27294937469771,-21.935897009159277,165.4863545121419
1.64999934,39.7761,-26.5513,91.4886,29.4849761409066,-26.236820932529003,91.03533689437464,25.156746488885233,-24.796546858904343,46.5671894074126,22.555527102817546,-35.153633034671635,7.921760138956081,23.607890720330143,-34.87809719644775,4.471238343344574,14.798495973056305,-23.929578244336128,2.6587654630076374,13.08320992694938,-21.676262830084053,2.0244361251831324,50.0672238590934,-26.865779067471,91.94186310562537,55.048764208850635,-31.467016124209056,47.757737273586535,58.63169278593213,-38.44785160519869,8.439353043192618,58.455240445068306,-38.86641086182983,4.850040774290388,68.42671326364531,-28.9359693159004,3.201823091076543,71.03452567782877,-26.361929971786846,2.4274139698840576,39.29572826992577,-30.58745963787744,99.59487912997169,39.63743052398451,-31.29063384304841,109.48801637996237,40.06611355477656,-30.808753186867158,119.39101597264687,40.42897087657745,-30.204119787788176,129.28991146947547,40.69535199447209,-24.86552162639017,138.36038293005277,21.208486761559232,-31.909406064186335,142.406463040637,17.509573708369018,-31.73561849770938,112.95252337636327,15.629213154106075,-28.683324733855354,89.69399270039172,13.93530981374296,-27.0196190744233,78.8260933733302,13.93530981374296,-27.0196190744233,78.8260933733302,18.48926187116778,-25.438612792447085,85.49546294989378,18.48926187116778,-25.438612792447085,85.49546294989378,40.69535199447209,-24.86552162639017,138.36038293005277,59.442075833610424,-33.4918093483427,142.818240518309,63.62597126281312,-35.34801061009285,113.48743320665504,63.37337864933984,-29.412361518910448,90.71649187613548,64.87032699277347,-25.74028607814852,80.32305796595409,64.87032699277347,-25.74028607814852,80.32305796595409,59.76611221677268,-26.727810196695426,86.7019558636718,59.76611221677268,-26.727810196695426,86.7019558636718,40.75445860791537,-28.833067157467493,142.0352864606336,41.29904680439476,-28.000884944562962,149.41603221992384,41.662696185716165,-25.478552550116603,156.41389688865607,42.05750476725578,-21.82641381229281,165.4217573066482
1.65833267,39.5999,-26.5119,91.4291,29.30853021315854,-26.229112461419273,90.96079034975752,25.0770493847524,-24.39653673820615,46.4977682024999,22.585609616399395,-35.10272405098173,7.940342707604202,23.623494262746792,-34.83557661394083,4.48477943205001,14.82861546066924,-23.872354474298724,2.690781613314398,13.121237330901138,-21.6167352550784,2.0434392427148307,49.891269786841455,-26.794687538580728,91.8974096502425,54.96559094701434,-31.38827574326433,47.723047012857286,58.617220133383924,-38.43227697707229,8.422252738525295,58.44241538782782,-38.84903811303861,4.832650629644823,68.41915446538222,-28.922256222048055,3.1942856925502072,71.02826847880131,-26.34939178333953,2.4203565842921066,39.12008358357666,-30.554710317373836,99.5320972170035,39.45696792225125,-31.243703591015333,109.42639740709438,39.880069328363994,-30.746140890258197,119.32886152464415,40.24152991093054,-30.126844203468195,129.22690157817908,40.49369505483665,-24.775278109543343,138.2901347114794,21.019871801505104,-31.841915225310768,142.35926688088134,17.251184541002477,-31.589777859982952,112.91474031444575,15.288804512782644,-28.488116176847193,89.66952012473338,13.485328262670697,-26.872993129924236,78.81192776779511,13.485328262670697,-26.872993129924236,78.81192776779511,18.075803066699393,-25.22142927053363,85.43902582393525,18.075803066699393,-25.22142927053363,85.43902582393525,40.49369505483665,-24.775278109543343,138.2901347114794,59.2701837777779,-33.32082940232196,142.77812013700716,63.74889963549275,-35.149678487249616,113.4891608360963,63.656546968629875,-29.18093026947983,90.72565895396505,64.97005020086249,-25.525394107690364,80.30163739510266,64.97005020086249,-25.525394107690364,80.30163739510266,59.93732713378423,-26.647669727216893,86.71496310940087,59.93732713378423,-26.647669727216893,86.71496310940087,40.56689530695267,-28.73769012303047,141.97031946913262,41.10840763943439,-27.89369245773223,149.3499498011507,41.458455482596406,-25.36743471703384,156.3470920633574,41.82986213937662,-21.70778214762037,165.35289800468684
1.666666,39.4217,-26.4642,91.3667,29.130629602220004,-26.20463289423276,90.87877603508353,24.982443062360836,-24.170024436290525,46.416690848900444,22.60171412650662,-35.12411568430434,7.92195361958332,23.640399443816676,-34.85222252195713,4.4670011215779795,14.855110590168437,-23.878644562474406,2.689405125543182,13.151210939200999,-21.620547223030176,2.0415373381606514,49.71277039778,-26.723767105767244,91.85462396491646,54.90023143001516,-31.282377383686274,47.689780224412935,58.613934726821974,-38.43286485150123,8.414040683496488,58.44257855100742,-38.850009087824226,4.824316795686631,68.42719851553362,-28.929679167603894,3.194906031647622,71.03846736433465,-26.35894677258131,2.421159579595791,38.9355515421179,-30.51620823869134,99.46472394816021,39.25797663765763,-31.195307455511603,109.36018984683726,39.66747923616981,-30.68962824426174,119.26281450889132,40.02470740191917,-30.061227363045404,129.1604343950297,40.2614688643291,-24.699432533096186,138.2180357307834,20.799133004011075,-31.794804555730508,142.29212060478847,16.91406167429043,-31.35831050539041,112.86488126184295,14.75083191788499,-28.231892681445117,89.64081075619904,12.817580158520833,-26.671478737561785,78.7975590857123,12.817580158520833,-26.671478737561785,78.7975590857123,17.487647652102005,-24.987608021075143,85.36060714048983,17.487647652102005,-24.987608021075143,85.36060714048983,40.2614688643291,-24.699432533096186,138.2180357307834,59.08019206041695,-33.15169273844716,142.7057905736938,63.90986326921731,-34.88126170620987,113.46661156947692,63.998564926550586,-28.88024054739617,90.71158181103766,65.12581310784806,-25.26818042636779,80.25066435362973,65.12581310784806,-25.26818042636779,80.25066435362973,60.17216603669474,-26.506626252669122,86.70404977397578,60.17216603669474,-26.506626252669122,86.70404977397578,40.348755382895725,-28.657750847402802,141.90231643104246,40.886291940533745,-27.801714643912657,149.28085070080206,41.232930941724845,-25.27269986622278,156.27716667133822,41.603348421894836,-21.60831913547382,165.2810905513419
1.67499933,39.2386,-26.4098,91.302,28.947916950013777,-26.173573083307204,90.79444308835754,24.882661065113382,-23.936833374587636,46.33440718738552,22.61174660605278,-35.138348183164354,7.90429148104311,23.651194524989975,-34.86169290933053,4.449946430693179,14.875448222632981,-23.877812258128753,2.688922956453608,13.175019173512696,-21.6172406560611,2.04056551974669,49.52928304998622,-26.646026916692797,91.80955691164247,54.82984419874384,-31.169213548769882,47.65450129566934,58.60586322880174,-38.42585191121521,8.404180791865464,58.43797921443826,-38.84335876489436,4.8143349973427885,68.43041450601895,-28.929411514408983,3.1940116166047927,71.04382620509287,-26.360792239587564,2.42048208791216,38.746208674372184,-30.47102411226541,99.39502863252693,39.05411177639073,-31.140253099387664,109.29162942688873,39.44995196272802,-30.62647045172303,119.19439252504671,39.80287752162454,-29.98892675317507,129.09158205656118,40.0241144553187,-24.616902178054655,138.1435126754663,20.573373186324307,-31.741181075224095,142.2225202903139,16.566812934684997,-31.12358424461283,112.81482111569632,14.20109448365092,-27.977472289708842,89.61316475203023,12.137167601620659,-26.474161752927596,78.78594331315223,12.137167601620659,-26.474161752927596,78.78594331315223,16.886331036681156,-24.756332648257118,85.28310119856609,16.886331036681156,-24.756332648257118,85.28310119856609,40.0241144553187,-24.616902178054655,138.1435126754663,58.88469411200728,-32.97548303183254,142.631011975139,64.06303811855061,-34.599859436939944,113.4455211229291,64.33177654412644,-28.56313960575093,90.70135053839581,65.27758526435348,-25.009021451588442,80.20267677254047,65.27758526435348,-25.009021451588442,80.20267677254047,60.40506882829481,-26.355248741735274,86.69612011312381,60.40506882829481,-26.355248741735274,86.69612011312381,40.125494399628664,-28.571052132770266,141.83190627356754,40.65896799911798,-27.70295050880014,149.20932567276185,41.002141167691974,-25.171160494917018,156.20480871573128,41.37148780789991,-21.502017062093415,165.2068368213936
1.68333266,39.0502,-26.3472,91.2382,28.76000014487559,-26.134108905445565,90.7109866304624,24.777389907613713,-23.694996174022773,46.254112617195695,22.615033341678856,-35.14328897243221,7.890515473892705,23.65521522095454,-34.86188043792305,4.436775365208799,14.88931048886637,-23.86747102003607,2.6925171332281224,13.192415021920223,-21.60437424312132,2.043711278233203,49.3403998551244,-26.560291094554437,91.76541336953761,54.7539058732285,-31.047927398034957,47.62043432039053,58.5922792899687,-38.41062069516287,8.395921364636827,58.42787999041375,-38.82847503629867,4.805954726421395,68.42836452320309,-28.9211474640803,3.194827640744153,71.04398501004165,-26.35470324022259,2.421544294060826,38.55152333250348,-30.417642939884097,99.32621080667815,38.844815825869006,-31.077034568160343,109.22391565347444,39.22694130079372,-30.555173318008006,119.12679503259459,39.57550922034719,-29.908458966690095,129.02354399342298,39.78126504852335,-24.52620567625247,138.06976175571154,20.34196771167094,-31.678880406180863,142.15362660377966,16.208960788874712,-30.88356983180934,112.76770384293359,13.639420214088574,-27.72285159671676,89.58972240121004,11.444103567643733,-26.279025165550514,78.7802630766475,11.444103567643733,-26.279025165550514,78.7802630766475,16.27181648984292,-24.52572798740747,85.20970222012733,16.27181648984292,-24.52572798740747,85.20970222012733,39.78126504852335,-24.52620567625247,138.06976175571154,58.683049698485576,-32.79131155384285,142.55702714998827,64.2076849640934,-34.30483476889634,113.4291303103691,64.65563869275114,-28.22908915172439,90.69817883682983,65.42579190843368,-24.74716727650636,80.1610281351403,65.42579190843368,-24.74716727650636,80.1610281351403,60.63586973240785,-26.192510145471225,86.69449431263845,60.63586973240785,-26.192510145471225,86.69449431263845,39.896619014814064,-28.47611376833217,141.7622875333581,40.42596589924844,-27.59593269368553,149.13857282165011,40.765693828728494,-25.061331663483188,156.13320605393102,41.13400003696055,-21.387364628498798,165.13330923385212
1.69166599,38.846,-26.2866,91.1783,28.55637438544605,-26.096637443868122,90.63140535787677,24.65609501869306,-23.45499436221182,46.17880537834331,22.601247734309137,-35.149389108812045,7.8835900918542094,23.642126147624065,-34.86321698277204,4.430451304233195,14.88619181888906,-23.858186941308716,2.7031734408395733,13.192857715096421,-21.592539828568277,2.053963876551048,49.135625614553945,-26.476562556131878,91.72519464212321,54.66201035304778,-30.928338121580207,47.590572537849795,58.562910282148835,-38.3968563883524,8.392243564129124,58.40201679700501,-38.81504094624514,4.802156544908236,68.41059141940953,-28.914373565382647,3.200351175555999,71.028436602676,-26.35011448644126,2.4273469115863504,38.3410721615913,-30.366275154081656,99.26126984218477,38.619675394254614,-31.01585962685803,109.16004750873924,38.9880209069287,-30.485936776904982,119.06302092063885,39.33216064403351,-29.83001684496453,128.95931901258356,39.52237366381223,-24.437534311602107,137.9997832086571,20.09452254728943,-31.61850107376847,142.08846345965318,15.830258558027051,-30.649088874406786,112.726532081462,13.055714801001647,-27.478909671724885,89.57348966792087,10.728403481462667,-26.096999623333026,78.78356809865248,10.728403481462667,-26.096999623333026,78.78356809865248,15.633974527999083,-24.306637521015226,85.14348374304052,15.633974527999083,-24.306637521015226,85.14348374304052,39.52237366381223,-24.437534311602107,137.9997832086571,58.464893406935346,-32.60898067758007,142.48680882807764,64.33318145325049,-34.005901842760196,113.42035860959128,64.95918548701245,-27.887712580623877,90.70500298080145,65.56012216411933,-24.491838015686874,80.12883298026792,65.56012216411933,-24.491838015686874,80.12883298026792,60.8537976139263,-26.027684948224213,86.70228216481554,60.8537976139263,-26.027684948224213,86.70228216481554,39.65165638659663,-28.383126662522344,141.69645929264786,40.1767941813196,-27.49084567778781,149.0715915927042,40.513046820689326,-24.95339469841099,156.06535940356815,40.88027047669487,-21.27454215353781,165.0635109485217
1.6999993199999999,38.6299,-26.2173,91.1223,28.34030920828507,-26.037016943688542,90.57148771921608,24.535603765832114,-23.341590620065485,46.11383375862017,22.603379698569526,-35.16515632567938,7.8519129515184645,23.649914965053068,-34.870492196441745,4.401198991980982,14.887921016371173,-23.868815609297094,2.6833121170281666,13.19432316767793,-21.603123355588217,2.034948620766068,48.91949079171493,-26.39758305631146,91.67311228078391,54.580329831011845,-30.780408867268186,47.54863107667247,58.556107307903204,-38.37882862327636,8.38280425844038,58.402460008837295,-38.8037019105787,4.793185192184651,68.42073996427607,-28.912491078664278,3.1936302499984106,71.04150124391266,-26.351956482107568,2.418164896424358,38.125753739932755,-30.299668520339978,99.2039586643521,38.38934116597857,-30.944380999907235,109.10346605249626,38.74412577633922,-30.410624255412404,119.00672867944691,39.08035810247198,-29.751221903148334,128.90306716401238,39.25364253238301,-24.355974881832836,137.94222220369042,19.823882134644016,-31.54586865616134,142.00606610329157,15.369383842605092,-30.33916300460649,112.6811956333862,12.34302171578622,-27.190021652874535,89.55684605844314,9.947827235153287,-25.78595414821946,78.78465507085008,9.947827235153287,-25.78595414821946,78.78465507085008,14.896073648784897,-24.012330852375577,85.11613740820093,14.896073648784897,-24.012330852375577,85.11613740820093,39.25364253238301,-24.355974881832836,137.94222220369042,58.23127965426966,-32.45158983879841,142.41830269654855,64.44161390185411,-33.64619771895,113.41396884476083,65.23591086862436,-27.521351587795493,90.70566960333235,65.85049632462348,-24.206514639871475,80.10460354576927,65.85049632462348,-24.206514639871475,80.10460354576927,61.121776964194325,-25.811456119952357,86.64539300955592,61.121776964194325,-25.811456119952357,86.64539300955592,39.39225675775224,-28.300279040232006,141.63993472558286,39.91388613690686,-27.399563109641225,149.01429063682573,40.253017240862526,-24.858364085218007,156.00655844599183,40.63150514119748,-21.168313386606513,164.99965653493632
1.70833265,38.4051,-26.1395,91.0721,28.115555320572042,-25.968859172809324,90.51736870635274,24.40632310392775,-23.219433846189666,46.05495357867045,22.59689616123315,-35.171705164796734,7.827032314816023,23.649073839595037,-34.86854430251217,4.378771090903909,14.88107342769323,-23.870185873210048,2.6703093156543996,13.187226141252426,-21.604434947721455,2.022803023202581,48.69464467942795,-26.31014082719068,91.62683129364727,54.489629550352355,-30.623470866464768,47.51291697437547,58.541172711040026,-38.3515643423214,8.380240744202986,58.39485017506236,-38.783109219730584,4.791111521418307,68.42293368934715,-28.901419443321316,3.1941427698961578,71.0466550923998,-26.344637700772306,2.4163081218304803,37.90172502054411,-30.2245582284552,99.15244750828752,38.15028026706522,-30.86442829188198,109.05265789149439,38.491495594467864,-30.326860683810942,118.95619121084553,38.819814245207084,-29.66397899322429,128.85256295852466,38.97618669648802,-24.26598844922327,137.89038833243822,19.544527653437324,-31.464751063961888,141.9293773756603,14.894088177597524,-30.02684261162019,112.64537912398305,11.616239783055473,-26.90606540321591,89.55148465471038,9.153351121742768,-25.483417501666807,78.79701055222358,9.153351121742768,-25.483417501666807,78.79701055222358,14.14372524918491,-23.723973181813165,85.09931747169797,14.14372524918491,-23.723973181813165,85.09931747169797,38.97618669648802,-24.26598844922327,137.89038833243822,57.98862152309884,-32.28563622865535,142.3555378593551,64.53596930305801,-33.26997118510501,113.41749985775978,65.50025732736323,-27.13287715605187,90.71909181391797,66.13485737710548,-23.899818349491955,80.09397655049345,66.13485737710548,-23.899818349491955,80.09397655049345,61.38364542070625,-25.57339713282636,86.60117792705358,61.38364542070625,-25.57339713282636,86.60117792705358,39.12411180224918,-28.20896999094736,141.58915053305464,39.64220216396271,-27.299808511352524,148.9627194981909,39.98420038830654,-24.75484334812841,155.95347775713688,40.37393993099963,-21.053580910862898,164.94148643235238
1.71666598,38.1626,-26.0667,91.0279,27.873112289261368,-25.90568265980135,90.46924905646365,24.259242826419488,-23.10212150931232,46.00236143622416,22.572805886700376,-35.18276355454698,7.809184062336307,23.630609531131302,-34.87110444741421,4.363402598811691,14.856571587731462,-23.876101665884214,2.664363752308308,13.162471829832556,-21.610293633960747,2.0177183644348773,48.452087710738624,-26.22771734019865,91.58655094353635,54.38090029780936,-30.471153369849024,47.48364248820139,58.50908548286566,-38.32880822374312,8.384791776640114,58.37016663609955,-38.76701713291849,4.796175838770404,68.40818678338607,-28.894952476015327,3.2021081072755404,71.03492173208963,-26.3419632723854,2.4219906449608066,37.659993741337104,-30.154430755904755,99.10694370395923,37.8935026570212,-30.789466348008744,109.00783166532194,38.22114090157845,-30.248092569758548,118.91161612649266,38.54153986506007,-29.581716545923733,128.80801277069898,38.681009188364264,-24.18098865358526,137.84447935265314,19.247462363005845,-31.38855346910038,141.8586113954178,14.395591198930845,-29.725879770421443,112.619227270253,10.866903661527637,-26.64086864328331,89.55751499972094,8.33662757802066,-25.20323023913977,78.82069239752487,8.33662757802066,-25.20323023913977,78.82069239752487,13.368512037635849,-23.45540955063761,85.09315701517646,13.368512037635849,-23.45540955063761,85.09315701517646,38.681009188364264,-24.18098865358526,137.84447935265314,57.72788729068887,-32.12459806645819,142.2987461712108,64.60699356401881,-32.8908792417562,113.43116172635958,65.74279510621611,-26.735853952831196,90.74554688370134,66.40381718483715,-23.58501822303139,80.09736652993871,66.40381718483715,-23.58501822303139,80.09736652993871,61.629981346154764,-25.32682006700028,86.57001424748229,61.629981346154764,-25.32682006700028,86.57001424748229,38.83823158246063,-28.122607128586548,141.54431070128555,39.352754422567095,-27.2049769602286,148.9170803724219,39.697606518036935,-24.65620381632904,155.90631094493034,40.09858194361043,-20.943685782020435,164.8891818133899
1.72499931,37.9141,-25.9895,90.9904,27.62468068101197,-25.83805033320604,90.42782743893437,24.10608851422495,-22.980054519909373,45.956764135422006,22.54279910194756,-35.188596678941934,7.799033539190454,23.606221233285254,-34.868434682706614,4.355761910296241,14.82620891254877,-23.876746486319604,2.666165733358656,13.131873783450086,-21.610866641635955,2.0203892359088442,48.20351931898803,-26.140949666793958,91.55297256106562,54.26584842050579,-30.3139586106022,47.46149646341396,58.4715458987948,-38.30093202933115,8.397124664809148,58.34010966777871,-38.74578582682249,4.809044473448617,68.38819796110968,-28.88344429945119,3.2182263672803635,71.01799965810622,-26.3342845185388,2.4359213976854805,37.412244427317034,-30.0799132143704,99.0681325824993,37.630688981948374,-30.71016345429399,108.96967012229726,37.94474223132028,-30.16502798368577,118.87368834298141,38.257215739666364,-29.49518206993004,128.77010414865603,38.37980738936367,-24.09175681536376,137.80520285048215,18.94437203905166,-31.308005092984022,141.79451386613198,13.885843632606102,-29.427088511434718,112.6034165106978,10.107302091377202,-26.38510611510375,89.57559704897672,7.510081101597097,-24.93598402006458,78.85631773016154,7.510081101597097,-24.93598402006458,78.85631773016154,12.582775729061353,-23.197288159133343,85.09837321481079,12.582775729061353,-23.197288159133343,85.09837321481079,38.37980738936367,-24.09175681536376,137.80520285048215,57.46078941748512,-31.959271884177518,142.2485484733766,64.66598689132938,-32.49979010005725,113.45549912008283,65.97452497318217,-26.32109427769622,90.78563038947306,66.6683463400575,-23.25264726013729,80.115498916892,66.6683463400575,-23.25264726013729,80.115498916892,61.871758138809824,-25.062307229000453,86.5526118705778,61.871758138809824,-25.062307229000453,86.5526118705778,38.54629935194181,-28.031986125126707,141.506108213347,39.05722664775021,-27.10589458911062,148.87806991073919,39.404925642261645,-24.553312329841088,155.86576915450877,39.817130816537706,-20.829547188953804,164.84347490576909
1.73333264,37.6523,-25.9052,90.9611,27.36177383049187,-25.766224096203658,90.41581873053225,23.986975987452038,-22.953193937649754,45.93074591845651,22.52625090679753,-35.210670446725835,7.784640854397942,23.596395502508592,-34.88822757400088,4.343665559267319,14.828330964018056,-23.88800330070761,2.6475903291804146,13.135439946324665,-21.62020466175277,2.004768720748012,47.94282616950812,-26.044175903796344,91.50638126946775,54.192136824219325,-30.036493153019936,47.424280348884736,58.442378132508665,-38.24454842968153,8.410589712307186,58.323737459937554,-38.70894837081318,4.824540782204753,68.38444999732923,-28.862277481984883,3.2165306307842494,71.01933123043776,-26.318336205553877,2.4343303437201977,37.16889791647437,-29.9901847831339,99.0427040921161,37.38044939359511,-30.61672216288715,108.94462693188312,37.68476665030171,-30.070043777161562,118.84886404486922,37.984351916717294,-29.40259015031758,128.7458400155665,38.08771341574724,-24.004215542055928,137.78419770573313,18.636395282355966,-31.202663157786148,141.72799836463966,13.336435884319258,-29.211628106026165,112.58708328906549,9.381063095426281,-26.078717773593116,89.60118758779208,6.602612927664931,-24.593515349848033,78.93240840474435,6.602612927664931,-24.593515349848033,78.93240840474435,11.792877845063696,-22.893145208514213,85.08776722640893,11.792877845063696,-22.893145208514213,85.08776722640893,38.08771341574724,-24.004215542055928,137.78419770573313,57.19259413269327,-31.813831750193046,142.22699145661394,64.64751031384375,-32.100792450255064,113.49393384123579,66.16809363971747,-25.91845404264209,90.83829391642173,67.04773193467626,-22.837232704891246,80.18555847576167,67.04773193467626,-22.837232704891246,80.18555847576167,62.14023957751411,-24.740538949357017,86.51110152422294,62.14023957751411,-24.740538949357017,86.51110152422294,38.256124419366564,-27.946319814825593,141.4830189677666,38.76103314044756,-27.01706184048622,148.85499687759537,39.112980709529396,-24.45853640307116,155.8403094688269,39.54092190795813,-20.716489468805946,164.8096735242571
1.74166597,37.3895,-25.811,90.9364,27.09791412013977,-25.684217917537715,90.40842159984706,23.867047961421548,-22.916216603623806,45.909839882666226,22.508581285236623,-35.22271939146512,7.775743104159083,23.585470168653544,-34.89802012027824,4.337084854250587,14.82957115873288,-23.889111938624033,2.6345179169534236,13.138158950590597,-21.619376529300308,1.9946458995082934,47.68108587986023,-25.937782082462284,91.46437840015295,54.11728630069449,-29.749609901514663,47.39319285822827,58.40996490586454,-38.17823816007954,8.431212470141773,58.30395005257491,-38.66215236798047,4.847348949599509,68.37778373924709,-28.831757508165026,3.2219958330789744,71.01782353706204,-26.29314668959518,2.439871420089991,36.92444565562041,-29.89052804365729,99.02183618812785,37.12908715558965,-30.51340019952504,108.92413547538104,37.423685692113764,-29.965235260813905,118.82858427087923,37.71041253734533,-29.300238176042363,128.72610646756405,37.79469035462554,-23.90698036013016,137.76771634228308,18.32743657125522,-31.087116280679588,141.66600662602158,12.787195372422715,-28.98304648613977,112.5777729326798,8.65601431082232,-25.757031290498087,89.63572264867591,5.697416042366905,-24.23374992318222,79.02088534456499,5.697416042366905,-24.23374992318222,79.02088534456499,11.003493425589868,-22.5727420212623,85.08760985675221,11.003493425589868,-22.5727420212623,85.08760985675221,37.79469035462554,-23.90698036013016,137.76771634228308,56.92310916008365,-31.65904210651636,142.2100267235163,64.62376045798096,-31.68913986882488,113.54042984192593,66.35968977390907,-25.49785740548511,90.90271632864807,67.42583417316473,-22.39775498177318,80.2725158642497,67.42583417316473,-22.39775498177318,80.2725158642497,62.411050647443304,-24.397895220146868,86.48298573139787,62.411050647443304,-24.397895220146868,86.48298573139787,37.96493713419767,-27.850972339362688,141.46444062112707,38.463852674826015,-26.91859380652404,148.83643255393065,38.82011921466262,-24.35418428318236,155.8193681437587,39.26392814762153,-20.593979279215212,164.78036320265514
1.7499993,37.1123,-25.731,90.9175,26.81969619326121,-25.61649268580848,90.40684379226059,23.73277877733791,-22.893852315011898,45.89524673566669,22.47666101218376,-35.24952093927442,7.773541622995253,23.560296481351504,-34.92255342325364,4.3372185507232635,14.81639854445566,-23.90511485889346,2.62816695709077,13.126420277739575,-21.633482944422354,1.9912429521391233,47.40490380673879,-25.845507314191522,91.42815620773942,54.027976966762246,-29.477145754254966,47.36944303534149,58.36120345368228,-38.12592672557389,8.460234413047381,58.26765481641781,-38.629349664198855,4.878711854004625,68.35474468336983,-28.815482489349215,3.235790647603473,70.99992837048325,-26.282223979613402,2.453692057986962,36.66563664580977,-29.805031004843727,99.00674385675791,36.86338462575124,-30.42424608323816,108.90941256087591,37.14827387819204,-29.874606468162522,118.81406366264538,37.422160054397814,-29.21208585700113,128.71211558424437,37.487322539942674,-23.823979580675314,137.75695424236847,18.00434847828286,-30.985994536430166,141.60977818413312,12.224924507690908,-28.766290936992384,112.57672984024077,7.918860891427248,-25.44524498878872,89.68044253896394,4.781213140866787,-23.882062753836703,79.12297652080422,4.781213140866787,-23.882062753836703,79.12297652080422,10.201249385230103,-22.261206996300242,85.09914456369032,10.201249385230103,-22.261206996300242,85.09914456369032,37.487322539942674,-23.823979580675314,137.75695424236847,56.639183094473395,-31.518184999933247,142.19884900767664,64.58156749369107,-31.288066389726637,113.5961865945323,66.53583043355071,-25.082545966899165,90.98017733375063,67.78880324941994,-21.95750607423044,80.37769434047091,67.78880324941994,-21.95750607423044,80.37769434047091,62.67057258762753,-24.057654790667954,86.4696267937486,62.67057258762753,-24.057654790667954,86.4696267937486,37.65946383711462,-27.769854757685415,141.45158055002983,38.15238761794764,-26.834359975395657,148.82358076442875,38.512962052404625,-24.26409051217201,155.80414037424057,38.9726494832581,-20.4858057481621,164.7567261568157
1.75833263,36.8265,-25.6431,90.904,26.532921083668814,-25.540963309457783,90.41066846876862,23.590024488324648,-22.86381025109352,45.88655911910051,22.436432145196026,-35.268739113726824,7.777613393603431,23.52682147794969,-34.93948543788835,4.343645868485601,14.79474284938272,-23.91368317726455,2.628114366546021,13.106150501011639,-21.64019727195329,1.994136445578985,47.120078916331195,-25.745236690542217,91.39733153123137,53.930066998578454,-29.19675934431539,47.352636550562686,58.302007684585064,-38.06503492826334,8.497204465779575,58.22076992356948,-38.587938552717006,4.9181735816828205,68.32126853993566,-28.79085867903671,3.257536761208976,70.97158712184684,-26.26297414380423,2.475433947949247,36.39826391913841,-29.711632640596555,98.99700679388994,36.58911573984248,-30.327244393501804,108.90003546155616,36.86428420415601,-29.776187532843736,118.80488264326316,37.12532654992948,-29.116209126992455,128.70345145081927,37.17131507316435,-23.733328390338105,137.7515187459208,17.672826601944678,-30.877426761586925,141.5588530679411,11.655430489373458,-28.539423031266782,112.58349449860805,7.175494265442779,-25.12136306702189,89.73489410929885,3.8599977448475613,-23.516465604689163,79.23821616872246,3.8599977448475613,-23.516465604689163,79.23821616872246,9.3920820145233,-21.936522300439723,85.12195422733177,9.3920820145233,-21.936522300439723,85.12195422733177,37.17131507316435,-23.733328390338105,137.7515187459208,56.34653726842676,-31.369363721819518,142.19300577378476,64.52641826253364,-30.875598722044444,113.66070014162025,66.70162510590973,-24.650267823965397,91.07032093634899,68.14135197722636,-21.49416570914832,80.5008050151859,68.14135197722636,-21.49416570914832,80.5008050151859,62.92376079359242,-23.69742725656521,86.47080765738829,62.92376079359242,-23.69742725656521,86.47080765738829,37.34540857569311,-27.68109769694053,141.44402955108106,37.832326680237315,-26.74252317899659,148.81603742792393,38.19718014239405,-24.166436043279923,155.79422978145269,38.67273316485544,-20.370174411883568,164.7383780044651
1.76666596,36.5503,-25.5611,90.8937,26.255451560345225,-25.471116119284652,90.42511349171252,23.477582259093946,-22.893533148609873,45.884529633567446,22.404474213337647,-35.27473338563725,7.765517323399088,23.502515524889702,-34.94390845011945,4.334140051258251,14.7791905038029,-23.913120318482058,2.606171657042503,13.091409841791926,-21.638537506184264,1.9739693541035963,46.84514843965478,-25.651083880715348,91.36228650828747,53.83976963541621,-28.829449997679458,47.32596779969944,58.24299205100224,-37.96850382986525,8.536870013062398,58.17792723500537,-38.523549409740674,4.962351749354679,68.29360819631508,-28.749236172632337,3.2604820622501975,70.95003879342157,-26.229002839899273,2.4744324130946014,36.14621261898885,-29.62233415709808,98.99161290791815,36.33447756637184,-30.2280839392223,108.89529921915819,36.603501535043414,-29.669613140705707,118.79989994366417,36.851186657647304,-29.007293732138127,128.69865562917715,36.88184717021246,-23.62781415339449,137.7488103870169,17.347252415652804,-30.69269728525132,141.51869406537293,11.107069463380828,-28.243417074229267,112.59970610227037,6.4795686538450585,-24.73245975848077,89.7946426902836,2.9207239512532235,-23.1187092116551,79.37932251343267,2.9207239512532235,-23.1187092116551,79.37932251343267,8.6135973547769,-21.58221167779162,85.11943736364675,8.6135973547769,-21.58221167779162,85.11943736364675,36.88184717021246,-23.62781415339449,137.7488103870169,56.06567423385803,-31.229622452531896,142.21180026100333,64.40770530037162,-30.48373229736351,113.73196726988934,66.81526140619167,-24.19074574385632,91.18394083574867,68.4941999968554,-20.898088078020056,80.69165645458297,68.4941999968554,-20.898088078020056,80.69165645458297,63.145183472457354,-23.20142518173184,86.50553735826041,63.145183472457354,-23.20142518173184,86.50553735826041,37.051208385829575,-27.57693243027449,141.4400986046798,37.52958417224519,-26.63849162765594,148.81268274929639,37.89337637705241,-24.060676730038963,155.7902924465957,38.37406255027277,-20.249595713233184,164.7278616224185
1.77499929,36.2732,-25.4829,90.8895,25.977156123843855,-25.404958640578446,90.44567519812541,23.364305779727847,-22.927761328180573,45.88941179100495,22.372546020254102,-35.28572702385513,7.760657862584743,23.47828573471956,-34.95336528591049,4.331902227867642,14.763651471125936,-23.917703736346112,2.591245795579408,13.076659342291629,-21.64205841543463,1.960764855689257,46.56924387615615,-25.560841359421556,91.33332480187458,53.74675281404412,-28.46476558353455,47.30748361971035,58.1826632965612,-37.873952405089035,8.586756854343712,58.13392320270477,-38.46104499044777,5.0171018929969335,68.26520749918159,-28.710001219254234,3.275038496839887,70.92780872935069,-26.19743487667488,2.485330523700826,35.89323163730468,-29.536791086217473,98.99225842284201,36.07889695859987,-30.132698642800786,108.89659088964034,36.34177557003687,-29.566842254071027,118.80093743160779,36.5761093075139,-28.902219997948638,128.69986383786755,36.59146568535281,-23.52617652782293,137.75209906100324,17.021144541596932,-30.51164841368673,141.48448458531183,10.560322843079968,-27.945203261818595,112.6241681646205,5.787176771831474,-24.337204202446525,89.86431487840409,1.9866820031033372,-22.708253898017766,79.53710706363462,1.9866820031033372,-22.708253898017766,79.53710706363462,7.836444633414874,-21.21903706284207,85.13005451025022,7.836444633414874,-21.21903706284207,85.13005451025022,36.59146568535281,-23.52617652782293,137.75209906100324,55.78376715948353,-31.09386437702408,142.23658939805753,64.28715927137621,-30.09596604441087,113.81224695800856,66.92775271205488,-23.734622684289977,91.30953425096608,68.8428544376973,-20.304179112233683,80.9021857360828,68.8428544376973,-20.304179112233683,80.9021857360828,63.36699247362162,-22.706900648790736,86.55554011396485,63.36699247362162,-22.706900648790736,86.55554011396485,36.75608339062853,-27.476657488189506,141.44214354378266,37.22592764693759,-26.538382203621882,148.81529737153392,37.58868450596288,-23.958895575886658,155.7923431432818,38.07459660133976,-20.133103580112376,164.7233422770314
1.78333262,35.9901,-25.4043,90.889,25.69293347822105,-25.338452096835503,90.46995288283577,23.24504638945323,-22.962431543278534,45.89881337104273,22.3356760576505,-35.29749013253136,7.7605890430888,23.44916316968625,-34.96358343731484,4.33449175698908,14.742987182964729,-23.923285812668368,2.580955601827441,13.056725876956992,-21.64663435375128,1.9521541805728542,46.287266521778946,-25.470147903164495,91.30804711716422,53.645932489820645,-28.098261657549795,47.294785984696475,58.11600232453383,-37.77688983494342,8.644463709629356,58.083738216908095,-38.39593569347689,5.080023908483646,68.23091595298334,-28.66852350264609,3.298789206886138,70.89971109053384,-26.16360350249233,2.505705399072334,35.63428412271619,-29.450819875665932,98.99653815358357,35.81734593802289,-30.03691109345567,108.90150481160956,36.07406910329743,-29.463700637944086,118.80558992990815,36.295046775631455,-28.79681696640509,128.7046714063566,36.29503875636894,-23.424253860017643,137.75898570473504,16.68948120425037,-30.33043095153286,141.4538226282267,10.010331114260651,-27.64104694208987,112.6544669172886,5.093553099162286,-23.931956734115666,89.94148723563178,1.0534252480226618,-22.281577374110704,79.70908401129687,1.0534252480226618,-22.281577374110704,79.70908401129687,7.055969981555736,-20.843258079016636,85.15144058552632,7.055969981555736,-20.843258079016636,85.15144058552632,36.29503875636894,-23.424253860017643,137.75898570473504,55.495821217113644,-30.95756232637359,142.26500448919307,64.15982212582806,-29.70766546394726,113.89918760113056,67.03401859663262,-23.277194600168208,91.44479958102849,69.18197738469644,-19.70782730654507,81.13003584166651,69.18197738469644,-19.70782730654507,81.13003584166651,63.583990020433355,-22.20923284882179,86.61857467603602,63.583990020433355,-22.20923284882179,86.61857467603602,36.45496394423364,-27.376112491948234,141.44776116273218,36.916271719813786,-26.438036215116803,148.82147932506626,37.277977282569154,-23.856936757551416,155.79798319007827,37.76914583591275,-20.01654558558333,164.7224265668316
1.79166595,35.7009,-25.3262,90.8903,25.402684974714134,-25.272316062641124,90.49604294645354,23.119736838645338,-22.998163647215417,45.91083821607876,22.29358480350449,-35.3107181691133,7.763449659978036,23.414876703525117,-34.975298023622265,4.340046726558294,14.717113350208558,-23.93046666319696,2.5733622981814444,13.031563872554543,-21.652841061078224,1.9461822125174182,45.99911502528586,-25.380083937358876,91.28455705354645,53.537154024319136,-27.731178349310927,47.28598406117382,58.04269425449289,-37.67849413126461,8.708065562913951,58.02704512155619,-38.329386022620426,5.149191486186092,68.19056084035975,-28.626114335271346,3.329843307545564,70.86561188546942,-26.128857965004514,2.533673635415692,35.36919644292019,-29.365323919747098,99.00254714032107,35.549637303444534,-29.941643230466788,108.90813526967234,35.80020162414555,-29.361130085472595,118.81195276849978,36.007826978862965,-28.692045934796663,128.711174816307,35.99248465905402,-23.32301869266604,137.76757326339853,16.352040085969996,-30.149647594769654,141.4247666742777,9.45704355363645,-27.331495345847987,112.68866112114114,4.398795406609656,-23.517222348707126,90.02421871841739,0.12139426764343408,-21.839206265993823,79.89324826374771,0.12139426764343408,-21.839206265993823,79.89324826374771,6.2724662501379775,-20.45534177122369,85.18170581581799,6.2724662501379775,-20.45534177122369,85.18170581581799,35.99248465905402,-23.32301869266604,137.76757326339853,55.201608092737345,-30.822063314974855,142.29514385944,64.02546696578715,-29.32031148976577,113.99088662339895,67.13391293195771,-22.82004543490059,91.58785988299252,69.51127234103232,-19.11082173676401,81.37324865063862,69.51127234103232,-19.11082173676401,81.37324865063862,63.79594031579029,-21.709990370830823,86.69282128447774,63.79594031579029,-21.709990370830823,86.69282128447774,36.1476982104559,-27.276277292099074,141.4550496757258,36.600479471427974,-26.338449296174606,148.82932789683144,36.961160216950084,-23.75578503806387,155.80530569440126,37.45767911146062,-19.900891447794372,164.72319809571968
1.79999928,35.4198,-25.2552,90.892,25.120838942650757,-25.204878087840076,90.51724187218917,23.00555997189512,-23.045764157028,45.918049904624866,22.256727716733792,-35.322649384341815,7.757571408424198,23.38647769634296,-34.98626424409369,4.337045152920036,14.705321960524028,-23.930510618221295,2.55704294661035,13.018606220812902,-21.650845530156257,1.9404982324426165,45.71876105734925,-25.30552191215992,91.26675812781082,53.44899777416949,-27.21845432019962,47.280303029062566,57.943380148626346,-37.506765014855034,8.790616490816888,57.94499136900396,-38.20614503121986,5.24091863884717,68.12634993509212,-28.5371769666768,3.340509389345995,70.80837744879462,-26.05019922713914,2.535684092534943,35.10475408610254,-29.286901445736707,99.00860227429439,35.28647842430586,-29.846036432343013,108.91515179327713,35.53570525941723,-29.249432954167837,118.81804678993794,35.73487624106938,-28.566473332331807,128.71649495696943,35.71412496232297,-23.190229478169382,137.7686004110067,16.036406299882742,-29.91707741442003,141.410288745339,8.93799103596544,-26.956914988426785,112.73806070507808,3.746771844909013,-23.073976443772416,90.11538328155358,-0.7565471964619146,-21.373652793859012,80.08655095031804,-0.7565471964619146,-21.373652793859012,80.08655095031804,5.553023354119404,-20.076257543050083,85.20755044106,5.553023354119404,-20.076257543050083,85.20755044106,35.71412496232297,-23.190229478169382,137.7686004110067,54.91864133494394,-30.67937857492643,142.3319528563342,63.86460987461889,-28.973268612246216,114.07765128431885,67.1325376832038,-22.288515472194526,91.75174199635374,69.72646545666329,-18.34852047047052,81.67719789136669,69.72646545666329,-18.34852047047052,81.67719789136669,63.89398122312531,-21.030312828350553,86.82585481997546,63.89398122312531,-21.030312828350553,86.82585481997546,35.85851636833899,-27.140768223345802,141.45942983496124,36.2995213459567,-26.203259508381212,148.83446227703104,36.654284338110024,-23.623713699749757,155.81189720278064,37.145717808129184,-19.76662162467236,164.72912066949493
1.80833261,35.1437,-25.1882,90.8995,24.84403099602001,-25.141445376641606,90.54424343968284,22.89621733231331,-23.09828399845294,45.93196244258345,22.225879014531287,-35.33994212323675,7.758709599976129,23.364138138501048,-35.00261707198564,4.3410981796859245,14.699413186505033,-23.936171289689195,2.5475318291566342,13.01147594834155,-21.654574921666374,1.9415646861974551,45.443369003979996,-25.23495462335839,91.25475656031716,53.36330939747908,-26.708494002075977,47.28513832098296,57.848555223405334,-37.33714929120913,8.886973829489449,57.8676189396151,-38.084873178250234,5.347194824089194,68.06724107966849,-28.451196352061963,3.3671594686735666,70.75622858906348,-25.97444906188943,2.554052677076837,34.84532520662954,-29.21248074876709,99.02041373505985,35.02832775942818,-29.754442064148616,108.92789409278447,35.27620566329412,-29.141762096041337,118.82984131754057,35.466908142772496,-28.444934083807926,128.72748964055586,35.440685191667484,-23.06148223000901,137.7752960178312,15.726229767079353,-29.688564109649544,141.40117824323067,8.429111468749642,-26.579272711412706,112.7946913358694,3.1066860807372585,-22.622455071983268,90.21534492377542,-1.6204509041360602,-20.88981176401872,80.29563807707514,-1.6204509041360602,-20.88981176401872,80.29563807707514,4.842142252859613,-19.68540800542783,85.24567363525134,4.842142252859613,-19.68540800542783,85.24567363525134,35.440685191667484,-23.06148223000901,137.7752960178312,54.64059795138803,-30.540503357806877,142.3744896242228,63.710642183291775,-28.631118433213338,114.17280051734403,67.1394195431529,-21.763860174081145,91.92654797767155,69.95038012509104,-17.599337790591974,82.00164421213952,69.95038012509104,-17.599337790591974,82.00164421213952,64.00260448270112,-20.357942806860304,86.97483373454628,64.00260448270112,-20.357942806860304,86.97483373454628,35.574273596155244,-27.009287264188973,141.46945581977397,36.00344949513372,-26.07208113213125,148.8452245401359,36.352209791394785,-23.495642045414495,155.8241097942929,36.83848342361021,-19.636343772349257,164.74066155383133
1.81666594,34.8623,-25.1285,90.9091,24.561961058354118,-25.08531146598171,90.57335121334128,22.781389871268313,-23.159083226548844,45.94888131993715,22.19069758650012,-35.36602449073641,7.763197519756353,23.337523569746683,-35.02777618504857,4.3485426189721075,14.689053057706031,-23.95086629899201,2.5411726572471207,12.999838823644446,-21.667445799819795,1.9457262866109102,45.16263894164588,-25.171688534018287,91.24484878665871,53.26972784624252,-26.204729619570113,47.296788102954714,57.7477720360691,-37.17309217284158,8.993434165943498,57.784469494866286,-37.969010531461656,5.464318539256077,68.00276486319862,-28.37158227554209,3.406073743806652,70.69869004475541,-25.905010141739552,2.5850481998697803,34.580609831222425,-29.14534549146436,99.0342895916967,34.76488840017004,-29.67012438588569,108.94267127395928,35.01140949829309,-29.04136072487049,118.84364408713107,35.19363265494877,-28.33065030672526,128.74046501423277,35.16188144291259,-22.939981129242852,137.7839554590486,15.411222306068229,-29.46729529974604,141.39375077453872,7.920318990539322,-26.202010471040253,112.85481238950376,2.4686100636026405,-22.166231865082796,90.32033074337632,-2.4797100813132484,-20.391375358194047,80.51663384097066,-2.4797100813132484,-20.391375358194047,80.51663384097066,4.130117826735631,-19.286231564771235,85.29234142996742,4.130117826735631,-19.286231564771235,85.29234142996742,35.16188144291259,-22.939981129242852,137.7839554590486,54.35718510126545,-30.40867986234541,142.4190223989943,63.55319035872148,-28.29714377136491,114.2725905775124,67.14415034985197,-21.24941316352809,92.10852051216881,70.17233060179358,-16.86688398847842,82.34266042600879,70.17233060179358,-16.86688398847842,82.34266042600879,64.11130262564484,-19.696380027554337,87.13603531130204,64.11130262564484,-19.696380027554337,87.13603531130204,35.28468450224003,-26.885031589421704,141.4814307283726,35.70198404221605,-25.94809708513569,148.85791541493666,36.0446641898018,-23.374763631220254,155.83824755272997,36.525713817408175,-19.513266703862232,164.75413075195283
1.82499927,34.5899,-25.0672,90.9168,24.288929264385345,-25.027570421867726,90.60056241439771,22.675378681366848,-23.21917800356436,45.96481134389971,22.165470598013,-35.39185753914248,7.7670280788901,23.32091689728406,-35.05270578723731,4.355370156078895,14.688544328370458,-23.96554261346374,2.533964767488211,12.998000699990795,-21.680401803689552,1.9489827122510426,44.890870735614655,-25.106829578132274,91.23303758560228,53.18253178296464,-25.698398512627108,47.311260463978435,57.65529657277081,-37.00564895493011,9.105956614118682,57.70980375332445,-37.84958895428535,5.588246550973005,67.94718720501741,-28.2893394489894,3.4532593239639864,70.65002671433987,-25.832879747732616,2.6246834719462355,34.32490356626593,-29.076607277854755,99.04622391100953,34.51045290217845,-29.584211281154015,108.95547659020674,34.755607333100045,-28.939376502191433,118.855449643364,34.92933895806227,-28.21478951199922,128.75141700671622,34.89200429642559,-22.816908477691143,137.79058335149037,15.105663894707558,-29.24445368610378,141.38396406345964,7.4262187273078775,-25.816337668082827,112.9143159425592,1.8473997969387073,-21.69646609653762,90.42620931225062,-3.3189156006916622,-19.869572896884208,80.74529472321868,-3.3189156006916622,-19.869572896884208,80.74529472321868,3.432040401093376,-18.869705555774708,85.34349101262491,3.432040401093376,-18.869705555774708,85.34349101262491,34.89200429642559,-22.816908477691143,137.79058335149037,54.082688791934615,-30.275107180167886,142.46154573072272,63.40647693484853,-27.962596227666513,114.37300733157103,67.16088510133795,-20.736469594942662,92.29362746149232,70.40617628298077,-16.142709758433632,82.69602794173261,70.40617628298077,-16.142709758433632,82.69602794173261,64.23411968475534,-19.037086302134153,87.30545876617744,64.23411968475534,-19.037086302134153,87.30545876617744,35.004037287719704,-26.75918980875219,141.49135267794523,35.4094102652844,-25.822508422452884,148.86853454042637,35.74593016853044,-23.252278870792388,155.8503098095818,36.2216883464697,-19.388591609279242,164.76552800027937
1.8333325999999999,34.3375,-25.0045,90.9303,24.036581730234367,-24.954455514143714,90.61383016092516,22.551298443129916,-23.248349486951383,45.96960054464634,22.124485466573958,-35.39727648410387,7.76323742028049,23.287656716582692,-35.057638902823314,4.3542538767392465,14.664956632080205,-23.96552668511346,2.517231611644835,12.974190979397083,-21.679590406251474,1.9360112389894746,44.63841826976563,-25.054544485856287,91.24676983907484,53.07000618432677,-25.019705349971577,47.34766718624562,57.458765867085816,-36.69325491533296,9.242919336639801,57.529016182913935,-37.61220147748096,5.744335058300575,67.8345763656404,-28.158379017216948,3.4681032577120097,70.55686483166002,-25.733009529294257,2.6120647221131783,34.068240364530105,-29.011079835064127,99.06097772258033,34.250907362313626,-29.494555681812134,108.97149046985693,34.492971918837135,-28.824469929866044,118.86986250145455,34.65992798801969,-28.07664824549777,128.76421783365035,34.62746749245118,-22.6625074481138,137.7936733813747,14.813832476918908,-29.000292505451192,141.3960804763966,6.971648673546684,-25.375118904498414,112.99528838890225,1.2665450695583642,-21.196434085797346,90.54975680032729,-4.050663552941848,-19.33003769566464,80.9584942238688,-4.050663552941848,-19.33003769566464,80.9584942238688,2.8165559930480453,-18.458271676598695,85.40819876113196,2.8165559930480453,-18.458271676598695,85.40819876113196,34.62746749245118,-22.6625074481138,137.7936733813747,53.80096264063367,-30.140428653714103,142.5035318808899,63.23503614641408,-27.643202316219178,114.46768269905034,67.04671119242688,-20.11221971861121,92.50027646394535,70.41102140938095,-15.250357065569048,83.07731678357337,70.41102140938095,-15.250357065569048,83.07731678357337,64.17672294995266,-18.23574654804793,87.54268609757624,64.17672294995266,-18.23574654804793,87.54268609757624,34.72542840572859,-26.598433241143965,141.50159987784542,35.12010094566348,-25.6521182490861,148.87813246602857,35.44926694146867,-23.084358473924716,155.86116697738314,35.913739792866295,-19.231589055602875,164.7817035792899
1.84166593,34.0859,-24.9493,90.9444,23.785044756551414,-24.888865103344337,90.62769242701829,22.4278361686415,-23.285301049522154,45.975585316332094,22.084403783271462,-35.410559453885455,7.76086377457419,23.255294259225067,-35.0704305831598,4.354572875631467,14.642174730563543,-23.973473100461455,2.501934861292253,12.951148493384272,-21.68677823976368,1.9244687028641598,44.38675524344859,-25.009734896655665,91.26110757298171,52.95507904851298,-24.347925683693838,47.393466446666224,57.263970217652194,-36.38785708942018,9.393752127635892,57.35013014391163,-37.381585783877284,5.916027355242374,67.72335915765068,-28.036393733748735,3.5027171027599917,70.46488969622942,-25.642340713854118,2.6203373298880166,33.81238787416761,-28.95306160783786,99.07632394572934,33.99222499023505,-29.41241689605966,108.98803572378601,34.23125317200292,-28.717091890833455,118.88474061510352,34.391479006806115,-27.946032993472084,128.77742351202596,34.363892018856305,-22.51567241401634,137.79714993144628,14.523338972005092,-28.763650508716488,141.40827349111996,6.5256184160460435,-24.935948047878806,113.07751491638201,0.694797491823314,-20.693163194124345,90.67635855617601,-4.772618799494371,-18.77889807986373,81.17944279364433,-4.772618799494371,-18.77889807986373,81.17944279364433,2.2055018525559924,-18.041094100949802,85.47828312655867,2.2055018525559924,-18.041094100949802,85.47828312655867,34.363892018856305,-22.51567241401634,137.79714993144628,53.520157797766245,-30.01310714290242,142.54593322128562,63.06722747040212,-27.33239469845196,114.5653334583069,66.94071320405268,-19.49769197137613,92.71527525038542,70.42731921557258,-14.37480791119727,83.47687180296752,70.42731921557258,-14.37480791119727,83.47687180296752,64.1300091849552,-17.445594925115326,87.79343342620446,64.1300091849552,-17.445594925115326,87.79343342620446,34.44780000915392,-26.445196699804598,141.51220382453647,34.83176327839224,-25.489209140050164,148.88805438538506,35.15347480522189,-22.923894473547254,155.87233486785638,35.60646793130327,-19.081999711989322,164.79815036870764
1.84999926,33.8523,-24.893,90.9668,23.551518092202762,-24.822203822095528,90.64985394908396,22.322167219644506,-23.321582299079804,45.990465980519026,22.062388273836895,-35.42344833767909,7.767669994705642,23.241001578343532,-35.08283732482387,4.364091780537253,14.637395854747602,-23.981129151832725,2.495775641697538,12.946075766790953,-21.693711638745363,1.9220442012173,44.15308190779724,-24.963796177904474,91.28374605091605,52.85486396281971,-23.67498115729832,47.45633399910139,57.08807353579408,-36.08126042542454,9.566111630757604,57.19030992396915,-37.14949053880557,6.110981822863425,67.63071787815439,-27.915004698243592,3.564864384361004,70.39128678746175,-25.552458496354824,2.6572805807888353,33.57455134090339,-28.89392459794827,99.09997656259857,33.75161750156021,-29.32913283608686,109.01282783781735,33.98766877890062,-28.60854628208065,118.90779695616489,34.14121605473951,-27.814213836157773,128.7987442434492,34.11850657321085,-22.36763918506785,137.80870265598105,14.251409353615664,-28.525757573277005,141.42823506002904,6.105599326574456,-24.49044650391498,113.16856830302642,0.14989387847651514,-20.17836339496986,90.81354618008844,-5.466554721602943,-18.207894605162327,81.41560924148729,-5.466554721602943,-18.207894605162327,81.41560924148729,1.6167854148986194,-17.609682484480004,85.56132818071349,1.6167854148986194,-17.609682484480004,85.56132818071349,34.11850657321085,-22.36763918506785,137.80870265598105,53.257529301759135,-29.88432220777336,142.59642384379922,62.92030842194659,-27.02156680994313,114.67363650358794,66.86008414934739,-18.884574252633822,92.94625696577722,70.47201006895453,-13.508166774869167,83.90210445627307,70.47201006895453,-13.508166774869167,83.90210445627307,64.1110963710985,-16.65857758637921,88.06530507609817,64.1110963710985,-16.65857758637921,88.06530507609817,34.18838424458181,-26.290702098143583,141.5308689046988,34.5616356116957,-25.324976339399264,148.90600067832463,34.87579730848162,-22.76203201625521,155.8914949577036,35.317123295370216,-18.930906008912466,164.82252207531772
1.85833259,33.6162,-24.8382,90.987,23.315503245131666,-24.75688904808045,90.66980967331445,22.213822900085813,-23.359434850985227,46.003742861534825,22.037763390236705,-35.43811648724679,7.773136893687159,23.224098878928206,-35.09704961453717,4.372288273090944,14.630124635083192,-23.99053668365442,2.488266454676192,12.93851520042876,-21.70240293945812,1.91825612656069,43.91689675486833,-24.919510951919552,91.30419032668554,52.74886475235171,-23.003740480863627,47.52576793569868,56.91042442911148,-35.77597790767878,9.749371179789982,57.02888582769388,-36.918346843810546,6.318562243925575,67.53617828816338,-27.796691835002775,3.644094810874134,70.31563067298045,-25.465851594717364,2.712482319330059,33.33415611694331,-28.836291948581223,99.12142161270364,33.508494340800596,-29.247362479722923,109.03535152180271,33.741632731681285,-28.501528941237453,118.92851875297634,33.888558653032405,-27.683921942976394,128.8176699102006,33.870818996134965,-22.22116970978602,137.81784019133121,13.977436172630174,-28.289003467650545,141.44547057002254,5.691266412848769,-24.040910308126563,113.2578878985679,-0.38817274109767386,-19.65405846481099,90.95077126018853,-6.15194885089723,-17.618902868241182,81.65639191110242,-6.15194885089723,-17.618902868241182,81.65639191110242,1.030627978842511,-17.16583396675424,85.64686424018267,1.030627978842511,-17.16583396675424,85.64686424018267,33.870818996134965,-22.22116970978602,137.81784019133121,52.99240636257147,-29.757257649999396,142.64456413051667,62.773672173989006,-26.71407605803839,114.78217718027955,66.78434361462112,-18.27635021168665,93.18285313120093,70.52450958440505,-12.654303816566358,84.3424790621669,70.52450958440505,-12.654303816566358,84.3424790621669,64.09948769540114,-15.8782780826391,88.34792964996416,64.09948769540114,-15.8782780826391,88.34792964996416,33.92661658416835,-26.1377254176828,141.5470901304089,34.28916424991679,-25.16222655451004,148.9214696067112,34.595720793578515,-22.60163021533808,155.90816274265595,35.02525286350392,-18.781232930642407,164.84435920840107
1.86666592,33.3885,-24.7768,91.0054,23.088226071472896,-24.6810796810778,90.67864408520997,22.103928397781093,-23.354718167784473,46.00766888345711,22.00432516425737,-35.4313059444911,7.776125799802067,23.193970024717444,-35.09158100828795,4.376299051671703,14.605995134919205,-23.982288776683482,2.481338786914807,12.91440715685356,-21.693814083992617,1.9126350166818078,43.688773928527105,-24.872520318922202,91.33215591479002,52.61304953631143,-22.17196320180878,47.61387142896517,56.574433281011316,-35.29295807859313,9.935605651986712,56.704299019214226,-36.53399342241876,6.539658654606361,67.31793695186404,-27.593936134665512,3.678430504614304,70.12640618813884,-25.309112818739045,2.7202256290804856,33.09331917667236,-28.776022080758622,99.13879990316548,33.261327524630154,-29.159371793732202,109.05394968685405,33.488515739804406,-28.381423921118706,118.94478188959525,33.62686659588612,-27.53214271268832,128.83138694441706,33.62108282379205,-22.04490045276637,137.8166627150825,13.6982260496723,-28.00411005140637,141.46256284500757,5.296642662641434,-23.558235400742195,113.33971951753891,-0.8871948926686404,-19.086740260079676,91.07815204045932,-6.723210731384111,-17.000320057113324,81.84039091030554,-6.723210731384111,-17.000320057113324,81.84039091030554,0.5220665456090532,-16.689750978583064,85.72987092448628,0.5220665456090532,-16.689750978583064,85.72987092448628,33.62108282379205,-22.04490045276637,137.8166627150825,52.71533763432302,-29.626060328102067,142.68086223968209,62.59132406259182,-26.380164147538526,114.87482383624076,66.57520476381681,-17.538537433907884,93.43267296802748,70.31186538450802,-11.636371098326467,84.77529110144859,70.31186538450802,-11.636371098326467,84.77529110144859,63.89016656206941,-14.998750161710953,88.67076822521253,63.89016656206941,-14.998750161710953,88.67076822521253,33.660420703766725,-25.95146739007545,141.5565844238249,34.01656684420811,-24.95926742849441,148.9290474224019,34.316812156627925,-22.39766961106517,155.91564751662597,34.73229868178012,-18.593829369170848,164.85956784542822
1.87499925,33.1689,-24.7443,91.0225,22.86907592708777,-24.634351110864724,90.68618152171544,22.00193407561357,-23.379376981872177,46.01071613863318,21.97903839960843,-35.45413018734288,7.778470710134009,23.171984739167947,-35.11572951062084,4.379668883530167,14.589803795692115,-24.003833142190608,2.4737595596883173,12.898190882418472,-21.71505335058128,1.906359258255001,43.46872407291223,-24.854248889135274,91.35881847828455,52.48478771574167,-21.36969497572519,47.71488897299152,56.245712063674155,-34.83801234630219,10.138770826693566,56.38604251500025,-36.17701427064832,6.780665549215209,67.10305669421271,-27.422229614693485,3.7376549165658943,69.93949173204685,-25.18326730850727,2.7539081568638935,32.860652243610275,-28.7446402937875,99.15486520386786,33.02242544010667,-29.10026222818969,109.07115188352105,33.24375786869242,-28.29020123504649,118.95953861664614,33.37362466166422,-27.40923631175019,128.84348592834326,33.37978360964467,-21.89760777651186,137.81382341936924,13.428037878907837,-27.748254705155347,141.4775321485642,4.916827995173881,-23.101538936021704,113.42019691308764,-1.3700216758332626,-18.541808685280294,91.20542967382467,-7.27875056498162,-16.40075537287466,82.02658037454731,-7.27875056498162,-16.40075537287466,82.02658037454731,0.025187245056223384,-16.23523511885565,85.81388103152888,0.025187245056223384,-16.23523511885565,85.81388103152888,33.37978360964467,-21.89760777651186,137.81382341936924,52.44664850107462,-29.523387750353347,142.71557125483713,62.42022998413488,-26.075767839101264,114.96870997309401,66.38123162025586,-16.832550990540366,93.69231670334251,70.11560195729389,-10.655810817720152,85.22763597373532,70.11560195729389,-10.655810817720152,85.22763597373532,63.69676694191462,-14.153330785070706,89.00711502210814,63.69676694191462,-14.153330785070706,89.00711502210814,33.40274143276528,-25.794108721220788,141.5643674356741,33.75250367757364,-24.78518784812278,148.93486650605146,34.046316922704634,-22.222555268055903,155.92136058670917,34.44745584864314,-18.435202976210043,164.87292976009698
1.88333258,32.9683,-24.6899,91.0394,22.66895629886212,-24.565544394005883,90.6935245613095,21.918774087278027,-23.382287516323668,46.01398526130283,21.97239952485188,-35.4554551758244,7.781269863779329,23.168648028501206,-35.11842158227414,4.383492985004716,14.592449459239239,-24.00380060264891,2.4665736909644744,12.900846541108999,-21.71469426076622,1.9004623875746676,43.26764370113788,-24.81425560599412,91.3852754386905,52.37500247355276,-20.547262784999383,47.82987519134922,55.93488347577587,-34.36137861214095,10.359857432421911,56.08473219398158,-35.797506063612616,7.04254328564871,66.9024657694659,-27.23179690501712,3.8229427048013944,69.76591119184887,-25.038575607033813,2.8147094625868627,32.64691790244002,-28.69132225339563,99.170724397163,32.802538832506166,-29.01919706219335,109.08806573828267,33.018138532787674,-28.1770158040913,118.97389532098032,33.13964345015801,-27.26434580198147,128.85507182293108,33.15792498456664,-21.72842257128257,137.81042003030458,13.177681880273823,-27.469905902275936,141.49148556806463,4.56284873808622,-22.61923757307863,113.50037290114143,-1.825367178430553,-17.967542678958726,91.33364255460677,-7.807060619215702,-15.768213092229722,82.2160357534626,-7.807060619215702,-15.768213092229722,82.2160357534626,-0.4486113520070212,-15.750436128328987,85.89998188705827,-0.4486113520070212,-15.750436128328987,85.89998188705827,33.15792498456664,-21.72842257128257,137.81042003030458,52.19707426316492,-29.398993772063463,142.74986544866903,62.27123397387038,-25.751067192418517,115.06502014599994,66.21353386509843,-16.10897187053537,93.96289296385685,69.94693221899611,-9.663701888087843,85.70040590393724,69.94693221899611,-9.663701888087843,85.70040590393724,63.5304444277125,-13.292644106098752,89.35800259526482,63.5304444277125,-13.292644106098752,89.35800259526482,33.164446835828194,-25.614776297086816,141.5715421069439,33.50788014848818,-24.589116905273894,148.94002823872438,33.79523227871599,-22.02540427246118,155.9263948045517,34.181857647943055,-18.25445739360667,164.8855253955816
1.89166591,32.7785,-24.628,91.0582,22.479665741090816,-24.489236370582233,90.7027673443966,21.846241260652842,-23.377888316002846,46.01957384640271,21.976428035757404,-35.449588857982334,7.7865792328708,23.175977994956234,-35.11391925699649,4.389831426812763,14.605739784491234,-23.99660517368398,2.4619036302220705,12.914138520140085,-21.70717947395221,1.897080283720467,43.07733425890919,-24.766763629417767,91.4136326556034,52.27540667534354,-19.71895641549771,47.960908823798256,55.63413462813844,-33.876870800415745,10.600807291569453,55.792623893126596,-35.40911962228021,7.327187804766125,66.7082815574622,-27.035831358760255,3.9364618631674255,69.59776209799143,-24.888114054586417,2.9048193830149405,32.44398032206168,-28.630501222326767,99.18846343391435,32.59353255146677,-28.930643155803644,109.10677619319195,32.803503189753506,-28.05636367197572,118.98993999612546,32.91674767119288,-27.111998434582055,128.86823585250806,32.94723030294138,-21.551899232600057,137.80856075819693,12.938987887579206,-27.184014992873184,141.50646507699497,4.226609402103877,-22.126470729438925,113.58223852030713,-2.26121829787511,-17.379095824353833,91.46477877724544,-8.315922507798458,-15.117860931296647,82.41072805286682,-8.315922507798458,-15.117860931296647,82.41072805286682,-0.9072696658308954,-15.250270438494997,85.99023661457936,-0.9072696658308954,-15.250270438494997,85.99023661457936,32.94723030294138,-21.551899232600057,137.80856075819693,51.95848293612116,-29.26711748662139,142.78577578773212,62.13599744783588,-25.420174571285127,115.16574772456786,66.0634295893468,-15.382090615671022,94.24629148130309,69.79689730629846,-8.674596451316228,86.19525417717325,69.79689730629846,-8.674596451316228,86.19525417717325,63.38239684193915,-12.4311769257411,89.72524535076958,63.38239684193915,-12.4311769257411,89.72524535076958,32.937325749685876,-25.428035183193707,141.58020484060188,33.27446053817307,-24.385634331805004,148.94663220411508,33.55527131216305,-21.82082253795442,155.93286132101613,33.92714259178177,-18.066226292466258,164.89948048718801
1.89999924,32.5911,-24.5679,91.0746,22.29272375060865,-24.42914453794516,90.7061324197135,21.764059896258292,-23.383013947587962,46.020002272127186,21.96208652961994,-35.454025816778554,7.787081410697581,23.162342437046334,-35.11873381243824,4.390545694395824,14.594633740817402,-23.99983226684824,2.460530897551143,12.903482059573102,-21.710113144257534,1.89555070713114,42.88947624939134,-24.706655462054844,91.44306758028651,52.14387754845588,-18.915236757052696,48.095176879247504,55.1082048359687,-33.35356926236183,10.80909237190562,55.252008744210755,-34.919893695218995,7.550958235531092,66.17651289815652,-26.60889789863249,4.037680725919423,69.06779326149324,-24.48341305993276,2.965819876442642,32.24629945159804,-28.571885348203246,99.20370307891932,32.38631864773699,-28.844646933192365,109.12294573059725,32.58532039672536,-27.9390078451238,119.00351227237317,32.68519137412594,-26.961243591062768,128.87870249290833,32.73114899518112,-21.372465093995093,137.8010611807095,12.689438315310696,-26.87255720527311,141.51640889415773,3.8856686936424314,-21.656034294739094,113.6501524033324,-2.6548530073195407,-16.769099940784137,91.57865606213748,-8.704947095194225,-14.451071022690805,82.53589297259396,-8.704947095194225,-14.451071022690805,82.53589297259396,-1.2855773827779837,-14.694077826809355,86.08729431817525,-1.2855773827779837,-14.694077826809355,86.08729431817525,32.73114899518112,-21.372465093995093,137.8010611807095,51.71318995648184,-29.13811549997764,142.8112291974096,61.96467204980644,-25.082124457716745,115.24852299509078,65.78872612261785,-14.578674577392857,94.53945123173696,69.45048636707891,-7.5778480641515396,86.70820606417607,69.45048636707891,-7.5778480641515396,86.70820606417607,63.07563350754205,-11.509389699841392,90.11742623011665,63.07563350754205,-11.509389699841392,90.11742623011665,32.70253467969396,-25.23632628038181,141.58518393840163,33.0353240837934,-24.172885357781446,148.948800992483,33.31316743326017,-21.60317401193698,155.93334809123573,33.67634727348183,-17.860129682045944,164.90515170224546
1.90833257,32.4092,-24.504,91.0866,22.11129954468384,-24.36515131555936,90.70510024216486,21.687301222170117,-23.384312047872093,46.016373677141004,21.95313768340033,-35.45473268225658,7.783677507829253,23.154108637895337,-35.11982685206316,4.387356454842388,14.58901221296418,-23.99927823656157,2.455237741642523,12.898327400973308,-21.709253895140094,1.8900973457225936,42.70710045531616,-24.642848684440644,91.46809975783515,52.023154364407496,-18.109593515286083,48.239037557648345,54.5817673778128,-32.82062684334638,11.029579384243938,54.70987248145652,-34.420534785193965,7.78714611528782,65.63991380558227,-26.171016891021686,4.148435881340253,68.53197590169995,-24.067716360556954,3.035701712571197,32.05408332682859,-28.509479286738568,99.21452290726506,32.18457594213398,-28.75487590189884,109.1346101659044,32.37263656857152,-27.81790505934541,119.01246913844439,32.459170408671156,-26.806762586149116,128.88442344515673,32.520703314962084,-21.18951078079007,137.78878965520414,12.44616012364925,-26.557034765285167,141.52073161295021,3.5552807030421327,-21.17894660043284,113.71290623124696,-3.0339798548561427,-16.150873093268817,91.68765653126215,-9.079203104317877,-13.776322766309292,82.65630849014626,-9.079203104317877,-13.776322766309292,82.65630849014626,-1.6508721023749604,-14.13008912058657,86.17955963729986,-1.6508721023749604,-14.13008912058657,86.17955963729986,32.520703314962084,-21.18951078079007,137.78878965520414,51.47315934266925,-29.005731708239068,142.83221009882521,61.801222256349675,-24.741486086200027,115.32959118051164,65.52361891213187,-13.777470182165029,94.84189680966823,69.11283250188538,-6.491083518040594,87.24093792155008,69.11283250188538,-6.491083518040594,87.24093792155008,62.7784415209961,-10.593274868103942,90.52210658263076,62.7784415209961,-10.593274868103942,90.52210658263076,32.47331700692884,-25.041016331879852,141.58529944970428,32.80176678895543,-23.956589102688472,148.94605007907455,33.07654578769635,-21.382004041981556,155.92892339666636,33.43077054894479,-17.650509205287168,164.9058945778968
1.9166659,32.2369,-24.4425,91.1015,21.93949019980682,-24.303681739563558,90.70696773585058,21.620051098429457,-23.388236126765833,46.01598407873557,21.953932925555716,-35.45810755819235,7.783648206540313,23.155622490169723,-35.1235724131375,4.387544811379776,14.593007278641561,-24.001481700426787,2.4533059643030537,12.902762635339956,-21.711172781385866,1.8880021645176328,42.53430980019318,-24.58131826043644,91.49603226414942,51.917157788533316,-17.308402797809226,48.39973350716589,54.05964455046339,-32.284147939936176,11.269670383020582,54.171134005373816,-33.91711805333757,8.043144611578237,65.10313732073362,-25.72794139078975,4.276282508641064,67.99488991482305,-23.646686013543878,3.122065627434501,31.871516906965855,-28.44946174786136,99.22823708821693,31.992489233277592,-28.667465564257142,109.1490847875168,32.16961083721118,-27.699143180659107,119.02412193880099,32.24281671502589,-26.65459794039015,128.8927056862738,32.319897278431434,-21.009036686723462,137.77902879900398,12.213264865911437,-26.24387993269711,141.52665979176254,3.239730047180087,-20.701978003415448,113.7776108440375,-3.394206005857219,-15.531460639079434,91.79879957342253,-9.43428669197501,-13.100797596900751,82.77894573250927,-9.43428669197501,-13.100797596900751,82.77894573250927,-1.9987712663326518,-13.56528719267107,86.2740724146511,-1.9987712663326518,-13.56528719267107,86.2740724146511,32.319897278431434,-21.009036686723462,137.77902879900398,51.242578092292305,-28.875529261061466,142.8559800726156,61.649631742442125,-24.403798640948846,115.4161626310937,65.27172831169909,-12.984388044263117,95.16057129666757,68.78732765936155,-5.420597100151553,87.79999464729048,68.78732765936155,-5.420597100151553,87.79999464729048,62.49433478893641,-9.688962245340377,90.94607959113411,62.49433478893641,-9.688962245340377,90.94607959113411,32.25375915570508,-24.8480893300945,141.5878511422156,32.577846136347794,-23.74268843103222,148.94567473236984,32.84940231644266,-21.163228683620698,155.92687492682322,33.194320079490296,-17.443250496436995,164.9089868449643
1.92499923,32.0758,-24.3706,91.1195,21.778898638256663,-24.231719424686993,90.7119348612444,21.563933341969268,-23.38167880893252,46.019034719018684,21.965847969161604,-35.45097866103686,7.787173066694685,23.168265638503968,-35.11681109153434,4.391291203680889,14.608205365849399,-23.993119874386373,2.4549485599150334,12.918416347614391,-21.70251424305985,1.8894848559626194,42.37270136174334,-24.509480575313006,91.5270651387556,51.82756865321691,-16.499563751305743,48.57743395031454,53.5436725287379,-31.731793174430763,11.52964111484718,53.63764659435532,-33.39727281280389,8.3192149293142,64.56807621883745,-25.26739297072259,4.42161015489652,67.45843247956984,-23.208062544567177,3.2253357292083047,31.700116133551827,-28.379054462914723,99.24503120760296,31.811572512558786,-28.56969350239834,109.16655393713413,31.977779809149645,-27.570060151091738,119.03866046704533,32.03769130292477,-26.492145703652135,128.9037448608716,32.13041164357543,-20.818492350504727,137.77200863191206,11.992332188229987,-25.92015001307425,141.53443255594553,2.9405615438175268,-20.211974013977045,113.84456262840193,-3.7340071548272498,-14.897563975718654,91.91242454584533,-9.76870068312638,-12.411013631038692,82.90420595204219,-9.76870068312638,-12.411013631038692,82.90420595204219,-2.3277578875434775,-12.986340187904341,86.37118163981273,-2.3277578875434775,-12.986340187904341,86.37118163981273,32.13041164357543,-20.818492350504727,137.77200863191206,51.02294632426036,-28.735379327839674,142.88278379495938,61.511558480245526,-24.05702497852133,115.50854887846292,65.03493234579244,-12.187636703367987,95.4956789988771,68.47597681927176,-4.354987510925064,88.3853147050786,68.47597681927176,-4.354987510925064,88.3853147050786,62.225251843985724,-8.784704224764528,91.38941155308976,62.225251843985724,-8.784704224764528,91.38941155308976,32.04546241275123,-24.645016127651775,141.59304599146648,32.365190687079796,-23.51870412205259,148.94788838264918,32.633423693852436,-20.934402324709293,155.92742610207057,32.96876565548824,-17.22594741992411,164.91466419140264
1.93333256,31.9215,-24.2935,91.141,21.625224089540033,-24.168015755254437,90.71376366025075,21.480049750901408,-23.398286764570344,46.01912702516553,21.93718339229596,-35.46107735919831,7.785831436188893,23.14134528589032,-35.128562301150225,4.390405437321221,14.585553561001891,-24.003048938165335,2.445684025299599,12.895791010290875,-21.712262403255366,1.8808744480173363,42.21777591045997,-24.418984244745566,91.56823633974926,51.59116234601666,-15.779576174213341,48.72288236559537,52.81946924306037,-31.100758525013816,11.69238934659554,52.89817697842133,-32.75195657583602,8.474184888678781,63.53582210012991,-24.321428822330578,4.408810482555269,66.34843188804535,-22.16987481090417,3.189747261701993,31.535476424140178,-28.29852388401696,99.2677381182018,31.63515044549267,-28.461850878861604,109.18987339356579,31.78620249788155,-27.433258737467206,119.05924827369527,31.82920038785557,-26.325086488996142,128.92106780609274,31.933235311457867,-20.627049587831017,137.7735586393911,11.760813733677786,-25.595656860346434,141.53006476873782,2.672881242987083,-19.73156043146348,113.88465687235454,-4.010082574471315,-14.280457471413428,91.98865327869675,-10.00676632069446,-11.70777921373027,82.97923756728174,-10.00676632069446,-11.70777921373027,82.97923756728174,-2.57649953494466,-12.373648995197485,86.45289611130649,-2.57649953494466,-12.373648995197485,86.45289611130649,31.933235311457867,-20.627049587831017,137.7735586393911,50.80373790270042,-28.57700405126601,142.9143119716585,61.313375322884724,-23.69215069703904,115.58424701300976,64.66369249554339,-11.334262646350535,95.83913419972762,68.04118144861908,-3.2476552879271736,88.98728695731126,68.04118144861908,-3.2476552879271736,88.98728695731126,61.82674854649202,-7.823703802724343,91.84371032385678,61.82674854649202,-7.823703802724343,91.84371032385678,31.834541224353778,-24.442644725877145,141.6051797469237,32.15227471065604,-23.29906275925579,148.9574431548683,32.42026267374231,-20.706102663691723,155.933778288515,32.751504526432484,-16.992687710425972,164.9191201688381
1.94166589,31.7794,-24.2079,91.1661,21.48380540454002,-24.095712986167733,90.71919865757341,21.408548648759563,-23.406249880154007,46.0230793708148,21.920887330192134,-35.462428335479046,7.788398126964154,23.126803209291666,-35.131560742717035,4.393433712983432,14.575396838085078,-24.00413684506514,2.440372660058344,12.885684051619998,-21.713150483317488,1.8762250956368853,42.07499459545998,-24.320087013832264,91.61300134242659,51.37114149092749,-15.05165974858534,48.88242667771236,52.10593844477727,-30.454860710684322,11.872883945495225,52.16832822087886,-32.09061886885821,8.64644742707346,62.50024332924322,-23.363450615819097,4.421684063676793,65.23168716676622,-21.12093370349373,3.182165576524506,31.382986936855712,-28.20949763773968,99.29402568762195,31.470817802986556,-28.345512541958158,109.2166848435733,31.60667277552553,-27.28797931984303,119.08322151815975,31.6327190584778,-26.149565591377474,128.94165520786856,31.748107660596386,-20.42730078078685,137.77836345551245,11.541997195834078,-25.262386472653738,141.52803478485953,2.4216193793209353,-19.240853610308992,113.92719110007775,-4.266453388229641,-13.652205780610082,92.06745184427805,-10.223511677649077,-10.993712711516686,83.05666209149247,-10.223511677649077,-10.993712711516686,83.05666209149247,-2.805184124820274,-11.750242313001877,86.53726980204844,-2.805184124820274,-11.750242313001877,86.53726980204844,31.748107660596386,-20.42730078078685,137.77836345551245,50.59625467687281,-28.41059376266917,142.94937651469715,61.12919946398246,-23.319618786144456,115.66594253837923,64.30770515284148,-10.480325014023721,96.20158692975266,67.62143000928764,-2.1487282564672476,89.61734939788086,67.62143000928764,-2.1487282564672476,89.61734939788086,61.44358520334695,-6.865434317446632,92.32021236921257,61.44358520334695,-6.865434317446632,92.32021236921257,31.635569716674194,-24.231928232088737,141.6204946687817,31.95125643073432,-23.071142989128717,148.97014983217488,32.21891696277838,-20.46957626953783,155.94329259176348,32.54591250512701,-16.751236953544275,164.92675334655175
1.94999922,31.6516,-24.1133,91.1969,21.356742500223778,-24.014274745671138,90.73034039147566,21.351512455907876,-23.404954146319557,46.03299367711416,21.918991835145768,-35.45448659017572,7.796996047542663,23.126680625868282,-35.12528929409748,4.402499506283863,14.579834453653678,-23.995838092896037,2.441046608920214,12.890207015040726,-21.704628521251088,1.8775502891551188,41.946457499776216,-24.21232525432886,91.66345960852433,51.16967316235575,-14.31564135725599,49.0581542706563,51.405572599507636,-29.79381932768473,12.073358234159286,51.45055002663082,-31.412983526600023,8.838273355581851,61.464294787508024,-22.39379436427134,4.463378646204574,64.11131525196085,-20.061773749153442,3.205986053959359,31.24473422406748,-28.111488462380606,99.32598680075206,31.32066207015705,-28.220191736589815,109.24908095533733,31.441283454430458,-27.133732285562505,119.11267235924947,31.45034582913983,-25.965090484053412,128.96759870364852,31.57714767100578,-20.218750330965957,137.78851350223457,11.337988272235979,-24.919780901156013,141.5304016952899,2.1889029785807956,-18.73917912452159,113.97425679786119,-4.500975878153003,-13.012051568461347,92.1509428176509,-10.416815525943262,-10.267993194398986,83.13864867396944,-10.416815525943262,-10.267993194398986,83.13864867396944,-3.0116885036803245,-11.115340655642022,86.62643404836396,-3.0116885036803245,-11.115340655642022,86.62643404836396,31.57714767100578,-20.218750330965957,137.78851350223457,50.40261389728928,-28.235644108613712,142.99007330300321,60.9611152996975,-22.938959379147022,115.75572182087723,63.96904499285698,-9.625746987439966,96.58485233057222,67.21879520142645,-1.0584757127810107,90.2769646239647,67.21879520142645,-1.0584757127810107,90.2769646239647,61.07782636230456,-5.909956937778327,92.82061994538634,61.07782636230456,-5.909956937778327,92.82061994538634,31.450654423110915,-24.012368605974505,141.6410823768633,31.764247046972624,-22.834443179236207,148.98809965313282,32.03150680986611,-20.224329862578294,155.9580632251928,32.35412246396196,-16.501112234552817,164.93966164198326
1.95833255,31.5355,-24.0262,91.23,21.2414317641836,-23.94054315012486,90.7437933871025,21.306295855522517,-23.41123982471559,46.045474258869426,21.929233388138794,-35.45400523961605,7.808208016600801,23.138687015125484,-35.126437847320716,4.414182181213926,14.596187302968568,-23.995121348453626,2.444397251367948,12.90660003526882,-21.703719150368652,1.8815641354816746,41.829568235816396,-24.11185684987514,91.71620661289751,50.983843150441345,-13.587782605319362,49.246603196659365,50.716361146500944,-29.13414483443897,12.290631358422296,50.7428510474142,-30.73559441267444,9.046537127805829,60.42618908471491,-21.42924444040295,4.5315204446730295,62.985614935917106,-19.009279703636338,3.259048989353095,31.118254615383233,-28.02099602033577,99.36022841004025,31.18222645197655,-28.102420964271005,109.28366816765596,31.287545027735273,-26.987084725391536,119.14421136325336,31.279555984754392,-25.788266177757713,128.99551327241448,31.41764330893049,-20.018036375826142,137.8006493684554,11.146235177955951,-24.585133374887473,141.53382847326998,1.9720697719397382,-18.24418336349888,114.02248965277406,-4.716431740503639,-12.377908893161468,92.23574428783462,-10.589492710138842,-9.548785356348095,83.22177314902682,-10.589492710138842,-9.548785356348095,83.22177314902682,-3.1988284692187996,-10.486832825893558,86.71701273689902,-3.1988284692187996,-10.486832825893558,86.71701273689902,31.41764330893049,-20.018036375826142,137.8006493684554,50.22035465508968,-28.06822475018291,143.03300084846776,60.80653674556129,-22.56583354833129,115.85022760052333,63.644734738524704,-8.786407110776661,96.98535173438631,66.83003992135289,0.007027618569672711,90.96224644028447,66.83003992135289,0.007027618569672711,90.96224644028447,60.72637947262827,-4.973363088061872,93.34123536201926,60.72637947262827,-4.973363088061872,93.34123536201926,31.27721007668765,-23.800624469465003,141.66356703689507,31.5886232590787,-22.605643739101186,149.00792231059964,31.855323185683822,-19.98705298791567,155.974726824109,32.17330264883614,-16.25901223705741,164.9544897222792
1.9666658799999999,31.4319,-23.9284,91.2649,21.139011675818928,-23.855303753476502,90.75237517652204,21.23420421971678,-23.452410671082138,46.05279220538298,21.90253006675529,-35.4661164628685,7.807152017244164,23.11380809113525,-35.13979769994362,4.413656554418649,14.5710060832954,-24.010360250472097,2.4345868454018054,12.879905677169205,-21.719586076855123,1.8737451682866986,41.72478832418107,-24.001496246523498,91.77742482347796,50.60883492554013,-12.98571149803685,49.37518072472901,49.98350435473476,-28.262671589568882,12.311340776216483,49.96597035787499,-29.801249380744864,9.036900246438279,59.37795769042921,-20.234922920754066,4.491523087970727,61.864672128300796,-17.743214303651474,3.2133552228068014,30.998516365973344,-27.910554258220085,99.40048412432675,31.04668089741736,-27.965788170137547,109.32419353327687,31.13417336807627,-26.823393371020654,119.18181283161299,31.107055830104425,-25.597449009686663,129.02974175613554,31.24663712342535,-19.807261078463007,137.82174280991543,10.946894398007128,-24.2592705940497,141.53994740285478,1.7944072658063508,-17.76210788685939,114.0578518187987,-4.839040154865093,-11.736579319117254,92.29775340366024,-10.669152877141668,-8.812367849389904,83.28624777159587,-10.669152877141668,-8.812367849389904,83.28624777159587,-3.2942006340955143,-9.82199550326048,86.7947064313341,-3.2942006340955143,-9.82199550326048,86.7947064313341,31.24663712342535,-19.807261078463007,137.82174280991543,50.035750572911766,-27.8628467400218,143.09447874789083,60.60238646570731,-22.174277111443313,115.9424419342391,63.21827659020285,-7.918872727270985,97.40188997534945,66.32882451195826,1.0774182484079464,91.64518074713192,66.32882451195826,1.0774182484079464,91.64518074713192,60.264564034701586,-4.014115892734864,93.88562170982736,60.264564034701586,-4.014115892734864,93.88562170982736,31.094922533886162,-23.580685822211283,141.69318640095344,31.403961011789566,-22.376914921624966,149.03620637509056,31.67315577517071,-19.747512832967917,155.99884167632774,31.994989228439692,-16.001307215595105,164.97090427013086
1.97499921,31.3436,-23.818,91.3046,21.051972514926934,-23.75752574521492,90.76578520529142,21.17772047613623,-23.481296342254634,46.06531555432251,21.89103643032032,-35.466058862497086,7.811408206537784,23.104112931288956,-35.14101443749413,4.418432909225381,14.561029210306694,-24.01344954644041,2.430071490449488,12.86841799024978,-21.723305132659668,1.8712189994768667,41.63522748507306,-23.878474254785083,91.84341479470856,50.249851754507716,-12.371165574978525,49.51618717590371,49.26646602514401,-27.37717510501911,12.34957029755958,49.203712956044114,-28.852414394946265,9.046659318835848,58.339133911403,-19.028964747622986,4.48546627371115,60.75180982394791,-16.466373767115797,3.205545953047072,30.894061499293123,-27.787508246137744,99.4454858470517,30.926382816356515,-27.81653803332735,109.36937075389736,30.996019784239415,-26.647083410489717,119.22395880303608,30.949745582354772,-25.39401291297278,129.06840150269628,31.090807055023507,-19.583937164402275,137.84724898985547,10.763276691596442,-23.920721734938574,141.5497883553058,1.6354455481196482,-17.266887203954376,114.09699421171347,-4.940019641848787,-11.082289435716406,92.3639431092884,-10.725678221923014,-8.063180127077683,83.35508110522993,-10.725678221923014,-8.063180127077683,83.35508110522993,-3.3672947306508227,-9.144515248427972,86.87693537599004,-3.3672947306508227,-9.144515248427972,86.87693537599004,31.090807055023507,-19.583937164402275,137.84724898985547,49.86622374720091,-27.644851221068475,143.16047601739226,60.41471986654471,-21.770011168405677,116.04106957816836,62.80986132626663,-7.047481998605731,97.83881877030642,65.84666902291167,2.142875636833425,92.35579165226417,65.84666902291167,2.142875636833425,92.35579165226417,59.82135321534302,-3.0547131211592786,94.45321656763423,59.82135321534302,-3.0547131211592786,94.45321656763423,30.927770642271454,-23.348173436310528,141.7271679979492,31.234362118967212,-22.135651063832608,149.06885054796172,31.50600532700681,-19.495494794344797,156.0273199445108,31.83166460878109,-15.731205966458946,164.99167246651973
1.98333254,31.2597,-23.7054,91.348,20.969414419774388,-23.657767849878176,90.78290826791071,21.126026031262924,-23.508172735383372,46.08193292782595,21.88420150287602,-35.463992711309075,7.81983264115194,23.099050304022217,-35.140207563070916,4.427371084739837,14.555537547530705,-24.01462675464154,2.4297719120390613,12.861383767843694,-21.72513607374195,1.872918540184184,41.54998558022561,-23.753032150121825,91.91309173208928,49.895945728988785,-11.754269801755127,49.66858021221638,48.55480871881752,-26.487712281520157,12.404229903839827,48.445720722119134,-27.899202806182622,9.074772868321212,57.299617936771796,-17.82178532651526,4.512457441604145,59.63700167921463,-15.189256086566438,3.2347639490252735,30.794039648792012,-27.662302001904866,99.49411502123154,30.81046850717905,-27.665159158126908,109.41808101118085,30.862188360645476,-26.46868720406613,119.26953567332609,30.796695646246196,-25.1885354779034,129.110384280167,30.939117828894627,-19.358677534151486,137.87608528029028,10.584412670763477,-23.580448147780505,141.5622241343553,1.4841460087185876,-16.769559950279245,114.13880949866828,-5.030487137323431,-10.426139777681144,92.43323238755772,-10.77023858338931,-7.312395391529314,83.42721717182792,-10.77023858338931,-7.312395391529314,83.42721717182792,-3.429267064963934,-8.465450501178733,86.96263112687517,-3.429267064963934,-8.465450501178733,86.96263112687517,30.939117828894627,-19.358677534151486,137.87608528029028,49.7008382054583,-27.424603269533833,143.22993243751586,60.23250647182946,-21.363151201669325,116.14507533994025,62.408244215034706,-6.18262500610696,98.29488509057212,65.37219080578647,3.1928130307908607,93.0925161057418,65.37219080578647,3.1928130307908607,93.0925161057418,59.38543012433897,-2.105690047912505,95.04267313065264,59.38543012433897,-2.105690047912505,95.04267313065264,30.764774325173224,-23.113719781585118,141.76441257550334,31.06881671771795,-21.892511074208993,149.10476127424133,31.34280922369672,-19.241695263281244,156.05908476008113,31.672192258006366,-15.459452134477726,165.01574062137934
1.99166587,31.1931,-23.5846,91.3903,20.904238591480638,-23.54960148242379,90.79896183105738,21.091953734150895,-23.526857382185465,46.097861755319684,21.89428717337713,-35.45390859864972,7.8276842012223184,23.110901941430733,-35.13143579664921,4.435730539728132,14.567280950882761,-24.007604142904917,2.428874613403393,12.87164916893712,-21.718723309421108,1.8740163656803202,41.48196140851937,-23.619598517576208,91.98163816894261,49.56051867570266,-11.130132348614865,49.82746578298287,47.86128667262439,-25.58966811207067,12.470549210612276,47.7047214998264,-26.937089508851596,9.116531803119635,56.27310011193167,-16.609839049322332,4.567757582984128,58.53419512568991,-13.908577747279686,3.296258335463912,30.711199131366993,-27.528886557335912,99.54158689600175,30.711701386040865,-27.505584702523585,109.46553952646622,30.745507606589726,-26.282121676394517,119.31375633985671,30.66080348081988,-24.974912864951364,129.15090071079908,30.804725183620874,-19.12536784735093,137.90345184612693,10.423294502808826,-23.231476367071842,141.57253144018438,1.3536499945594738,-16.262851572997523,114.17861717782685,-5.097149107753264,-9.760654882438523,92.50097589979836,-10.7894661777886,-6.5523191220579164,83.4980558816203,-10.7894661777886,-6.5523191220579164,83.4980558816203,-3.46678182467178,-7.77740588866783,87.0471412613568,-3.46678182467178,-7.77740588866783,87.0471412613568,30.804725183620874,-19.12536784735093,137.90345184612693,49.5524207755367,-27.19680564217039,143.29796672303848,60.068744509412745,-20.948972685727814,116.24952425193295,62.02717226452002,-5.320198952879622,98.76474531208189,64.91963477842397,4.230929239630834,93.84965917990105,64.91963477842397,4.230929239630834,93.84965917990105,58.97075238390018,-1.1629081112735724,95.64851093640502,58.97075238390018,-1.1629081112735724,95.64851093640502,30.618937444869733,-22.871196193923385,141.80012735303586,30.92039354456381,-21.641365340887905,149.13914307691732,31.196761496002544,-18.97995889566815,156.08932638322372,31.529943303275836,-15.179859494275645,165.0382802276258
1.9999992,31.1387,-23.4583,91.4322,20.85151482847851,-23.43009293641334,90.81203839332622,21.034360943310105,-23.55833630797133,46.11109630945126,21.878161722434836,-35.463647915790865,7.83504197445135,23.096044833904298,-35.14324477704524,4.4433473538996395,14.551160240774568,-24.02234997285585,2.425624121083094,12.854255250253926,-21.734294976898383,1.8712523383233433,41.425885171521486,-23.48650706358666,92.05236160667377,49.10344824917911,-10.634675566389417,49.93218170907318,47.183183936635665,-24.472678941374696,12.35124202877956,46.97657577757453,-25.731532335500784,8.965671021651426,55.43465462362421,-15.254952522527692,4.554011622240408,57.66482167306446,-12.516267060307408,3.3082064648364744,30.636096767703066,-27.38496945927062,99.59073907896604,30.619628716967252,-27.33716032694211,109.51459025331216,30.63466212820258,-26.087801822762124,119.35960200368503,30.530043027451065,-24.75465126177067,129.19307257443907,30.668736210616835,-18.8875958927908,137.9339802643914,10.266950601789631,-22.905288817185472,141.5877832662951,1.2668921606512367,-15.797332672673239,114.20671993515722,-5.064550271395537,-9.117288096159465,92.54797243153952,-10.708659379463473,-5.795956583331732,83.5556840582173,-10.708659379463473,-5.795956583331732,83.5556840582173,-3.404839871088882,-7.1125068750093945,87.11088681928933,-3.404839871088882,-7.1125068750093945,87.11088681928933,30.668736210616835,-18.8875958927908,137.9339802643914,49.40883249913967,-26.938079331803223,143.38590619337094,59.84741216510714,-20.507262814985076,116.35023762156993,61.58545511349696,-4.432996837345424,99.25027615291017,64.37064262836971,5.280309152211608,94.59808547634752,64.37064262836971,5.280309152211608,94.59808547634752,58.4779065653953,-0.2155515534461392,96.26833322739887,58.4779065653953,-0.2155515534461392,96.26833322739887,30.472539523561156,-22.625293169361342,141.83794658349632,30.76979682303077,-21.389684599561473,149.176163060451,31.049062356567223,-18.718415928064275,156.1224459476473,31.391092324338004,-14.89894838563069,165.06281639186508
2.00833253,31.095,-23.3324,91.4748,20.809575501248347,-23.31101129208037,90.82583142321617,20.987873433428508,-23.590741840515136,46.12556226387382,21.871890523258642,-35.474585744375794,7.843744810367745,23.09096875588287,-35.15630084060955,4.452280108151857,14.544959761366723,-24.038228367410145,2.4237940356498378,12.8468068618502,-21.75097678610413,1.869928331190036,41.38042449875165,-23.35378870791963,92.12376857678383,48.65675370066853,-10.140429616664457,50.04424532472124,46.511478284758596,-23.353204710523638,12.25105615790195,46.254066399855446,-24.522856499482803,8.83709311508862,54.60367142470329,-13.9010380947436,4.568412908540089,56.80306413675565,-11.125498758539779,3.3497551588186054,30.57164903128437,-27.241451818377893,99.6404916791709,30.538195906445544,-27.169143946740444,109.56415186584285,30.534453908493376,-25.893908386539373,119.40585595120581,30.40991893118711,-24.534834619254383,129.23554509048714,30.543411296553842,-18.65032265259596,137.96479136084992,10.121568578463265,-22.57943811538831,141.60283761091563,1.1930918219896807,-15.332344979227036,114.23481492887089,-5.01629074896178,-8.475651842300092,92.5959418169553,-10.610628342238083,-5.041806146759585,83.61481986797045,-10.610628342238083,-5.041806146759585,83.61481986797045,-3.326745122676006,-6.449698168054708,87.17592026727395,-3.326745122676006,-6.449698168054708,87.17592026727395,30.543411296553842,-18.65032265259596,137.96479136084992,49.27572660391415,-26.679828111294,143.4740920564349,59.637941305394236,-20.06542364255396,116.45334296163108,61.158900457328315,-3.5559027581024623,99.7520284725255,63.83853936829244,6.311160040587174,95.36921341089831,63.83853936829244,6.311160040587174,95.36921341089831,58.00135894426233,0.7179314344246563,96.90598574611553,58.00135894426233,0.7179314344246563,96.90598574611553,30.336760004668154,-22.379875706405954,141.876000426392,30.629772482631072,-21.138528038114178,149.21341898857617,30.91192814268585,-18.457463243644813,156.1558098774455,31.26284346263875,-14.618750897195891,165.08758945633363
2.01666586,31.0572,-23.1864,91.5148,20.773620165785534,-23.17198264958244,90.83704433359472,20.947704718223378,-23.603814948841762,46.137969201284434,21.870846456792542,-35.466631631691456,7.850553914148449,23.091049614019447,-35.15051378975724,4.4592910802318055,14.543883543700483,-24.03529631461939,2.4200623910508856,12.844472807145458,-21.74885576950348,1.8667062064540525,41.34077983421447,-23.20081735041756,92.19255566640527,48.21558826728034,-9.626824700448147,50.1603318994283,45.84173190853457,-22.211057055686652,12.166823484076467,45.53283631564729,-23.29097907969516,8.727660536736492,53.77575624233776,-12.528056182422116,4.607669906950454,55.94451471312655,-9.716242960737516,3.417599858028317,30.513106324774373,-27.077832528655208,99.68754849129738,30.46265221873487,-26.98102568429694,109.61092804961667,30.440116576312185,-25.679924188933807,119.44922089360055,30.295648011520264,-24.294939947483094,129.27501992091229,30.423893801639046,-18.393018236591814,137.99258350724918,9.98234852449179,-22.233647543347196,141.61443138511905,1.127384767210696,-14.847633240379057,114.25966706126519,-4.957318442669123,-7.815514367406977,92.64168396283374,-10.500376024931821,-4.2696856057865915,83.67228755817808,-10.500376024931821,-4.2696856057865915,83.67228755817808,-3.237479141243298,-5.76869690394129,87.23905706834778,-3.237479141243298,-5.76869690394129,87.23905706834778,30.423893801639046,-18.393018236591814,137.99258350724918,49.14834652076559,-26.401285154581018,143.559227036292,59.43548185222545,-19.602517911666833,116.5555544659006,60.742534435804295,-2.6684330986246145,100.26629765877607,63.3182702604756,7.343779750742799,96.15903097017025,63.3182702604756,7.343779750742799,96.15903097017025,57.53608973938581,1.6579264555058106,97.5576057734384,57.53608973938581,1.6579264555058106,97.5576057734384,30.206788867093838,-22.11441425419758,141.91098933354436,30.49549483426977,-20.867357980327736,149.24761055975054,30.78049854321279,-18.176567585109566,156.1861213104369,31.14028707404424,-14.31874294741614,165.1093091804914
2.02499919,31.0189,-23.0288,91.5526,20.737249198071993,-23.02125527041494,90.84607705326106,20.907438398541593,-23.605690905859287,46.14872173022135,21.868312189074988,-35.4477219269722,7.855800680193511,23.08957248619824,-35.13383737484443,4.4647109411559285,14.541514530856265,-24.021265964464167,2.4148273246269443,12.840897600349637,-21.735595170365315,1.8619970056521784,41.300550801928004,-23.03634472958506,92.25912294673894,47.77400642612724,-9.102872825066228,50.28083290036487,45.16780930926651,-21.055382133970713,12.099030461262835,44.80677861758343,-22.04512590216955,8.637881236428054,52.945237998362224,-11.14562543906867,4.672161936946875,55.083613010805415,-8.298220710744703,3.5121135591294212,30.45397350086596,-26.902605140434105,99.73230627461784,30.38650631537752,-26.781306055343006,109.65531558385656,30.34519173635872,-25.45435393132453,119.49009418871205,30.180806872747898,-24.04347317202253,129.31189504904552,30.3039054204215,-18.124194190455945,138.01775657056908,9.842914121846345,-21.875933488208485,141.62293009778392,1.063577736465854,-14.35112209964469,114.28162091481181,-4.893664124270042,-7.144767951943702,92.68552794523491,-10.383827700409789,-3.48742103273612,83.72838675785513,-10.383827700409789,-3.48742103273612,83.72838675785513,-3.1430124833421753,-5.077486043063024,87.30061841453421,-3.1430124833421753,-5.077486043063024,87.30061841453421,30.3039054204215,-18.124194190455945,138.01775657056908,49.02022656226602,-26.111425462365688,143.64167409880247,59.23381167248789,-19.127882124912706,116.65724297101751,60.33067855646466,-1.7803675795348148,100.79306557738194,62.804471406792636,8.36810586317706,96.96719357911775,62.804471406792636,8.36810586317706,96.96719357911775,57.076540507105115,2.594699362917635,98.22303423180068,57.076540507105115,2.594699362917635,98.22303423180068,30.076256863576592,-21.837416247721745,141.94331196821682,30.36062674769412,-20.584689725899864,149.27913649808605,30.648505310392782,-17.88422788761362,156.21377010741236,31.017253105695346,-14.007400918241377,165.1283524419588
2.03333252,30.9895,-22.8725,91.5848,20.709474942129727,-22.87894631586477,90.85499313200609,20.883761427763844,-23.628585457479204,46.16011906765409,21.861383270302913,-35.46101392334515,7.864653646495462,23.08280066779892,-35.148358335850055,4.4735069572025665,14.53333579923002,-24.037808025325383,2.4185414444977336,12.831555327716707,-21.75271493554274,1.8669047137558903,41.26952505787027,-22.866053684135228,92.31460686799392,47.27937158749483,-8.67779904824239,50.35272800958929,44.578155222660826,-19.751169498095052,11.913312343886439,44.188909833232024,-20.661352119069015,8.433435123798725,52.33655549439974,-9.70212970099871,4.655621580051468,54.474946243740284,-6.8396387196434425,3.5333453197685794,30.41060549193765,-26.72599559322123,99.77311825322269,30.3295644898409,-26.579445097756313,109.69568517658774,30.271205399086753,-25.22608556064182,119.5267782602803,30.088276217839834,-23.789690467029768,129.34455219789444,30.204332178654834,-17.85438482075501,138.03959214290091,9.728245447981969,-21.539103240614487,141.62814494372617,1.0410121652464213,-13.914587531676101,114.28503868756934,-4.730418014065711,-6.508143056094865,92.70619079998608,-10.146431317233231,-2.731986557084664,83.75320789897708,-10.146431317233231,-2.731986557084664,83.75320789897708,-2.936670232084314,-4.416301549726047,87.3450011634064,-2.936670232084314,-4.416301549726047,87.3450011634064,30.204332178654834,-17.85438482075501,138.03959214290091,48.919788693314004,-25.80398745178458,143.71942438484515,59.05557617799677,-18.632550690016256,116.75494722549148,59.89327462634371,-0.8876482403748902,101.3203043529677,62.255031299202145,9.387928538390467,97.77303947523855,62.255031299202145,9.387928538390467,97.77303947523855,56.58583918159983,3.529455812875259,98.89424811410741,56.58583918159983,3.529455812875259,98.89424811410741,29.96994348015634,-21.56021086023223,141.97173435741308,30.25154437336733,-20.305071125814166,149.30725319976688,30.54081393156502,-17.597871820595245,156.23920145022447,30.913663446868078,-13.709270140411839,165.1484831664019
2.04166585,30.9647,-22.7064,91.6123,20.686370243779116,-22.726915023449486,90.85924530995605,20.865069060510695,-23.64182464742791,46.16746631915226,21.858991760872467,-35.464784993687516,7.869496320646093,23.080544826051124,-35.153385498149255,4.478282923242274,14.529752048908291,-24.04479713808314,2.4182420185596563,12.826824507796339,-21.76027062945603,1.8677997363879175,41.243029756220885,-22.68588497655051,92.36535469004396,46.78797993460006,-8.245510215101994,50.4254785991658,43.98180572478232,-18.433339402888713,11.749409739538471,43.56349990516433,-19.263519026917077,8.252938393063307,51.72241562959852,-8.250034880357331,4.661863045057138,53.8611333806143,-5.3733948871878905,3.5770117415191125,30.371798604768717,-26.539580813076782,99.80914669518059,30.277151062117497,-26.367765537697583,109.73118783570285,30.201717350831757,-24.988000798359053,119.55849357327304,30.000215132860326,-23.526096057481652,129.372137668366,30.109203242969844,-17.574786540691157,138.05632320146086,9.618208013572438,-21.19248958281016,141.62792340975065,1.0242322316197416,-13.468665146823511,114.28321938902177,-4.558756255370858,-5.864185152188364,92.7236826174368,-9.899152142653374,-1.970032177765181,83.7758222469487,-9.899152142653374,-1.970032177765181,83.7758222469487,-2.721556187230859,-3.74831721140728,87.38669047960286,-2.721556187230859,-3.74831721140728,87.38669047960286,30.109203242969844,-17.574786540691157,138.05632320146086,48.82363455180419,-25.486593413096514,143.79203254213357,58.88192443803336,-18.127248661391732,116.84917502794002,59.462003801802126,0.0025923117641220017,101.85638087675495,61.7132318013954,10.396256665240339,98.5926139377734,61.7132318013954,10.396256665240339,98.5926139377734,56.10223966028366,4.45749835035386,99.57570478988875,56.10223966028366,4.45749835035386,99.57570478988875,29.86805229123288,-21.27320379539893,141.99502642975264,30.146832623045754,-20.015663053588156,149.33024178526745,30.437460442013936,-17.30174899422657,156.25950707472933,30.814383941460015,-13.401415047796258,165.16348732337593
2.04999918,30.9426,-22.5324,91.6373,20.666034112042716,-22.567008640269037,90.86104578745649,20.8493986113475,-23.64751815443319,46.17298274037203,21.85906047130169,-35.46124501867198,7.872575168184021,23.080721919540018,-35.15113087367836,4.481283029991985,14.528718015815206,-24.04441133531476,2.41619917532461,12.824667061838046,-21.760433405066728,1.866958385425094,41.21916588795728,-22.49779135973096,92.4135542125435,46.298100600953696,-7.808070916521498,50.501257237413704,43.37725829129499,-17.104815840004406,11.609818671582765,42.929072135441146,-17.854625190797925,8.09892064532744,51.10144040595911,-6.792362688512812,4.693145229718228,53.24081496936786,-3.9025160089229067,3.645320690254284,30.3356426678431,-26.345252352526582,99.84259479600053,30.22736853278588,-26.148169163389806,109.7640268483122,30.134848603011942,-24.742011734928084,119.58744480691381,29.91476354402594,-23.254611500273047,129.39685774292374,30.01669835508625,-17.2873259999367,138.0701590058668,9.510961961200838,-20.837883508813157,141.6244951127431,1.011373909902895,-13.015145351984032,114.27840778150093,-4.380592316326475,-5.214728984925312,92.7402623888325,-9.64390921982457,-1.2034075969190328,83.79849205369537,-9.64390921982457,-1.2034075969190328,83.79849205369537,-2.499589059729904,-3.07540337259036,87.42793719306552,-2.499589059729904,-3.07540337259036,87.42793719306552,30.01669835508625,-17.2873259999367,138.0701590058668,48.72991059114315,-25.16126682443589,143.86168147759867,58.71092944429898,-17.614041618657744,116.94207197102865,59.03520242573922,0.8879038699853226,102.40300864463832,61.17757278057063,11.390461262784616,99.42727372624245,61.17757278057063,11.390461262784616,99.42727372624245,55.62413679087393,5.376358073530616,100.26897574662159,55.62413679087393,5.376358073530616,100.26897574662159,29.768749029774312,-20.97832258316145,142.015395684027,30.044669288570926,-19.718396810558307,149.3503099003499,30.336641588161807,-16.997794438721407,156.27689538044953,30.717637568936432,-13.085772414269243,165.1755731602792
2.05833251,30.9225,-22.3475,91.6558,20.647767625311296,-22.396242684403333,90.85637921640667,20.836123886893816,-23.642432491526968,46.17265024115949,21.861056460919226,-35.44708368628514,7.869850042234127,23.08280773511952,-35.13828804938832,4.478469951146805,14.529676504128721,-24.033379082771525,2.4083240653204774,12.824519794667005,-21.749938896489205,1.8602804568834728,41.1972323746887,-22.298757315596667,92.45522078359333,45.809193970029185,-7.362428934864903,50.576108961635455,42.76448364931038,-15.763152826562138,11.490787460483958,42.28564851480673,-16.43227784967532,7.967652711285645,50.47366479576412,-5.326637702832786,4.74558702113965,52.61402362970344,-2.424503248538635,3.734373250081963,30.301431982565305,-26.140027762068907,99.8694539156551,30.179496187564805,-25.917693643925418,109.79019371882538,30.06986162012086,-24.485175953263468,119.60962610404816,29.83116679397533,-22.972314297290534,129.4147091445052,29.926038699879445,-16.989102184442885,138.0771114602686,9.405738837708153,-20.472507820164786,141.61380024832928,1.0018393325178039,-12.551205742707015,114.26651211688332,-4.196434085786072,-4.556945391562503,92.75183672666014,-9.381199894013804,-0.4292789911743524,83.81712719406741,-9.381199894013804,-0.4292789911743524,83.81712719406741,-2.2712701910216033,-2.394697247035659,87.4646717725202,-2.2712701910216033,-2.394697247035659,87.4646717725202,29.926038699879445,-16.989102184442885,138.0771114602686,48.63785333285239,-24.825089244976304,143.92435771542264,58.54189054579338,-17.0900284743286,117.02964441709824,58.61228449395147,1.7708754164410827,102.95580871551313,60.647514638803365,12.373012520862481,100.27234306315215,60.647514638803365,12.373012520862481,100.27234306315215,55.15095914833129,6.288577322923927,100.96953515720637,55.15095914833129,6.288577322923927,100.96953515720637,29.671255975573917,-20.672676575346635,142.0288443158743,29.944265707651024,-19.410399683608837,149.3634632042199,30.237555677163282,-16.68315238963564,156.28737934277902,30.622605382757186,-12.759509857882867,165.1807648901194
2.0666658399999998,30.9062,-22.1585,91.6686,20.63312795600026,-22.235268088552825,90.85026495286408,20.821000116884726,-23.631003256942368,46.170955092024855,21.860708891135037,-35.463877625197256,7.877262797603265,23.083095433653547,-35.154762098233114,4.486140774546689,14.526481120923634,-24.052956620982734,2.4137441791820065,12.819836023528095,-21.770248704803443,1.8672852458227236,41.17927204399974,-22.081731911447175,92.48693504713592,45.26352872063664,-6.992457076132837,50.60786229482087,42.27649280200948,-14.37470034580296,11.313016826003441,41.78476653634115,-14.974834969789045,7.779246381231317,50.009537436379226,-3.8436512802250817,4.744373350761649,52.15605996605742,-0.9353025689389245,3.7645660111565205,30.279360746046276,-25.929968079335456,99.89150727363239,30.151155816066574,-25.682074024535478,109.8115622671253,30.030315961328608,-24.223253517910283,119.62698989404797,29.778735431598193,-22.68551783233289,129.42788042699254,29.86295204738064,-16.687687102963103,138.08027754278962,9.33307033613897,-20.13115371702787,141.60043143718775,1.0364979931526737,-12.144206958868327,114.2394685433143,-3.928626458324075,-3.9537510762685777,92.74352767401214,-8.999189240289788,0.296310562557629,83.80066292208919,-8.999189240289788,0.296310562557629,83.80066292208919,-1.9387438104310246,-1.7635869388025789,87.49193416241283,-1.9387438104310246,-1.7635869388025789,87.49193416241283,29.86295204738064,-16.687687102963103,138.08027754278962,48.58478242644074,-24.463197543929162,143.97599577555232,58.39305584185645,-16.542579266539384,117.10020182723652,58.185499182012,2.663517713051288,103.5026189066027,60.097526960305046,13.360993789311754,101.1242547200798,60.097526960305046,13.360993789311754,101.1242547200798,54.66937280273099,7.1991602810431345,101.65857766713854,54.66937280273099,7.1991602810431345,101.65857766713854,29.608709945220248,-20.364832611479518,142.03802803450668,29.878849036368166,-19.104037402225437,149.3730080490845,30.17053482860127,-16.375979430852865,156.2966725850033,30.55373555631533,-12.450676575192515,165.18940530222943
2.07499917,30.8886,-21.9599,91.6757,20.617292817982793,-22.064674480587527,90.83853460961446,20.80507942922932,-23.610199467741754,46.16415502855347,21.85932495063928,-35.47144379187769,7.879638195325192,23.082345172757105,-35.162044323527475,4.4887705557857975,14.522383686474187,-24.063250442985563,2.4140670226036183,12.814278108898055,-21.781258999596876,1.86918109596014,41.15990718201721,-21.855125519412475,92.51286539038556,44.71356888054386,-6.620695375323143,50.6379596714793,41.75893462231958,-12.976022917796186,11.161577771436697,41.25224294964067,-13.506795912611524,7.618834001360655,49.514652612816846,-2.3552583604547124,4.766403847844298,51.66727250079119,0.5585755993748762,3.816733962020211,30.255897871608973,-25.710291670856034,99.90779288616226,30.12136858082423,-25.43681707843416,109.8270918814351,29.989277556157912,-23.951700459108828,119.63843020138953,29.72477111615438,-22.38910275906851,129.43504715886138,29.798353821300612,-16.37666708172445,138.07739895436842,9.258926819944524,-19.780055141141737,141.58080829570727,1.0706552281691906,-11.72793226023111,114.20632661860441,-3.6587657686104516,-3.343828869835299,92.73190253751731,-8.613491332748653,1.0274117968168426,83.78252208694165,-8.613491332748653,1.0274117968168426,83.78252208694165,-1.6039410051602325,-1.1267275852713983,87.5167473722325,-1.6039410051602325,-1.1267275852713983,87.5167473722325,29.798353821300612,-16.37666708172445,138.07739895436842,48.529915180573454,-24.091691262733153,144.02147161292902,58.24220058061975,-15.985899158865541,117.16603699874106,57.757113392916395,3.550707015353824,104.05507929711683,59.54708931374128,14.333137753947891,101.98538501989789,59.54708931374128,14.333137753947891,101.98538501989789,54.18696382684129,8.100026859406633,102.35407743207932,54.18696382684129,8.100026859406633,102.35407743207932,29.544602034706163,-20.047365193793176,142.04116137066623,29.811858760798682,-18.788046359831764,149.3765005870412,30.101944134450985,-16.059173364751608,156.29991117397125,30.483305571664975,-12.132204821197012,165.19198753433494
2.0833325,30.8697,-21.7514,91.6781,20.600262587139877,-21.88419636132293,90.82218227044409,20.788397877224273,-23.57964928984069,46.15324287482148,21.85702564031474,-35.46945235749871,7.877984581685666,23.08067245366794,-35.15979308901123,4.487366723947883,14.5174833551487,-24.063922557334287,2.4103470785751195,12.807941675561326,-21.78263205505037,1.8670320918107377,41.13913741286012,-21.618603638677072,92.53401772955591,44.15948970264229,-6.246800657480453,50.667452938509555,41.21234208056678,-11.568344111255778,11.037915017240842,40.68864125853437,-12.029480708757092,7.487903703026831,48.9895416568092,-0.8625907496220382,4.812799552065716,51.14815408223115,2.05604946914073,3.8919275252159475,30.23105177226109,-25.480705442490382,99.91930818280412,30.090138066844965,-25.181635761061873,109.837779823822,29.946740945229916,-23.670235675481752,119.64494486205915,29.669259232571186,-22.082794302486334,129.43720776839712,29.732206215954456,-16.05577181587825,138.0694774218083,9.183281362487495,-19.41901168572112,141.5559217114058,1.104134118482822,-11.30230275586181,114.16809343683036,-3.3872176529462203,-2.7272328672272153,92.71797833433467,-8.224550467450811,1.7638775314757478,83.76372797714434,-8.224550467450811,1.7638775314757478,83.76372797714434,-1.2672764860931194,-0.48419139567041025,87.54011190901451,-1.2672764860931194,-0.48419139567041025,87.54011190901451,29.732206215954456,-16.05577181587825,138.0694774218083,48.473228272187434,-23.71023948831393,144.0618230209394,58.0892559256296,-15.419618783428362,117.2281810367443,57.327278111474754,4.432510728855796,104.61375097121093,58.99649429572826,15.289409469327962,102.8559318962706,58.99649429572826,15.289409469327962,102.8559318962706,53.7039325193776,8.991224622892492,103.05645181400095,53.7039325193776,8.991224622892492,103.05645181400095,29.478904849526145,-19.720007088297073,142.03924383535548,29.74326267439518,-18.462161353950332,149.37494084051568,30.031741710811907,-15.732470809166328,156.29809625389223,30.411259625438458,-11.803833527218123,165.18951434921112
2.09166583,30.8554,-21.5283,91.6745,20.58793639502559,-21.68913405740234,90.7999153348558,20.776812559720316,-23.534607833187856,46.13692557166038,21.8596280110998,-35.45305639907602,7.870976293345947,23.083893672445555,-35.14316495201205,4.480603050606108,14.517575172380173,-24.050149351652042,2.401239386980369,12.806617578657983,-21.769548362964294,1.8594889575566023,41.12286360497441,-21.36746594259766,92.54908466514419,43.60736224519274,-5.866198192691487,50.695027909526445,40.642996096146454,-10.148725055264062,10.94106865141314,40.10025655369621,-10.540050200116479,7.385539399154466,48.440595157855554,0.6372812027248163,4.882226458464212,50.605089932965186,3.560070739613624,3.9887292222197943,30.21072837819869,-25.236503093269135,99.9247564368396,30.063375916679476,-24.911833446677697,109.84232952268405,29.908623874032898,-23.374172082301357,119.64523870181047,29.61812360859489,-21.761914851550177,129.43306865834685,29.670438424142382,-15.72033194532806,138.05522505296872,9.112060050320025,-19.043358445223635,141.52445585528574,1.143022683769324,-10.86257203082478,114.12343582440904,-3.1078258346605896,-2.0991843072148093,92.70043825826428,-7.826212758281586,2.510506302155875,83.74298113273217,-7.826212758281586,2.510506302155875,83.74298113273217,-0.9225989463231592,0.16883165346150397,87.560732686823,-0.9225989463231592,0.16883165346150397,87.560732686823,29.670438424142382,-15.72033194532806,138.05522505296872,48.42066291857067,-23.31418469056675,144.09571102118127,57.94020585757474,-14.839101326168851,117.28530285869773,56.90220750407843,5.313249786878195,105.176760160478,58.452084923757894,16.23404519625649,103.73364947818999,58.452084923757894,16.23404519625649,103.73364947818999,53.2265408016046,9.87705386637811,103.76365969385678,53.2265408016046,9.87705386637811,103.76365969385678,29.417549281334633,-19.378092761568738,142.03098409805992,29.678992911759966,-18.121723800515547,149.36703860742065,29.965860858854143,-15.391219759087203,156.28994016407833,30.343532569250115,-11.460919143539698,165.18070175333455
2.09999916,30.8413,-21.2958,91.6642,20.575625720427798,-21.496849565831607,90.77702162570957,20.75713276559753,-23.478605507447035,46.11984078286609,21.859273049066218,-35.47426005521094,7.878575918112119,23.084901269054818,-35.16342903652811,4.488781029362629,14.51119128327965,-24.07687398848057,2.405429103635515,12.797209540325985,-21.79778965166749,1.866864849887831,41.1069742795722,-21.094750434168393,92.55137837429042,43.06299103396962,-5.535030306100563,50.69097691607794,40.20271037419358,-8.825059789237987,10.834995178860666,39.65173196290078,-9.154223826682541,7.274438527107677,47.93974172268512,2.1006887018154075,4.951423417905959,50.08765683560157,5.046343885278478,4.0937231046016915,30.19998360189772,-24.98830984444917,99.92175334712837,30.054634895298502,-24.644394860995185,109.83870727855539,29.895348570141408,-23.085648290551696,119.63821318631159,29.59884076418404,-21.453073943993367,129.4224946195271,29.63587795118834,-15.398864946364174,138.03586930113735,9.074869724583056,-18.715075426458306,141.49602501976963,1.260579036189987,-10.463831888958103,114.07157310615513,-2.7613447923108057,-1.538425901314488,92.67127500277644,-7.330649019069612,3.1797662245404936,83.69304673781747,-7.330649019069612,3.1797662245404936,83.69304673781747,-0.4944045191721571,0.7487933202228585,87.57565959900506,-0.4944045191721571,0.7487933202228585,87.57565959900506,29.63587795118834,-15.398864946364174,138.03586930113735,48.412869769371795,-22.901434354618615,144.1071969462407,57.82496380302394,-14.236631858229494,117.3195056451924,56.491154688812934,6.197242823161208,105.72255686579064,57.91950441338587,17.170915170252513,104.58818782801679,57.91950441338587,17.170915170252513,104.58818782801679,52.761725705649965,10.760135704889997,104.45486040294443,52.761725705649965,10.760135704889997,104.45486040294443,29.39236900471001,-19.05148209231863,142.0169393168573,29.649881307047394,-17.797628686924302,149.3535632376008,29.932824422909352,-15.069563530461863,156.27758773190916,30.305407576067214,-11.14642895573958,165.17172835307105
2.10833249,30.8197,-21.0407,91.6494,20.55598318767673,-21.282098918538228,90.74972307545363,20.730728687601292,-23.400318383107155,46.098780055622825,21.85256729598827,-35.47323007536439,7.882408418617686,23.079561527107142,-35.16146282329149,4.493193733630038,14.498403119418667,-24.081433537634908,2.4057952543860788,12.781386194012931,-21.80388662362543,1.8704045398082605,41.08341681232327,-20.799301081461774,92.54907692454637,42.50818932153804,-5.192623041214622,50.68470393156995,39.714704987204556,-7.48302174072659,10.754072847637559,39.1526970168243,-7.749885302914889,7.190027291811254,47.387735076920464,3.5786587842404494,5.043216165012863,49.518630853090976,6.5465140586161255,4.220299473567648,30.181714825409195,-24.717486753481076,99.91422407803871,30.038304717893524,-24.35426566201837,109.83051789277509,29.874393372558956,-22.774412607060334,119.62656691449861,29.571790247275175,-21.121510353016784,129.4072481038405,29.59346275922219,-15.054690592782062,138.01179748454902,9.029857239206109,-18.364329716099242,141.46279816994044,1.370559458158235,-10.043028522988996,114.0157978676346,-2.4219455166813564,-0.9568911663179378,92.6412682542952,-6.841158038175728,3.86869810892461,83.64500738283336,-6.841158038175728,3.86869810892461,83.64500738283336,-0.07375409840653813,1.3486223512408357,87.59089294190561,-0.07375409840653813,1.3486223512408357,87.59089294190561,29.59346275922219,-15.054690592782062,138.01179748454902,48.39688469608065,-22.465603627654165,144.11382012413608,57.70048516340148,-13.6117424769964,117.35005950068594,56.071378692267054,7.087651175845439,106.27338957013374,57.379832702107564,18.103919384626543,105.4498340545824,57.379832702107564,18.103919384626543,105.4498340545824,52.289132747828205,11.64525506553647,105.15153899499056,52.289132747828205,11.64525506553647,105.15153899499056,29.359351675389064,-18.702117721103747,141.99818613043007,29.612945251103298,-17.45075709215636,149.33537212897045,29.891961319229182,-14.725106853551766,156.26050695170295,30.259446433536205,-10.809109549782411,165.1580043691813
2.11666582,30.8113,-20.7886,91.6232,20.54970696161188,-21.070317473921705,90.71110439679185,20.71833976990485,-23.325059084185707,46.06682362649709,21.860123431083547,-35.475190739953185,7.875523432492415,23.088492240289174,-35.16250172249484,4.4868916303439885,14.49999095769587,-24.08893374246388,2.3954091631627885,12.77996085969133,-21.81291886217689,1.8631845756335217,41.072893038388116,-20.506882526078293,92.53529560320814,41.964260501250635,-4.864644456682761,50.66943893603241,39.200374777619324,-6.150009927683639,10.691775785184468,38.62455803869135,-6.3545357015563475,7.1258125023403895,46.8062959811562,5.04368805733678,5.150914939671565,48.919790149003795,8.033071085114381,4.3617348998141034,30.176551911893863,-24.449646499680796,99.89525756425331,30.035008696577794,-24.067066125555762,109.81085017467919,29.866394446171434,-22.466092674610522,119.60338979851163,29.557622125931122,-20.79285707087473,129.38042008940488,29.56392909549372,-14.71344967492811,137.97610550025166,8.997689089186043,-18.01636308006381,141.41783818614178,1.4938239199408425,-9.625237045355158,113.94916997977577,-2.0685992033333402,-0.37958915450434105,92.60347629675935,-6.336660087289016,4.552377004661518,83.59193775295041,-6.336660087289016,4.552377004661518,83.59193775295041,0.3604048202983239,1.9432594030007069,87.59947786105037,0.3604048202983239,1.9432594030007069,87.59947786105037,29.56392909549372,-14.71344967492811,137.97610550025166,48.39332505182135,-22.032644608127363,144.10865980410117,57.587574220937526,-12.990539285178446,117.37005783644203,55.66437092467388,7.958198422845154,106.82192151945833,56.85492903820453,19.006725529924324,106.31096068602082,56.85492903820453,19.006725529924324,106.31096068602082,51.83040453735188,12.506208543896292,105.84622074965158,51.83040453735188,12.506208543896292,105.84622074965158,29.33916978400982,-18.355639854744354,141.96781704267948,29.588867796886035,-17.1067618500675,149.30555962022333,29.863989728558515,-14.383515127729021,156.23179573477253,30.22641914997616,-10.474642594026474,165.13263282552734
2.12499915,30.7966,-20.5098,91.5938,20.53729456528682,-20.831807600750793,90.66938780172303,20.700376605188612,-23.223430219622085,46.03220993677323,21.862278487265325,-35.45100365188017,7.866240649132145,23.092021381704367,-35.13741805528295,4.47819012843688,14.496281323517797,-24.07024965629014,2.382576261231931,12.77325966902303,-21.79576220694916,1.8535077346378097,41.05590543471318,-20.187792399249204,92.51821219827697,41.41193404910256,-4.521577597508797,50.65334554780899,38.64052579866997,-4.798867370463797,10.656505842886695,38.04813184064994,-4.941180618691882,7.090232412332032,46.176375109826914,6.522875740984621,5.282572560689584,48.2720948704374,9.533129342476482,4.525997673918939,30.165012063956645,-24.155061908402303,99.87306719297642,30.025282518882978,-23.753036490408896,109.78791617104567,29.85190578896186,-22.13089656776434,119.57688862076094,29.53690905470136,-20.437289990371625,129.35021215264186,29.5278652833084,-14.345289425360992,137.93697458513697,8.958967081748277,-17.641350887570997,141.36937818191737,1.6107991775507404,-9.180696969835248,113.87995320837483,-1.7210638007244743,0.22318225319236795,92.56617252796272,-5.837013645272848,5.260437377831551,83.54212252160069,-5.837013645272848,5.260437377831551,83.54212252160069,0.7882631504639299,2.5624011279658276,87.60965967915025,0.7882631504639299,2.5624011279658276,87.60965967915025,29.5278652833084,-14.345289425360992,137.93697458513697,48.382783563413284,-21.57268030587583,144.09991759564892,57.46682457297629,-12.343280478291375,117.38765263366636,55.25100432128209,8.838369594066668,107.37569263252992,56.32582532185385,19.90879890811693,107.1786762621172,56.32582532185385,19.90879890811693,107.1786762621172,51.36647160911088,13.37248178052961,106.54628404736815,51.36647160911088,13.37248178052961,106.54628404736815,29.312419707759037,-17.982182678203046,141.93402571858624,29.558257698649967,-16.73574996293214,149.2723143931368,29.829529681204328,-14.0148696700477,156.19963230454914,30.186960257248472,-10.1130763752134,165.10377701103806
2.13333248,30.7824,-20.2074,91.5559,20.52543751289423,-20.590722246660494,90.62888360137472,20.67185645014423,-23.080799944022523,45.99703200628721,21.874726515274173,-35.44900300701778,7.877674242954825,23.10461327019505,-35.1338181674585,4.489824345072366,14.492042607573019,-24.08024315479932,2.3915710188843913,12.763504025011077,-21.80883007188296,1.8673122466629455,41.03936248710577,-19.824077753339505,92.48291639862526,40.924056452342704,-4.180515086625968,50.60822530888761,38.18949475336349,-3.658924846973114,10.611289230903154,37.58625493746833,-3.7410000529285186,7.044938823457729,45.51019383100808,7.894539849847398,5.436845361510432,47.55088322857088,10.95458570741688,4.731310279571472,30.169873430064076,-23.848075817347944,99.83861656816774,30.041240589569718,-23.436241453318914,109.75321313531816,29.870928082842838,-21.802772487919537,119.54035530397647,29.558021407062547,-20.095920536866384,129.31144147030608,29.529015934630866,-13.994085219275302,137.89117376132583,8.967102817128712,-17.326546824067222,141.33027501614234,1.7860846701445006,-8.802178368139707,113.81637230423556,-1.3066307643100528,0.7479964983203384,92.53161781888804,-5.256581944843962,5.880407907270364,83.48702276816618,-5.256581944843962,5.880407907270364,83.48702276816618,1.2892906536327096,3.0948900984626597,87.62356639964058,1.2892906536327096,3.0948900984626597,87.62356639964058,29.529015934630866,-13.994085219275302,137.89117376132583,48.427058884415814,-21.094863311944692,144.06919221279958,57.38803224779507,-11.670697748301068,117.38337610292875,54.87093298052628,9.71848141092372,107.89766429973237,55.84872936136004,20.798983841553127,108.01948775112105,55.84872936136004,20.798983841553127,108.01948775112105,50.94386796578543,14.240459630131944,107.2153449701623,50.94386796578543,14.240459630131944,107.2153449701623,29.332742584090315,-17.627262275771837,141.89258955326932,29.574344219483084,-16.383928745236787,149.23154464811236,29.84001472069326,-13.666648707618933,156.16049261186922,30.18995298105324,-9.77668857995129,165.07011066796412
2.14166581,30.7578,-19.9165,91.5054,20.503554642145705,-20.36141522599806,90.5758423672527,20.634231844492316,-22.95023772213976,45.94956060636366,21.879742064563914,-35.458885295735286,7.877428805513844,23.109790613823186,-35.142074004669794,4.489789359539911,14.480101169126845,-24.10238147823608,2.3887872153477154,12.745992977231134,-21.834115579481512,1.8693174123299454,41.01204535785429,-19.47158477400194,92.43495763274728,40.424791294822,-3.861898686817687,50.55158461701444,37.691724031194454,-2.538691837753924,10.57303728651383,37.07478674661692,-2.5608866595762594,7.00815501350924,44.79086428278288,9.239027317294951,5.599347505609536,46.775353012179544,12.347012765536896,4.944897693925007,30.164410151490593,-23.55248721813632,99.7915684988742,30.046799625185503,-23.13069471338368,109.70588329554253,29.87942184040869,-21.48580179780575,119.49116259732257,29.568448326990122,-19.765623147763364,129.25997316597883,29.519234726500123,-13.653984305417023,137.83263263829258,8.964467272233357,-17.023420435851886,141.27841613467422,1.9506853664385524,-8.4358961396673,113.7410231665593,-0.9025529072506551,1.2590473266107178,92.48829146498201,-4.685570661207946,6.485181442215361,83.42602024250024,-4.685570661207946,6.485181442215361,83.42602024250024,1.7792920006029682,3.6126241620390758,87.6298894352551,1.7792920006029682,3.6126241620390758,87.6298894352551,29.519234726500123,-13.653984305417023,137.83263263829258,48.45980551326682,-20.62729888610496,144.02558434731188,57.29600860460264,-11.009288855121579,117.36733760052505,54.478382736279464,10.571227876786956,108.41447301481998,55.36129106721353,21.651587599816647,108.85556497608499,55.36129106721353,21.651587599816647,108.85556497608499,50.509750186370795,15.076735562044151,107.87964360800528,50.509750186370795,15.076735562044151,107.87964360800528,29.34220711563936,-17.283329854217655,141.83842085091612,29.579565094204526,-16.043064609949642,149.1780335666098,29.839587340221506,-13.329363714377774,156.10859828988083,30.18196670735798,-9.45121567109374,165.023657718159
2.14999914,30.7308,-19.602,91.4465,20.479624189847865,-20.108228164950884,90.51445795998131,20.595359872138076,-22.796089329512828,45.89399057267255,21.884513917761886,-35.44498667634716,7.869679172649818,23.114773405075166,-35.12659157716005,4.482264819741498,14.468300822037504,-24.10059147215798,2.3783649753400744,12.728698592692192,-21.83544935220619,1.863655790482126,40.981975810152136,-19.095771835049117,92.37854204001869,39.92333301766412,-3.5310136939253933,50.48771151953084,37.156471293164415,-1.405008321782716,10.546137226006572,36.52300212151647,-1.3677866007356367,6.9842808005376895,44.02858681616982,10.588922383536952,5.774375987422001,45.95594621114952,13.742862208757513,5.171032833759685,30.156420361891083,-23.233177561246045,99.73611642686373,30.049773262743543,-22.801253572020936,109.65011900423758,29.88528280622614,-21.144817346622748,119.43349985961183,29.576171759410794,-19.411198745026763,129.19999339339032,29.506828727213836,-13.289772246158098,137.76552728853278,8.95916617909332,-16.695570646216993,141.21793078562317,2.113266951700928,-8.045099075348,113.65800105040839,-0.4996082678883407,1.7932054317713906,92.44026908509102,-4.114524836953702,7.111819522682571,83.36319999966913,-4.114524836953702,7.111819522682571,83.36319999966913,2.2675937477563806,4.152338887430673,87.63269499252615,2.2675937477563806,4.152338887430673,87.63269499252615,29.506828727213836,-13.289772246158098,137.76552728853278,48.488943859793466,-20.135790460478024,143.97329085866747,57.19922165540977,-10.325393649745518,117.34372276642904,54.08329179323731,11.430282522259997,108.92986291301735,54.874250875438086,22.500264694109944,109.69034912332779,54.874250875438086,22.500264694109944,109.69034912332779,50.074385660644325,15.915206683096777,108.54280580598935,50.074385660644325,15.915206683096777,108.54280580598935,29.348920998193602,-16.9151544411571,141.77570137219794,29.582088007937124,-15.677928732930077,149.11596139449753,29.836555639523752,-12.967777785949757,156.04812120018266,30.17151118626231,-9.101409163540321,164.9685774073369
2.15833247,30.7028,-19.2675,91.3808,20.455061542591388,-19.83513600475193,90.44633722136307,20.556717074118833,-22.622237552241728,45.8319243779008,21.890936222520605,-35.41099795891455,7.855981384806391,23.121433890737464,-35.09099908527161,4.468804676546231,14.458083664876257,-24.078823396197613,2.361932478941865,12.712974587770299,-21.816845824549176,1.8519696771005671,40.95053845740861,-18.699863995248066,92.31526277863692,39.42076496455916,-3.191304822643577,50.41814488610879,36.58484594885716,-0.2632592175454862,10.532196333255676,35.93203261959568,-0.16725704186853602,6.974935001415711,43.22445647165556,11.938851511674727,5.963376277596484,45.09374638950757,15.136794618079046,5.411118447576935,30.147441440461495,-22.893754937211014,99.67386667977534,30.051691398635082,-22.451548779027032,109.58752718856594,29.889988452620166,-20.783474325722924,119.36897691832912,29.58261389842751,-19.03633260656901,129.1331151668909,29.493002520554587,-12.905150788965088,137.6914807273492,8.95253186154341,-16.34750222500251,141.15042139424594,2.2748092108754383,-7.6346096819547355,113.56890139671755,-0.09724096495488954,2.345476702241138,92.38912906632336,-3.543131981203116,7.755133866730922,83.30012993013196,-3.543131981203116,7.755133866730922,83.30012993013196,2.7546394374685224,4.709115719195275,87.63353498352936,2.7546394374685224,4.709115719195275,87.63353498352936,29.493002520554587,-12.905150788965088,137.6914807273492,48.51592989819553,-19.62335363655141,143.91393790467728,57.098828500462105,-9.621774547706623,117.31414488005407,53.68641475422082,12.292627593766388,109.4448429131534,54.388113298663896,23.34208857435481,110.5244224711501,54.388113298663896,23.34208857435481,110.5244224711501,49.63843475426956,16.752709098951602,109.20564174342503,49.63843475426956,16.752709098951602,109.20564174342503,29.354225544890785,-16.526451120441877,141.70604819499397,29.583217503374588,-15.292236935402542,149.04694660941828,29.83213188274827,-12.585618165096477,155.98068787705063,30.159665856822745,-8.731013754619863,164.90650922978682
2.1666658,30.6904,-18.971,91.3005,20.44655445843947,-19.62550966095774,90.38027153143179,20.534082669170424,-22.46233583525357,45.76896289428064,21.93349144452485,-35.484645955361316,7.874822530562135,23.161668143458442,-35.166142341028134,4.486662663104093,14.477625415411492,-24.17171353572452,2.372307408525289,12.7272967947901,-21.913575651961906,1.8632167460203526,40.93424554156053,-18.31649033904226,92.22072846856821,39.03921319433536,-2.9033175475026898,50.303344733999154,36.15128959580927,0.4797867935408444,10.457149407510471,35.484922976155396,0.6235581030879793,6.904013442990934,42.45950349585725,12.930450157559385,6.093954473665767,44.2431226170512,16.18503609822511,5.591513626468467,30.17792957585064,-22.607628802958395,99.59178506133793,30.10142815817138,-22.174518760115916,109.50601434375227,29.949490345596313,-20.514790096362916,119.2890401897892,29.65470118504731,-18.76977253520413,129.05394633897825,29.544935887582156,-12.632890877031123,137.60799081156853,9.020542933850798,-16.142620769098617,141.0945476812539,2.5246943978596734,-7.364850588119651,113.49017440296015,0.3753155390484384,2.7420679891753643,92.346809731432,-2.8959063537049077,8.227667209831383,83.23880394808,-2.8959063537049077,8.227667209831383,83.23880394808,3.3132112243172447,5.09797352234218,87.63998868386997,3.3132112243172447,5.09797352234218,87.63998868386997,29.544935887582156,-12.632890877031123,137.60799081156853,48.62276651514091,-19.19241873634799,143.8316522458873,57.06624053191455,-8.975709449287567,117.26902211421996,53.34654234510881,13.067946715317156,109.91697678412586,53.9748895664946,24.086950736869454,111.3080882006756,53.9748895664946,24.086950736869454,111.3080882006756,49.26644088909061,17.504053782038017,109.81995867402561,49.26644088909061,17.504053782038017,109.81995867402561,29.437437820845666,-16.25199441625103,141.62549760435107,29.66440613687185,-15.015353694322998,148.96605048617744,29.906411150510852,-12.309944319885771,155.90050830150668,30.221804881077603,-8.464377904092899,164.83066430366281
2.17499913,30.6412,-18.5674,91.2111,20.402004122021367,-19.308685847826492,90.30504377978103,20.47620721786591,-22.195228443790914,45.6969002632408,21.943420143773114,-35.449980002040036,7.8860072950875235,23.169393742787673,-35.132971095525114,4.496909490168123,14.464822710899849,-24.156274320699055,2.374851040374011,12.709315448102064,-21.901972887714912,1.8665897056161138,40.880395877978636,-17.826114152173506,92.11715622021897,38.62318522456868,-2.514925199924331,50.180339517175625,35.6644416194075,1.3232981717623495,10.380607642225065,34.9823393596404,1.5143028132587273,6.832686620309914,41.63420933449905,14.010133952029987,6.226558755178656,43.33067913740572,17.3182839867014,5.774665874587076,30.171680957660875,-22.21403187486659,99.50053488982138,30.114525927413617,-21.78977735479706,109.41527747070154,29.97244412754496,-20.138223644392358,119.19983480070859,29.690226142128097,-18.395112147486955,128.9654527718594,29.560202276246915,-12.252554051209446,137.51513788735673,9.052105876561406,-15.829474381327605,141.029197057774,2.7384738275418385,-6.98675847549195,113.40328264036017,0.8120196637463657,3.246139855788723,92.29906343337532,-2.2837114662441804,8.806324263075497,83.17496024683493,-2.2837114662441804,8.806324263075497,83.17496024683493,3.835102020904767,5.593304039456143,87.64208161365062,3.835102020904767,5.593304039456143,87.64208161365062,29.560202276246915,-12.252554051209446,137.51513788735673,48.69162434726472,-18.652995983432323,143.73992876358832,56.99367566298611,-8.222745191597731,117.21574104726866,52.96829014469601,13.934741085578054,110.38539877576369,53.52615734206596,24.913894803544384,112.08699469084718,53.52615734206596,24.913894803544384,112.08699469084718,48.85720260994633,18.342980064869906,110.4309476020685,48.85720260994633,18.342980064869906,110.4309476020685,29.483931214731587,-15.869212621077942,141.53555958242458,29.708817532451768,-14.630110682058517,148.87576148913809,29.943882942115764,-11.925892340918681,155.81092254848792,30.247120898928358,-8.089355016532496,164.7453821620594
2.18333246,30.5896,-18.152,91.1074,20.355801710678552,-18.979868247182583,90.21544621824434,20.417477843503864,-21.916127381283932,45.61052854539075,21.955009001816197,-35.40227450018841,7.88434912692216,23.17890018273245,-35.08676895382577,4.4943584969808565,14.454028057092618,-24.12774104877186,2.36436442011519,12.693395412655361,-21.877263191624053,1.8568879273302579,40.823398289321446,-17.32413175281742,91.99935378175566,38.20739800639653,-2.1213783095476906,50.04393777246209,35.15913510939826,2.1715046580245634,10.297440708852676,34.4591479032959,2.4091340988541234,6.755825257714022,40.78398984494797,15.081825329910778,6.356034843348407,42.391973261114636,18.440391788149878,5.955417446666433,30.163054288550235,-21.808257603783762,99.39491724253514,30.125337308760088,-21.392613656869898,109.31011752186532,29.993207697076546,-19.749060663380163,119.0961613784862,29.723552528349963,-18.00763361028535,128.86243482075315,29.573213755340248,-11.859421000213281,137.4077213402726,9.08159682257251,-15.503198566709468,140.94912069174453,2.950555644055478,-6.595387158012951,113.30300068161607,1.2473657144890697,3.762721730748476,92.2407067288581,-1.6720386126571418,9.396160515876423,83.10342558730838,-1.6720386126571418,9.396160515876423,83.10342558730838,4.354812647492093,6.1001184469835765,87.63461983627742,4.354812647492093,6.1001184469835765,87.63461983627742,29.573213755340248,-11.859421000213281,137.4077213402726,48.756844104985944,-18.100506126141592,143.63364873296428,56.91562864881605,-7.458416767050879,117.14918365472478,52.58665201495591,14.797427763158415,110.84451492507326,53.07716179429402,25.727427247029972,112.85522929310397,53.07716179429402,25.727427247029972,112.85522929310397,48.44582952490728,19.173933404912876,111.03285978457001,48.44582952490728,19.173933404912876,111.03285978457001,29.52808054803997,-15.473386055711707,141.431034236784,29.750832913410306,-14.231788516132905,148.7708794964563,29.978948333078613,-11.528743161160484,155.70672988892957,30.2700435760617,-7.701224709487462,164.64546059009822
2.19166579,30.5303,-17.7387,90.9951,20.30267653690599,-18.653324074479336,90.11717294747699,20.35274493938892,-21.639130981441426,45.51553001227323,21.963607009527877,-35.35547283549052,7.8754998685041,23.185522811554296,-35.041434446908845,4.484660517125866,14.440205153709863,-24.10030494322689,2.3465152350987903,12.674424128056948,-21.85369670829595,1.839781485399201,40.75792346309401,-16.824075925520667,91.873027052523,37.786113064871486,-1.736241686163801,49.89982484953749,34.629519549336855,3.0098508240872848,10.213362384966231,33.90951743869945,3.293361469408656,6.679142737255135,39.90297018518909,16.130905252605974,6.487949667067756,41.421114216217376,19.53674663387187,6.139299690285886,30.146877653590998,-21.404236227725903,99.28062559720885,30.128669108710014,-20.996993781663907,109.19622951625578,30.0065227486146,-19.3613079270332,118.98372107906576,29.749352847650464,-17.62139072308806,128.75060035577712,29.578413559271546,-11.467586139904402,137.29147330048696,9.103583911824298,-15.178618964075744,140.86002694670526,3.1551623612667807,-6.205669197142379,113.19508206736467,1.6751023960622202,4.2768418068070115,92.17752065335951,-1.067428515721407,9.982091219775022,83.03000108986015,-1.067428515721407,9.982091219775022,83.03000108986015,4.865969462300434,6.603571015833893,87.62335938415116,4.865969462300434,6.603571015833893,87.62335938415116,29.578413559271546,-11.467586139904402,137.29147330048696,48.813090132405875,-17.548410854539938,143.5184931942078,56.826462206853094,-6.695840408614433,117.07507616174593,52.195511262316145,15.642732457707666,111.29978760745615,52.62158515035289,26.51438271659089,113.61800729534632,52.62158515035289,26.51438271659089,113.61800729534632,48.02613520904314,19.98349780350529,111.63106672182353,48.02613520904314,19.98349780350529,111.63106672182353,29.564458908708016,-15.078627035207042,141.31763971684128,29.784976875454557,-13.83452226139597,148.65712788977422,30.006029593374222,-11.132664720282337,155.59366975340683,30.2848507624191,-7.314200431902821,164.53666308452716
2.19999912,30.4681,-17.3058,90.8697,20.247943089273654,-18.32250828814379,90.01748418991885,20.272993745144067,-21.317818316023374,45.41645737941229,21.980587177570452,-35.3659149115458,7.903261215896649,23.199962778513644,-35.05556053688006,4.5111684769594795,14.422895185976651,-24.14354860299751,2.354402140324531,12.648076716089456,-21.9034515208308,1.8504232257700917,40.688256910726345,-16.289091711856212,91.72191581008114,37.3872217869969,-1.4065602418495047,49.70004618953517,34.14603770239627,3.3968291613590695,10.027297914921341,33.434236643103176,3.68210881384604,6.4915597154124836,39.0275796871661,16.700148141564686,6.41588506045145,40.446430338740676,20.153530501615126,6.120780463030701,30.14518009582919,-20.997267968517953,99.14628685252539,30.15757488608329,-20.617580669687676,109.06299310836869,30.0559604005505,-19.009115358218793,118.85522946573523,29.818797617326684,-17.29140930123457,128.62654558775552,29.62210873220213,-11.149222364644071,137.17522354779388,9.18028469276252,-14.993512072438625,140.79161061545324,3.4178859370968873,-5.929101611543629,113.11711070638314,2.131153334752372,4.661921757084132,92.14126637402683,-0.44636792788114965,10.422183089607032,82.98024927151154,-0.44636792788114965,10.422183089607032,82.98024927151154,5.3985279524529535,6.970650784344656,87.63241733033611,5.3985279524529535,6.970650784344656,87.63241733033611,29.62210873220213,-11.149222364644071,137.17522354779388,48.91922715531837,-17.06164419895923,143.37114780954383,56.78438693106383,-5.951436423758869,116.99029743405606,51.86855447440073,16.443701225496667,111.68898597660376,52.219868629671154,27.249618863518684,114.30760836164811,52.219868629671154,27.249618863518684,114.30760836164811,47.67011019780249,20.74604151682243,112.134653999278,47.67011019780249,20.74604151682243,112.134653999278,29.65283656109758,-14.764905667830114,141.1971282139431,29.879182129426763,-13.520728179555308,148.53642665206837,30.09546846791329,-10.81735510730957,155.4725282772279,30.359264056006143,-6.997603582922715,164.41542773244078
2.20833245,30.4275,-16.8382,90.74,20.215942717792835,-17.957163587907825,89.91320306535503,20.216902697293744,-20.96188211796762,45.31280208191594,22.026351438762692,-35.33946476403955,7.929439576686853,23.24339662961434,-35.03275154789118,4.536178925032637,14.43452708043252,-24.15017868795402,2.360406369443133,12.650683657613728,-21.916657441979382,1.859112272583784,40.63905728220716,-15.719236412092176,91.56679693464496,37.017210241413665,-1.0470225188487046,49.49742011808148,33.68787434077784,3.814261022817087,9.839025994286374,32.98383372638552,4.1021136982408315,6.301942804122836,38.17085284267739,17.287474753563796,6.342532556465437,39.488473390963705,20.784863732912125,6.1012442694175135,30.165388834990804,-20.554952184058415,99.00741518819362,30.208674720871254,-20.202423597337788,108.92503733102747,30.127853800378457,-18.6208694808883,118.72184975119518,29.910845032996903,-16.925065915799774,128.49745901629535,29.688290123359348,-10.79463386316658,137.0539369077086,9.2805053718718,-14.772442446859458,140.71786229565683,3.7037873445557423,-5.616333497245776,113.03551039798361,2.6100460575297495,5.0828151162357,92.10363396074818,0.197828553197132,10.896861868426168,82.93158250504871,0.197828553197132,10.896861868426168,82.93158250504871,5.953004843738634,7.372747236973923,87.64084069322837,5.953004843738634,7.372747236973923,87.64084069322837,29.688290123359348,-10.79463386316658,137.0539369077086,49.04635090957535,-16.537613344333582,143.21905313662603,56.76044798812579,-5.171464320791808,116.90270680440621,51.55927152539103,17.266754902173446,112.07719297211366,51.83718698463708,27.998032391543113,114.99453890198278,51.83718698463708,27.998032391543113,114.99453890198278,47.332206652952465,21.527460139350982,112.63754978574569,47.332206652952465,21.527460139350982,112.63754978574569,29.763776078478564,-14.414514657429311,141.07147247045197,29.995792493085872,-13.170171819459803,148.41056579234444,30.207107511548955,-10.46526513561606,155.34622274011582,30.45560860374326,-6.644257130844132,164.28902350503546
2.21666578,30.319,-16.3542,90.5801,20.11713770031527,-17.5752181414774,89.77841731560768,20.094858037525096,-20.589032284529353,45.1786355876915,22.010772155799632,-35.293582576963885,7.927994606915618,23.225698960149437,-34.99047470418541,4.533651029560479,14.385326159714925,-24.13735799956043,2.3386048922030405,12.592541032446286,-21.91041518418583,1.8399492300514655,40.52086229968473,-15.1331818585226,91.38178268439232,36.58726032138964,-0.6756369704220635,49.2661053951107,33.166347996056004,4.244279492602499,9.622738225441068,32.469604126452914,4.535527576990847,6.084488322295359,37.24505100353973,17.874598855545415,6.242113034070905,38.45977709020893,21.412319773901988,6.054910315640755,30.11786221508264,-20.09559922041629,98.83810087305923,30.192326906262146,-19.769858857691254,108.7564539251672,30.13260495766536,-18.214929910480727,118.55767876180789,29.93594504095345,-16.54074009319886,128.33744319523208,29.68761759312826,-10.422218606955417,136.90173359473596,9.314759822531048,-14.533133037921186,140.61280320339253,3.923892205349338,-5.284882702703873,112.92426525515165,3.023262273965172,5.521984326892241,92.03857654322923,0.7768505129982852,11.388633471937744,82.857916281571,0.7768505129982852,11.388633471937744,82.857916281571,6.440969903354588,7.792196139753719,87.6225716522381,6.440969903354588,7.792196139753719,87.6225716522381,29.68761759312826,-10.422218606955417,136.90173359473596,49.104902690374466,-15.995431817809404,143.0363340543114,56.66540393470456,-4.375229167070247,116.78644961779933,51.17948042508659,18.092758046227964,112.43838153304159,51.3859378784361,28.74052399139135,115.65255584814015,51.3859378784361,28.74052399139135,115.65255584814015,46.92446460850984,22.308742749910536,113.1136590252596,46.92446460850984,22.308742749910536,113.1136590252596,29.80780168321322,-14.045865029857833,140.9147834920431,30.04537007797477,-12.801295635536906,148.25366077559474,30.251599666448676,-10.094867262698088,155.18887716169482,30.48466624326497,-6.2726717721300975,164.13158604038773
2.22499911,30.2675,-15.8553,90.4199,20.076451488719705,-17.17839156273603,89.6430256424952,20.031846216593944,-20.20116262420529,45.0438668193779,22.05911684466652,-35.23014117440306,7.928846177752909,23.272131296019552,-34.93059169110364,4.533502912122208,14.400332167963349,-24.107139681701433,2.3188634760991826,12.59864202227201,-21.88681705317996,1.8227885532354857,40.45854851128029,-14.532208437263968,91.1967743575048,36.22202123186524,-0.29369781276724183,49.035883071185125,32.70596363574442,4.68529642413199,9.408219311386155,32.01601283257746,4.980716625580609,5.8689842757625925,36.37476509076546,18.459811540658322,6.144374947476763,37.484983504017784,22.03414156519254,6.011508209017912,30.12757567355105,-19.620692533683844,98.66825396940781,30.233496686515608,-19.321358689075318,108.58715305291928,30.19514153708402,-17.79275724496691,118.39262527754883,30.018984906820254,-16.13988604986595,128.17640597288434,29.744842532235225,-10.033428484821815,136.7485156146687,9.407887469838347,-14.277452315861147,140.50637529161514,4.202683803255508,-4.936701653085311,112.81336257206357,3.4949407463133992,5.977508872928649,91.97612161748428,1.414610582212056,11.895537704413723,82.78930377946739,1.414610582212056,11.895537704413723,82.78930377946739,6.986470147266011,8.227178758117178,87.60760995303158,6.986470147266011,8.227178758117178,87.60760995303158,29.744842532235225,-10.033428484821815,136.7485156146687,49.21974870805833,-15.436160629361904,142.8528995850002,56.62403244561932,-3.563717361688827,116.67144823429058,50.85373096252914,18.920576525263435,112.8021264023143,50.99058262810773,29.47605449147521,116.31091784058904,50.99058262810773,29.47605449147521,116.31091784058904,46.57139540410175,23.08863636361585,113.5924210697909,46.57139540410175,23.08863636361585,113.5924210697909,29.909742671875808,-13.660403033086128,140.7569680170541,30.1527139197834,-12.415533279578622,148.0956174685535,30.353681255009715,-9.707583718618501,155.0303945239438,30.57108571412704,-5.884255701899722,163.97301375234267
2.23333244,30.1963,-15.3332,90.2563,20.017250604526758,-16.743585337989884,89.47569676345856,19.89773955268847,-19.682820210932476,44.87109254236758,22.025339345324586,-35.14751095132321,7.941139399742987,23.24138483817261,-34.86008029568946,4.545832812536767,14.347013426561404,-24.067059491909692,2.2739569089076674,12.537388628636325,-21.853789316609113,1.7752550874155342,40.37534939547324,-13.922814662010115,91.03690323654143,35.890015728472086,0.33162146259549097,48.90714018338382,32.439792506249525,4.931734741878834,9.227930296787065,31.799489781914204,5.102423071062385,5.671194748691129,35.715774029487655,18.719347138758696,5.619642573169792,36.69922651285313,22.321792690439544,5.334544555398444,30.09082027309428,-19.12955352085622,98.49096313375323,30.228500909473027,-18.852590842511216,108.41012210805998,30.21646112803548,-17.355739800510385,118.2205589506335,30.07186673811546,-15.729598808158608,128.00933502202244,29.7764639630455,-9.640087992920854,136.59278636618367,9.491037990699233,-14.097069367240262,140.3824827906258,4.47013619121136,-4.638949554095511,112.69527931392744,3.9010397078999564,6.3720350961834935,91.90475626942462,1.9725322313430829,12.334053618304743,82.71325721401416,1.9725322313430829,12.334053618304743,82.71325721401416,7.458539399201653,8.596739649531697,87.57687319461772,7.458539399201653,8.596739649531697,87.57687319461772,29.7764639630455,-9.640087992920854,136.59278636618367,49.3261555665692,-14.876727029852109,142.60212565133,56.5480218730123,-2.7289344730438643,116.49613965791048,50.52250225048118,19.76144562283503,113.07745297127374,50.59641034289491,30.23382546893805,116.8287539167692,50.59641034289491,30.23382546893805,116.8287539167692,46.21383297459077,23.88044599374956,113.97461033088463,46.21383297459077,23.88044599374956,113.97461033088463,29.996715053373332,-13.271693939457165,140.5943803983528,30.251138113354497,-12.026944587384817,147.93266217677785,30.44937114682778,-9.322455297879836,154.86886811734024,30.651779956648156,-5.488373832643603,163.8072343258841
2.24166577,30.1414,-14.8285,90.1084,19.975111709866034,-16.32599156812258,89.32374962226046,19.78038666879278,-19.18285912689308,44.714059058885965,22.014303118703364,-35.0804305560054,7.974684817602402,23.233669513270584,-34.80505933290263,4.579569778478245,14.316664599510522,-24.043082750608196,2.2498821577605783,12.499098307760303,-21.83695039210352,1.7484411574903944,40.30768829013397,-13.331008431877423,90.89305037773954,35.57679158996975,0.9334527594771576,48.79355078946991,32.221836276721476,5.160176993146896,9.064671409494743,31.63954159796044,5.209020388046887,5.494232070497198,35.11652617465941,18.939545905751338,5.115011473661484,35.97664503540097,22.558228897788037,4.677515681520603,30.070611851006504,-18.655462417124983,98.32925461800505,30.24013461323626,-18.400298244730536,108.24850521059582,30.25466329838979,-16.934638284867773,118.0636470251476,30.141775581955777,-15.334560190520186,127.85713391674383,29.825062545931843,-9.261932908375286,136.45177948773522,9.593339984838646,-13.931510234228295,140.27243893982356,4.7560818929894575,-4.3539444103100085,112.59360426996523,4.324946698486776,6.75511174773983,91.85199160456825,2.5481924753024834,12.760460887045602,82.65811391469767,2.5481924753024834,12.760460887045602,82.65811391469767,7.947472651622548,8.954320249441757,87.56521262759735,7.947472651622548,8.954320249441757,87.56521262759735,29.825062545931843,-9.261932908375286,136.45177948773522,49.44756354751759,-14.33118022599287,142.3666061898114,56.48452025904952,-1.91122521768615,116.3383008382972,50.20617830963606,20.574069455458257,113.37090331384944,50.21986262448552,30.95746682885889,117.3625611845152,50.21986262448552,30.95746682885889,117.3625611845152,45.87227415729446,24.641700996746227,114.37456399113809,45.87227415729446,24.641700996746227,114.37456399113809,30.100635734129256,-12.897457948658463,140.44638136920236,30.366244999686135,-11.652539431456987,147.7842380798556,30.56151571071569,-8.951358616201908,154.72181712842954,30.74847952583904,-5.106430345237124,163.65585941674283
2.2499991,30.1215,-14.3297,89.9903,19.968729076221074,-15.9140844852778,89.20128594304022,19.698504310974016,-18.68977821958576,44.58686445043795,22.044677652767458,-35.01729514472059,8.043569013385572,23.267662849236526,-34.753912526274064,4.648804419320504,14.327971527067746,-24.023600035365,2.260735343313475,12.502456477145635,-21.82469248040229,1.7564431144066688,40.27427092377893,-12.745315514722202,90.77931405695979,35.301279669369656,1.523443576497483,48.709182440451805,32.070727815840385,5.383570892970338,8.932710355659282,31.554561626589187,5.313972391838537,5.352456404147726,34.59720935654382,19.134339710485367,4.645135423912768,35.33843498947757,22.757731589733183,4.055483433258145,30.085640104102456,-18.18691227781919,98.19723185460968,30.28708110352951,-17.95298564447723,108.11640918412462,30.32842703532165,-16.517969254814144,117.93600171720473,30.24738475971163,-14.943299817084158,127.73392125922196,29.909320129081124,-8.887510579146738,136.3396269686451,9.733464427655058,-13.769271643460858,140.19037293094644,5.079084979497413,-4.070153446147849,112.52251107305942,4.785122212212177,7.138256544723632,91.83201485842062,3.1599672305622803,13.186262660872885,82.63805194053239,3.1599672305622803,13.186262660872885,82.63805194053239,8.471698695014325,9.31143624645065,87.58676691125054,8.471698695014325,9.31143624645065,87.58676691125054,29.909320129081124,-8.887510579146738,136.3396269686451,49.60264515199381,-13.788100075594587,142.16046547948065,56.45236625610495,-1.0991504817469036,116.21208208781852,49.92382057884157,21.369962282810764,113.69641812904392,49.88008678999259,31.658584485473707,117.92617005527413,49.88008678999259,31.658584485473707,117.92617005527413,45.56582153154271,25.383940185979274,114.80615323667868,45.56582153154271,25.383940185979274,114.80615323667868,30.240173110715016,-12.526250501526617,140.327099247398,30.516703949092,-11.280894918516191,147.664478321004,30.708788929350654,-8.582891291104737,154.6033825060561,30.879865332453814,-4.727052676434747,163.5330399422807
2.25833243,30.1251,-13.894,89.896,19.986657618444582,-15.565410024691543,89.10230647272296,19.640760243063113,-18.261166839029674,44.48350603553445,22.105672968105583,-35.01544387497603,8.141750630068913,23.33256020811504,-34.763934641416114,4.747493620157012,14.369753493529414,-24.0662341347966,2.3004830628337807,12.536203194455407,-21.874705820681058,1.7932284580291418,40.26354238155542,-12.222589975308457,90.68969352727704,35.05161454396094,2.0447145655711108,48.64800074970795,31.97405667102401,5.5464587857003895,8.82625788672523,31.531862837536508,5.362322811566157,5.2401669229799905,34.14628710050458,19.249482198341642,4.204719705833039,34.77386800097325,22.866518856818885,3.4635978236849616,30.124535804638487,-17.781095657143293,98.08889875370136,30.35794836892715,-17.56779661456405,108.00784028663051,30.426295324332276,-16.162830599552557,117.83162663562801,30.377165432588665,-14.612875343172465,127.63369804923019,30.017489248354583,-8.573856130656605,136.25030537110342,9.899831030475582,-13.668040581424396,140.1302668979953,5.427124361738847,-3.8455261678790826,112.47597559825067,5.269084558615119,7.463422784272433,91.8387713482012,3.7950957133768597,13.553316019507314,82.64698054888372,3.7950957133768597,13.553316019507314,82.64698054888372,9.018637908815753,9.610151808989364,87.63542857358276,9.018637908815753,9.610151808989364,87.63542857358276,30.017489248354583,-8.573856130656605,136.25030537110342,49.7797731880767,-13.303910729897108,141.97775731887256,56.43959252343274,-0.34906078788865,116.11145895516268,49.66295274527545,22.092626783650587,114.0476482810655,49.564357371913985,32.28081161520684,118.51302952136994,49.564357371913985,32.28081161520684,118.51302952136994,45.28190782464776,26.05055529364181,115.26293986160942,45.28190782464776,26.05055529364181,115.26293986160942,30.403693358969427,-12.21507670532723,140.23052976220745,30.690829250316906,-10.968979642666538,147.56737558264203,30.879404590996263,-8.273978189095509,154.50754258413684,31.03400865559562,-4.407111258284091,163.43273043700617
2.26666576,30.1398,-13.4656,89.8161,20.011568173035858,-15.180226531008785,88.98510618026887,19.58740921620444,-17.65101124789085,44.353957703984264,22.151008282791665,-34.91167143755207,8.256833866580862,23.392707563765445,-34.687931285805675,4.866020824886336,14.406628333949069,-24.043129684595584,2.277751142967966,12.563823553534498,-21.863299488205964,1.7538989299448764,40.26803182696415,-11.750973468991216,90.64709381973114,34.9555300176116,2.766641126506233,48.70379526999586,32.042272364121835,5.717812307785823,8.825125555558692,31.622946660040807,5.485856877788869,5.239061909164239,34.24085680348818,19.358809169463555,4.035607633442257,34.87487517886309,22.96925194758738,3.2682763717433225,30.130865010389737,-17.37772884385286,97.99707005431235,30.384696471948114,-17.184980558111754,107.91593071105449,30.48450695418146,-15.801510519001479,117.7424981462742,30.486938026384287,-14.260565053549865,127.54611279612617,30.112931592038176,-8.22100062652532,136.16172783307434,10.060820399747108,-13.52896249870912,140.09407653778484,5.773792067763111,-3.6657540179596957,112.42486570360964,5.745411881695814,7.716879908402605,91.82762458487083,4.348047120767653,13.847232926366754,82.6507730315919,4.348047120767653,13.847232926366754,82.6507730315919,9.527355120591675,9.864397357988924,87.6538061348191,9.527355120591675,9.864397357988924,87.6538061348191,30.112931592038176,-8.22100062652532,136.16172783307434,49.94577750635274,-12.743907664679536,141.81208390178995,56.41691097644189,0.42187713550240424,116.00446363475272,49.4216047458396,22.82501876612927,114.27922798181416,49.29338996293921,32.93530854907657,118.91755335905337,49.29338996293921,32.93530854907657,118.91755335905337,45.02630219318171,26.737913256596823,115.58546627920389,45.02630219318171,26.737913256596823,115.58546627920389,30.555809896730867,-11.85621894433364,140.14153607984997,30.86040590136675,-10.606061104894945,147.47698686033715,31.054297805304138,-7.904815553433509,154.4145793752372,31.20953355557101,-4.0257875878643805,163.33447760282766
2.27499909,30.1216,-13.0337,89.7463,20.003872588473406,-14.791278366217536,88.8779192524892,19.500261598638854,-17.03787383675354,44.23574987181635,22.164140690985217,-34.801530854648554,8.390791827177097,23.420662082398614,-34.60540082098025,5.003731620092816,14.411284892715331,-24.0155988957153,2.274669723090611,12.559150565132533,-21.847740595909023,1.734300303664928,40.239327411526595,-11.276121633782463,90.6146807475108,34.82332083890779,3.48869520686754,48.77102939252735,32.08996855797321,5.89094178341258,8.842809091795353,31.694847868909537,5.61147663900452,5.2573846095708525,34.3181566378195,19.468037066551407,3.888244287798904,34.959032104329786,23.071739923777475,3.0953521306640956,30.104410420268238,-16.970843175791487,97.91524797915663,30.3787190382333,-16.79827317360385,107.83393506046205,30.510059966067416,-15.43580512089568,117.66306571410713,30.563936107969223,-13.903111092809638,127.46782605885821,30.175177163186994,-7.863043612690608,136.08243533986803,10.191045551452042,-13.384605740696056,140.06638115167718,6.089302106630378,-3.4756042675072507,112.38544706055221,6.189419576558981,7.984220329054445,91.83127719290115,4.868173130386518,14.156433538121266,82.67122518643517,4.868173130386518,14.156433538121266,82.67122518643517,10.003346906603362,10.133236364387901,87.68744144404235,10.003346906603362,10.133236364387901,87.68744144404235,30.175177163186994,-7.863043612690608,136.08243533986803,50.07607923449862,-12.17761768284305,141.6559024996558,56.35645606988384,1.1971074316333343,115.90866349121548,49.144877635365546,23.55518905446452,114.5227252279407,48.98938611474761,33.58467314189684,119.33247908420213,48.98938611474761,33.58467314189684,119.33247908420213,44.73636520806309,27.42158650097085,115.91974894873758,44.73636520806309,27.42158650097085,115.91974894873758,30.674637903882132,-11.491638968159519,140.06158874314033,30.996418644188616,-10.237222619492195,147.39557867235786,31.195283941644416,-7.529616981844576,154.33055061223956,31.350648140435343,-3.6383368079986607,163.2451084285739
2.28333242,30.0884,-12.6001,89.6826,19.981508030950522,-14.400571323999465,88.77672332659529,19.397360976415285,-16.423519583856255,44.12484145352503,22.16356291487609,-34.68639293758055,8.539446087005878,23.434922253606068,-34.5176738069133,5.1564490236948615,14.402029198391018,-23.985142471486775,2.287095835029173,12.540451103029445,-21.829566055389932,1.7302946190309718,40.19529196904948,-10.799628676000534,90.5884766734047,34.67266433416183,4.209288355830719,48.84572765291036,32.13471037781491,6.064991446400068,8.875489531964497,31.765127402833976,5.738386508757876,5.291326103364739,34.39560923053208,19.576499998647705,3.759091984478455,35.043705002590364,23.173353025553492,2.941354989669694,30.063140773432266,-16.562272266682367,97.83941652699791,30.35795341205624,-16.409509462658214,107.75784019581818,30.520833420171467,-15.067549368159648,117.58931985292625,30.625971622412017,-13.542349155166097,127.39483306280538,30.221892900317954,-7.501841864778565,136.00842893254097,10.308295516276942,-13.237220874529287,140.0431601108013,6.3911443127915115,-3.277503651552701,112.35369133786568,6.618356900619062,8.262969767288407,91.84570874695845,5.37258939702434,14.478399699743282,82.70432182195657,5.37258939702434,14.478399699743282,82.70432182195657,10.463818599220065,10.414241292728768,87.73229879159025,10.463818599220065,10.414241292728768,87.73229879159025,30.221892900317954,-7.501841864778565,136.00842893254097,50.188399162135745,-11.606515551492928,141.50527079513677,56.275729252034054,1.9752260559856545,115.82011109299935,48.84992781614087,24.281612906071707,114.77412783835584,48.66932805043341,34.227417717735435,119.75376750441372,48.66932805043341,34.227417717735435,119.75376750441372,44.42919957353304,28.099971183220124,116.26173940890834,44.42919957353304,28.099971183220124,116.26173940890834,30.777901271318996,-11.123183937094641,139.9866902837659,31.116546109842908,-9.864315498246636,147.31915790589105,31.31996979534276,-7.150277729684111,154.25148286202906,31.47485873570935,-3.246712244459947,163.16067622647677
2.29166575,30.0505,-12.1673,89.6301,19.954767921857552,-14.01057033869303,88.68663665950392,19.288961168479663,-15.810683762203665,44.026359059833155,22.159458410777496,-34.5688966737639,8.707886929281756,23.445671660037625,-34.42738138851435,5.329260174952647,14.389076743474384,-23.954369645715175,2.3201615470457044,12.517947509464065,-21.81138208892171,1.7470210704081435,40.14623207814245,-10.324029661306968,90.57356334049608,34.51387840942943,4.9257996192847635,48.932917316288645,32.186653949364214,6.237728740259904,8.928321980452388,31.843920367278745,5.86438671214717,5.346054644622253,34.4834367775685,19.68207794207932,3.6534462451195138,35.13911671544624,23.271989731044698,2.811608501779365,30.017353604788664,-16.15449624252441,97.77468534208978,30.33271617737109,-16.021197193135997,107.6927575767353,30.5271662736196,-14.699278197768601,117.5263783936143,30.683401953683855,-13.18084402691872,127.33226066506087,30.263479787424096,-7.139993688834583,135.94485808472194,10.422972779490529,-13.089326777506656,140.02954978767463,6.689390962243616,-3.0738225243007644,112.33484337998837,7.042019922635835,8.550816818292505,91.87622868566154,5.87096379980011,14.81084358479409,82.75541987992965,5.87096379980011,14.81084358479409,82.75541987992965,10.91851696904591,10.705115981717858,87.79364958953386,10.91851696904591,10.705115981717858,87.79364958953386,30.263479787424096,-7.139993688834583,135.94485808472194,50.29311344566467,-11.033279088903779,141.36529101487469,56.18511518846652,2.753613075370284,115.7439592471172,48.54726678305023,25.001694360988317,115.03851393781778,48.343796597582426,34.86100703862626,120.18642751897447,48.343796597582426,34.86100703862626,120.18642751897447,44.11535435186622,28.770489326406558,116.61649461686767,44.11535435186622,28.770489326406558,116.61649461686767,30.875987916739405,-10.75346282141188,139.9219803749506,31.23119578585863,-9.489973299288014,147.25286934558022,31.43878655951945,-6.769431875331082,154.1825209914947,31.592628376206743,-2.853549517238689,163.08632571416348
2.29999908,30.0097,-11.7281,89.5933,19.920767247494737,-13.603681500932808,88.6408270298926,19.095591789246242,-15.067914482039432,43.970935497786286,22.098611649767275,-34.35718988866811,8.950791213466928,23.420127899792973,-34.277955590488006,5.583773754274012,14.364729001156407,-23.895012756607727,2.273968639928785,12.483953443704602,-21.770666532918284,1.6641762906095683,40.09863275250526,-9.852518499067191,90.5457729701074,34.53156369684448,5.477847292804567,48.925925192071105,32.19199578503624,6.296934814276298,8.908925088262642,31.867992508147527,5.906368980042642,5.3267511604229085,34.486372399287085,19.72180025795336,3.5836199688592183,35.141334505677534,23.3145270844952,2.753311466771489,29.989513175690828,-15.747530104894775,97.72206848473924,30.321804963904263,-15.641617385130226,107.63991823676099,30.537076445664663,-14.341503573784937,117.47601204004947,30.730335594250047,-12.829845496427115,127.28228145298357,30.301805248329508,-6.785118825251056,135.89173456914594,10.537557316210915,-12.925501352220614,140.0624892898449,6.97854497787864,-2.97972081148351,112.3197136130837,7.460876771957974,8.693596175862371,91.89148488924762,6.292072958794453,14.987149021520263,82.79348779889253,6.292072958794453,14.987149021520263,82.79348779889253,11.343737752224579,10.900877911691172,87.84340086602137,11.343737752224579,10.900877911691172,87.84340086602137,30.301805248329508,-6.785118825251056,135.89173456914594,50.384387348936116,-10.465112010106543,141.2650515309315,56.081550364522535,3.4526313434928078,115.67041390589029,48.27235885762251,25.648120696071178,115.23649842086985,48.02435166144456,35.45336926948777,120.48474133398085,48.02435166144456,35.45336926948777,120.48474133398085,43.8212961555525,29.366640829892734,116.87855053609184,43.8212961555525,29.366640829892734,116.87855053609184,30.961339655469963,-10.390167895912157,139.86897766655946,31.335986017584567,-9.11056579195376,147.19610330089927,31.55797012363639,-6.376157457055378,154.11984835810628,31.734141437490642,-2.446360857423724,163.017106522288
2.30833241,29.9768,-11.2752,89.579,19.894783693956718,-13.183036646246329,88.61739647155551,18.908214811830216,-14.312702509869522,43.94106449222461,22.05146283737889,-34.12716385725888,9.227783272312571,23.4088863055746,-34.109360370516534,5.874192002129017,14.35648971678307,-23.824122801362282,2.2646816273976333,12.466057953624034,-21.71925440524347,1.6183016549668383,40.05881630604328,-9.367363353753671,90.54060352844448,34.55568151367101,6.0420890364551205,48.941464273636925,32.187446686214216,6.366258660923064,8.919081066903807,31.88107269417448,5.958061019385594,5.337321791625123,34.47620448326639,19.771082056367867,3.5411308693872368,35.12948573990347,23.366619166814523,2.721734685159121,29.96969410059526,-15.326744838617039,97.69183161919247,30.318977797273067,-15.248082938404757,107.60935107947537,30.555086171902644,-13.969602909603752,117.44780221223945,30.785208454467273,-12.464370744009749,127.25426431144365,30.347596781988056,-6.4158298258132636,135.86058120841025,10.661878935552771,-12.747026594724094,140.11657100913496,7.279288592046231,-2.8641900694539366,112.32926551862721,7.889776994314413,8.863215193970065,91.93547303321364,6.722000638823408,15.191716065408162,82.86161850855724,6.722000638823408,15.191716065408162,82.86161850855724,11.778035110545144,11.124494794721944,87.92252527610425,11.778035110545144,11.124494794721944,87.92252527610425,30.347596781988056,-6.4158298258132636,135.86058120841025,50.48074547588341,-9.88156220231222,141.18693189194462,55.981911964160204,4.1656915933603305,115.62018493993246,48.003699009596396,26.30464926635789,115.45840284929048,47.71251624868958,36.05452326073121,120.80663905615883,47.71251624868958,36.05452326073121,120.80663905615883,43.5343725261614,29.97218143910329,117.16427941541242,43.5343725261614,29.97218143910329,117.16427941541242,31.05406855400227,-10.012054814281807,139.83775238396473,31.44769021926064,-8.716193663646749,147.16102469662755,31.68358087506084,-5.967770048947912,154.07875804904668,31.881482915123968,-2.0238265502680273,162.96929711865093
2.31666574,29.965,-10.8162,89.5833,19.889997285804867,-12.75612703505534,88.61243532476345,18.74008712494765,-13.552703705973236,43.93282840528276,22.031065232279456,-33.88628069228608,9.534864952067231,23.424999035383017,-33.92901577035443,6.196510251130297,14.377682175785193,-23.7489430245787,2.2884752547732905,12.477627253785608,-21.664366980869893,1.6055811954342931,40.04000271419513,-8.876272964944661,90.55416467523654,34.59961890888052,6.6109379691531664,48.975653112367524,32.18644505099718,6.4388143995721006,8.955011624524992,31.89658517671648,6.012632277859466,5.373972683656785,34.46649926079807,19.82305090601091,3.522367997000744,35.11719524806055,23.421395954596857,2.7133060320824307,29.971048247104907,-14.899756222780015,97.68006694419455,30.33737672350465,-14.848216183989129,107.59714948454784,30.594339381855384,-13.591202303816383,117.43784383696355,30.861166809812847,-12.092053508372185,127.244307779344,30.414057512046448,-6.039769964164588,135.8475047968698,10.809091655528363,-12.56134248181229,140.1879419294432,7.60412828024552,-2.7345927585515,112.3597202600751,8.340767910558677,9.052261875930737,92.00440345780851,7.172620788897719,15.417105230818088,82.95605210517164,7.172620788897719,15.417105230818088,82.95605210517164,12.233362949699746,11.368474399714707,88.02714941532886,12.233362949699746,11.368474399714707,88.02714941532886,30.414057512046448,-6.039769964164588,135.8475047968698,50.595338170836044,-9.290479679810606,141.1270678617237,55.899539721339515,4.884882503460176,115.58942359830871,47.75477185996938,26.963423008864247,115.70036446374536,47.42177337383953,36.656625295697424,121.14824499342214,47.42177337383953,36.656625295697424,121.14824499342214,43.26807125638095,30.57927194913557,117.46978257357637,43.26807125638095,30.57927194913557,117.46978257357637,31.167331020093478,-9.626777805787297,139.82441073719724,31.57946961803534,-8.31452741216964,147.14374487241997,31.828803477948487,-5.55197855225448,154.05537766976838,32.04787225862563,-1.5937062328555243,162.93904974843116
2.32499907,29.9163,-10.4154,89.6106,19.848420152017827,-12.38732333346202,88.63035077478098,18.533190364745153,-12.852158577304118,43.9506215785028,21.979380038391373,-33.69812646227069,9.876082999643124,23.41040547793245,-33.800392004726305,6.554758294978955,14.370292600832835,-23.732877803399106,2.349751995890567,12.460645415535955,-21.66941316005113,1.6304665322250587,39.984179847982176,-8.44347666653798,90.59084922521903,34.60519804509199,7.1200376336588445,49.032845427614106,32.130874769796975,6.450483412651907,9.021169617115177,31.856408221759324,6.005976100900868,5.441145705545848,34.39902971669247,19.81358612964042,3.531815396836829,35.046230879498346,23.414741360162957,2.73251240038123,29.93560646446146,-14.530852948911544,97.69118025393135,30.319033365659962,-14.506290368953273,107.60771994938476,30.596860350354824,-13.270562180144836,117.45054307338529,30.90022303439702,-11.777138796018605,127.2568184477604,30.443159230629455,-5.721177169715507,135.85690351745765,10.921171961291687,-12.432731875580952,140.28093282635575,7.8954044620490285,-2.6551905524100317,112.41534224667825,8.756389530711013,9.196441243590096,92.10256226156594,7.586566272293891,15.598969049479681,83.08105395808691,7.586566272293891,15.598969049479681,83.08105395808691,12.652298647791344,11.568534895646415,88.16165498406949,12.652298647791344,11.568534895646415,88.16165498406949,30.443159230629455,-5.721177169715507,135.85690351745765,50.67013525088776,-8.756047883866259,141.08987491660417,55.77634992172393,5.54595975934221,115.58250596665279,47.467505886250855,27.560206483920368,115.96663378858652,47.09407250031908,37.19547463304387,121.51376061529795,47.09407250031908,37.19547463304387,121.51376061529795,42.96432950454288,31.12369201250234,117.79929842656979,42.96432950454288,31.12369201250234,117.79929842656979,31.243120129102603,-9.298562418477651,139.83335978338755,31.673306337382886,-7.969782860749443,147.14867223164765,31.935597503647198,-5.192978923432149,154.05411028728892,32.17523600966848,-1.220167534996131,162.9307585029582
2.3333323999999998,29.8849,-10.0059,89.6575,19.833694787609588,-12.060897267151393,88.67676822198106,18.217661181866106,-11.972911696184992,44.00457557180538,21.78383508115366,-33.32543020833206,10.257618129712071,23.277488746854218,-33.5178208445758,6.968017179197704,14.29911859102717,-23.595023721223072,2.3110302140305263,12.387187690737631,-21.55694158487717,1.5282456185473525,39.93610521239041,-7.950902732848609,90.63823177801893,34.55067554879678,7.378787245502406,48.99424235870259,32.07470441790535,6.480170296288457,8.987157558287826,31.798900705926215,6.0347494572556775,5.407349961193555,34.35644457325855,19.838868619445567,3.49271565597161,35.00838018815254,23.4410472155197,2.701916733603748,29.942983546962534,-14.141409354856272,97.72764817905895,30.340692325691055,-14.131599695208816,107.64365092907369,30.62470630178229,-12.905570672155855,117.48751033158531,30.93967273949617,-11.415900034824222,127.29399066735236,30.452454050499423,-5.362631846366367,135.89431647127958,11.007024861328556,-12.239743796226772,140.4004904268686,8.1107585850282,-2.610225723083813,112.46966972686448,9.070186620747766,9.262624409916198,92.1736989493038,7.926409829787086,15.685085812126108,83.16302610980688,7.926409829787086,15.685085812126108,83.16302610980688,12.981875456662944,11.694951179588447,88.28549071812427,12.981875456662944,11.694951179588447,88.28549071812427,30.452454050499423,-5.362631846366367,135.89431647127958,50.722964286976605,-8.192154961692223,141.07362168845978,55.62951771483052,6.177079277374254,115.56484746305932,47.18931463262045,28.13690043577315,116.14856731212033,46.76644610720378,37.71539213057003,121.78967889529108,46.76644610720378,37.71539213057003,121.78967889529108,42.667812871862736,31.65787996274825,118.01790176870831,42.667812871862736,31.65787996274825,118.01790176870831,31.297312602429038,-8.931653045618706,139.86900247126988,31.741275721586515,-7.591912732795591,147.18149207095647,32.01863031333462,-4.795163103534284,154.07828679344627,32.290650651591676,-0.7914274878246674,162.9400951044781
2.34166573,29.8812,-9.59779,89.7186,19.84730596123901,-11.735397466433067,88.73718288767404,17.923300116534797,-11.099018209983107,44.081642075793766,21.617636805438696,-32.95269293578478,10.67096179092264,23.174336987220823,-33.2331932795614,7.417118840689685,14.263700078483978,-23.470804113325944,2.3125259433446512,12.349778061719935,-21.46002176854468,1.4665548087532725,39.91509403876099,-7.4601825335669325,90.70001711232595,34.52569191666884,7.635236713128506,48.97104917897196,32.049979508378556,6.507606431147326,8.969748228770392,31.773014930444763,6.061277607250922,5.390143355725154,34.345988187197456,19.861808774502897,3.4703232803685213,35.002809785400146,23.46496380009351,2.6880618986708376,29.978099941141675,-13.752982350734708,97.7782581741599,30.390158650012992,-13.757687399703954,107.69367871609143,30.68036568112785,-12.541167044981327,117.53853712777197,31.00683980658639,-11.054940150945294,127.34516362750419,30.48941489381587,-5.00441685689363,135.94565669905438,11.12199424647234,-12.045753666957925,140.5334211040871,8.35918169477757,-2.559859679012595,112.54000395480607,9.415862087355016,9.338471117467936,92.26379491451785,8.296819233887337,15.7823376041413,83.26530678456541,8.296819233887337,15.7823376041413,83.26530678456541,13.341647365042297,11.831901896434099,88.42886346578268,13.341647365042297,11.831901896434099,88.42886346578268,30.48941489381587,-5.00441685689363,135.94565669905438,50.80104542399183,-7.628534539585344,141.07173321360315,55.50823197429947,6.805371413720133,115.56190225862159,46.93869978217897,28.70885413504898,116.34424804192919,46.4676002538705,38.229612889453435,122.07850290247755,46.4676002538705,38.229612889453435,122.07850290247755,42.39942591396604,32.18726160901377,118.24986093727944,42.39942591396604,32.18726160901377,118.24986093727944,31.378905307545395,-8.564581159755043,139.91854784185134,31.8363337684688,-7.2135511046252,147.22812980635334,32.12832925484395,-4.3964864067106175,154.1160465179723,32.43212195256242,-0.36126558787806484,162.96252849819888
2.34999906,29.8831,-9.20755,89.792,19.86725803255753,-11.427801231868504,88.80967166354394,17.628272091931386,-10.247491511439055,44.17988437779118,21.460104942239347,-32.59588895795849,11.1137239071574,23.080231039756978,-32.96216080899751,7.899610311952846,14.243044241828924,-23.37591881003279,2.3526602638803897,12.327354738330502,-21.394422180267302,1.4439165611159765,39.89894196744247,-6.987298768131495,90.77432833645607,34.50732905944381,7.873320551946431,48.96145225833835,32.0339078442001,6.516647610365381,8.967122588851907,31.75598991325673,6.069404774748688,5.387705693148127,34.344241486358435,19.866374895427416,3.4628341952462875,35.00592805411735,23.47049146796079,2.689149351632495,30.019049276351502,-13.38207800928333,97.84109539317733,30.445508361363643,-13.401094794500938,107.75588989690208,30.741837681922963,-12.193932437467481,117.6017177959636,31.079631436725712,-10.710877980478598,127.40844119867164,30.531634170423654,-4.663223307643572,136.00905825213135,11.244025491298974,-11.868452277816633,140.67787135273124,8.61838898682064,-2.5215718065239283,112.62455461403317,9.770646340713816,9.406719953379984,92.37116820777985,8.674750055103253,15.873456502067008,83.38624803162222,8.674750055103253,15.873456502067008,83.38624803162222,13.708730276114753,11.962323821136513,88.59015378022936,13.708730276114753,11.962323821136513,88.59015378022936,30.531634170423654,-4.663223307643572,136.00905825213135,50.88211403639775,-7.08091946305083,141.08229226651628,55.38952495169825,7.415409138782731,115.57177628686011,46.69167676375134,29.26028005900043,116.55185466048948,46.17313665551295,38.722319271764135,122.3784652466823,46.17313665551295,38.722319271764135,122.3784652466823,42.13502901280817,32.695844337392835,118.49338644631186,42.13502901280817,32.695844337392835,118.49338644631186,31.46565795843822,-8.214016976444956,139.9801149096248,31.936159486047096,-6.851386295005072,147.28671312226908,32.24221868353343,-4.01366355124739,154.16553343535287,32.57695333629866,0.05356572604288257,162.99622645484976
2.35833239,29.8827,-8.84113,89.8752,19.885597174940767,-11.14380810567383,88.89174514244779,17.324721534787006,-9.424309865706658,44.296797625846565,21.302865626692064,-32.260577992801515,11.583130645493043,22.98674038138242,-32.71009989182669,8.412643976791642,14.229159423286543,-23.315119255284884,2.4293609648155945,12.312004999652748,-21.36482429781285,1.4583415109937279,39.87980282505923,-6.538451894326169,90.85865485755222,34.48807359638435,8.086979925511995,48.96294980013711,32.018900118770574,6.501375931397202,8.9767794158493,31.74021963640295,6.053226682858924,5.397535182301954,34.343875969808515,19.846614897397345,3.4677745078789073,35.010476560475304,23.451666436349953,2.70271197865785,30.057834005634177,-13.034638421514673,97.91366491273403,30.498751328245547,-13.067763075689204,107.82778987222022,30.801165273724568,-11.869806794952199,117.67455713845652,31.150128476703678,-10.389656273550811,127.48132817470295,30.57134321654742,-4.344981249772597,136.08202310159913,11.36515927431892,-11.713289143604367,140.83128893949242,8.880125175041574,-2.500755014625252,112.72078303711095,10.12615130042492,9.461877290069424,92.49321893567902,9.051789921616255,15.952916690922304,83.52323476873849,9.051789921616255,15.952916690922304,83.52323476873849,14.074706937754797,12.080571844204465,88.76668790487385,14.074706937754797,12.080571844204465,88.76668790487385,30.57134321654742,-4.344981249772597,136.08202310159913,50.958316472646715,-6.555748446492682,141.1028615472174,55.26598726081625,8.000684390616843,115.59206075462231,46.44130201102938,29.784886392934464,116.76891061947968,45.87626967682468,39.18727330275574,122.68704543462108,45.87626967682468,39.18727330275574,122.68704543462108,41.86773474578027,33.177437791577645,118.74596999903963,41.86773474578027,33.177437791577645,118.74596999903963,31.54971297169624,-7.885910976985146,140.05120896033043,32.03292778611087,-6.51138182327205,147.35474814015436,32.352540393699634,-3.652669171617356,154.22425476427517,32.71748124956152,0.44707662589077257,163.03869990018347
2.36666572,29.8701,-8.51004,89.9699,19.890763987516785,-10.892012091080387,88.9948940937257,16.960226627897633,-8.493063506003338,44.454113917352124,21.067526697152267,-31.748652311704788,12.053304434698234,22.817190207556237,-32.28568960959996,8.932445837351935,14.143801907714924,-23.117494016379368,2.4921751936113825,12.235023649198434,-21.205844034689353,1.4319062691307467,39.84943601248322,-6.128067908919613,90.94490590627429,34.46719150033803,8.235267847933331,48.95740619270009,31.99595382705703,6.518053392642819,8.97679916170695,31.71656549363684,6.068987739659284,5.397724973867424,34.32921504670382,19.860038346095056,3.4634172207974956,34.99834698568368,23.464855817431015,2.6994623358808045,30.08600417532937,-12.704359332238651,98.00695006086092,30.540409502756702,-12.731963518767808,107.92048287452991,30.847597484265403,-11.524370846413083,117.76592519684797,31.202644152039518,-10.033653305072468,127.57087711493722,30.577891519489242,-3.989340259676343,136.16860970576462,11.461423410197963,-11.530288626970187,141.0080036335471,9.00884729935902,-2.492819602905593,112.83788212689372,10.310879277754823,9.473658979417642,92.61612143930684,9.341850536736368,15.966320631848799,83.63532031707982,9.341850536736368,15.966320631848799,83.63532031707982,14.30294848909757,12.099999196007127,88.94169539010214,14.30294848909757,12.099999196007127,88.94169539010214,30.577891519489242,-3.989340259676343,136.16860970576462,50.99113875755403,-5.993685789937191,141.16930216111155,55.1303909165411,8.546770132304918,115.62153406333722,46.173613917368186,30.26994005398288,116.92212492175243,45.610826324267286,39.626445317133054,122.91274594269498,45.610826324267286,39.626445317133054,122.91274594269498,41.60044315265004,33.64053138708239,118.93729477426156,41.60044315265004,33.64053138708239,118.93729477426156,31.59582877963283,-7.51817479551113,140.13861696584755,32.08417704282031,-6.136446970427587,147.4404561652364,32.415430553018446,-3.2601552021195994,154.30206882393736,32.813040338620894,0.871011103560825,163.1004159357308
2.37499905,29.8887,-8.18246,90.0685,19.92774778412322,-10.643497273686764,89.10190737611758,16.619007723656317,-7.570564153598239,44.629068209928455,20.862884608046066,-31.24046960467745,12.547455647323169,22.67855972562785,-31.86207115200967,9.480466043925635,14.097284022964661,-22.9366921952514,2.5913529810459774,12.198171237668722,-21.066772358784558,1.4429711983563862,39.84965221587678,-5.721422726313238,91.03509262388242,34.47921360830711,8.37941381022688,48.95720175014564,32.007903199628785,6.530738231118388,8.982462186801818,31.72798630768392,6.080768941763127,5.403542794605195,34.3497948777269,19.86946724357808,3.4648628407255817,35.02151528838057,23.474047262037608,2.70205998281696,30.145342722980555,-12.377259939417588,98.10410146694093,30.613150885510073,-12.399198437448552,108.01702501480383,30.92495188802704,-11.181882632216377,117.86112484188611,31.28590866810893,-9.68046525407816,127.66422818215227,30.615175003489362,-3.6369353848389006,136.25904666870326,11.590275849277827,-11.349261224351185,141.18837026908417,9.172976819632146,-2.485850927356223,112.95995648175993,10.530556397946201,9.486329601318664,92.74522489023583,9.666680636834448,15.982008298558373,83.75587909855255,9.666680636834448,15.982008298558373,83.75587909855255,14.565326963181604,12.121144062594198,89.12389011517521,14.565326963181604,12.121144062594198,89.12389011517521,30.615175003489362,-3.6369353848389006,136.25904666870326,51.05256903612093,-5.434782530925752,141.23957471643703,55.023923644880234,9.088026494316084,115.65514425125292,45.936124472782936,30.748955948696484,117.0790626548081,45.37631580792579,40.059200559991844,123.14160505609986,45.37631580792579,40.059200559991844,123.14160505609986,41.36364881187329,34.09742648940954,119.1323277815917,41.36364881187329,34.09742648940954,119.1323277815917,31.672507380364294,-7.153294682640711,140.2298265197621,32.165889813176115,-5.7642467607006465,147.52993824137613,32.50854679733909,-2.8701597388241256,154.3835035911419,32.93842364395539,1.2927850329796602,163.16533923126036
2.38333238,29.872,-7.87266,90.1697,19.93008976867077,-10.41270096101666,89.21147889892326,16.23480402911894,-6.671623693623795,44.820338944733514,20.623104258112964,-30.75014368976545,13.063883292604807,22.504935952786926,-31.45309607947334,10.054887238382653,14.0237243722722,-22.78611504974699,2.7259684261084667,12.135576076545572,-20.960958138370277,1.4907726735662021,39.81391023132923,-5.33261903898334,91.12792110107675,34.457342037596945,8.505322146362973,48.96107792795325,31.987976028893186,6.525381035553394,8.992504718457958,31.70771759445972,6.074523188586189,5.413723884800078,34.33859450275876,19.860907476548185,3.470876500671946,35.012893180240724,23.46526101580083,2.7092791810712287,30.169419267265585,-12.06762034717708,98.20381180029077,30.650536469570525,-12.08374233580645,108.11610948344823,30.966758654740396,-10.856611619797357,117.95884958851212,31.333415827795207,-9.344355859890463,127.76007522995492,30.61657917968184,-3.302042610588745,136.35202713643312,11.685202874046805,-11.18476146102254,141.37106325300533,9.305868227419113,-2.4944310915421823,113.08566690880248,10.718321155692244,9.485264364583296,92.87914875886138,9.959277878065896,15.98533414133669,83.88351609456859,9.959277878065896,15.98533414133669,83.88351609456859,14.794920310654838,12.129408372530023,89.31186294083422,14.794920310654838,12.129408372530023,89.31186294083422,30.61657917968184,-3.302042610588745,136.35202713643312,51.07602279713928,-4.892941028626119,141.3123898174844,54.87975299351559,9.610585104596568,115.69157624851078,45.6616101863283,31.207914556081633,117.23841366411636,45.10533986903521,40.47152878111789,123.37229299571953,45.10533986903521,40.47152878111789,123.37229299571953,41.09006709399646,34.53401983893145,119.32975383607587,41.09006709399646,34.53401983893145,119.32975383607587,31.713189150294504,-6.805529845752961,140.3235319969859,32.21147548544715,-5.409035462568432,147.62188973475364,32.565240853017144,-2.4969362532866763,154.46725603339016,33.02690012871789,1.6981439038217148,163.23216981933209
2.39166571,29.8783,-7.57559,90.2482,19.956054308466758,-10.19442991129491,89.29830907686257,15.866194999242872,-5.791448280344347,45.002587998656075,20.406457052467324,-30.272422246169967,13.576918334150623,22.354484690074926,-31.053309185307945,10.629903954307752,13.981596924824329,-22.659469848827893,2.8711171506974758,12.10578123901251,-20.8819746280422,1.5505731196836083,39.800545691533245,-4.956750088705091,91.19809092313743,34.46014853752531,8.617936583322507,48.94371668515184,31.994755951219748,6.5068459607645694,8.98161069123885,31.714340103853942,6.055108183750785,5.402953152864333,34.3544091480796,19.839170823319268,3.4561060632926486,35.0313318248854,23.443296148075436,2.6957574901518138,30.216469406724443,-11.770379860391502,98.2807887753583,30.71080280054418,-11.780540719469274,108.1924440504926,31.031275136712043,-10.543509712505422,118.03380731022247,31.403446851335946,-9.020284374860903,127.83312625727137,30.640477436093963,-2.979612862996726,136.42225933943735,11.804456583164672,-11.031454458404951,141.53079672213968,9.466275073264985,-2.5128998976235692,113.18976891682263,10.933289200514915,9.476303690741283,92.99277980687881,10.278895783554985,15.982249337161686,83.9931741859348,10.278895783554985,15.982249337161686,83.9931741859348,15.0508952536997,12.130621554905222,89.48057204262906,15.0508952536997,12.130621554905222,89.48057204262906,30.640477436093963,-2.979612862996726,136.42225933943735,51.119834178465595,-4.363490252414758,141.36248399320922,54.75651438607005,10.119075247488517,115.70558286995139,45.40903541082911,31.65159284572058,117.37496147567728,44.8569983133872,40.86821468578382,123.57960471531493,44.8569983133872,40.86821468578382,123.57960471531493,40.83871306845858,34.95515493768156,119.50435516963975,40.83871306845858,34.95515493768156,119.50435516963975,31.776196501824735,-6.469847539351001,140.39444151044987,32.27927742987163,-5.0657885755159455,147.6910187565571,32.643896000253335,-2.1354680893055717,154.52803467351447,33.13690928582263,2.092091106049542,163.27561843341186
2.39999904,29.9402,-7.2814,90.3234,20.02404743105241,-9.926028400082927,89.38136302364033,15.537194207136352,-4.9305283407029945,45.18705083809128,20.216493348228877,-29.733098889622287,14.035141853182317,22.205982032153994,-30.56015937136737,11.128701490871489,13.88903608216126,-22.363724946950754,3.1032772783368205,12.051729910742093,-20.63307128966582,1.6710921520729938,39.85635256894759,-4.636771599917071,91.26543697635968,34.50005337059871,8.68576152720247,48.93289308605503,32.03758372372462,6.5184020861677165,8.973619118907173,31.755657718379545,6.065578140511076,5.395217514091119,34.39414654015659,19.849199840731877,3.443113376868993,35.07061432445777,23.4532728840325,2.682112420919238,30.29372174930761,-11.469266664475526,98.3589396911372,30.79084811644975,-11.469879821788133,108.27046046443581,31.112369385499463,-10.221293510015853,118.11033014528036,31.490415387174185,-8.681704965982387,127.9068666442732,30.68119601483634,-2.635185941461655,136.48764827764097,11.938734454555284,-10.851498069569997,141.67776759369593,9.501898155469751,-2.55574552604174,113.27901691293528,11.028500201723357,9.460248167693676,93.10237487357489,10.512875871132193,15.95706817464109,84.08716981889675,10.512875871132193,15.95706817464109,84.08716981889675,15.201199102430913,12.060258601602623,89.61465126925953,15.201199102430913,12.060258601602623,89.61465126925953,30.68119601483634,-2.635185941461655,136.48764827764097,51.17208118327359,-3.8069589177190877,141.43492651380586,54.6813533279166,10.58590371734161,115.70989520530972,45.2135097802941,32.05917823723774,117.46201454796947,44.703377601114205,41.24982060607158,123.70863914360714,44.703377601114205,41.24982060607158,123.70863914360714,40.657445899851155,35.340784154574315,119.6549648057557,40.657445899851155,35.340784154574315,119.6549648057557,31.84809081687875,-6.110026200566437,140.46428866704898,32.34845782253625,-4.6995504952763145,147.75981487472828,32.72016620329179,-1.7558753210667755,154.59070946115827,33.24213651183105,2.490325539979687,163.32757764896172
2.40833237,29.9592,-6.99758,90.412,20.04919198382528,-9.6679109113675,89.4778432930455,15.161139540428234,-4.084368629504126,45.396610311795484,19.98869798122265,-29.203030699755356,14.521826507026312,22.02021415742853,-30.074322878295128,11.657689322981305,13.763231315150371,-22.081269656249646,3.3695112643322016,11.967576075256362,-20.401351056397537,1.8282435905609902,39.86920801617472,-4.327249088632501,91.34615670695452,34.49840481952049,8.742717301478445,48.93678800339822,32.03897284092547,6.51906891305915,8.980419776576795,31.75553350307956,6.065151790199181,5.402276231253886,34.39251376947814,19.848311993090604,3.4448823270908857,35.06854591849363,23.452327150292987,2.6832203943720456,30.328034039894504,-11.178467505046212,98.45048518538559,30.827928679350276,-11.169498323023143,108.3618626851894,31.15047025734182,-9.909322142874784,118.20022138803478,31.534316053698447,-8.353287439595647,127.99393352630034,30.67887410894189,-2.301361700388177,136.56641599477288,12.031674512944889,-10.680760418225987,141.83828598506545,9.497784596322363,-2.6098650219828006,113.38329044766746,11.086660918588409,9.430948840250927,93.22626249691086,10.710721090029397,15.915858327919528,84.1955881581412,10.710721090029397,15.915858327919528,84.1955881581412,15.314000860865209,11.97552780079853,89.76354662082896,15.314000860865209,11.97552780079853,89.76354662082896,30.67887410894189,-2.301361700388177,136.56641599477288,51.17920348408079,-3.2610740142058994,141.52024649505486,54.56203033764401,11.040889649458528,115.72766927830442,44.97590385545844,32.454658559733744,117.56293012212782,44.509124576747276,41.619790033180735,123.85029387892298,44.509124576747276,41.619790033180735,123.85029387892298,40.43519123634726,35.71464140372659,119.81906112010131,40.43519123634726,35.71464140372659,119.81906112010131,31.87681666921099,-5.760569139818238,140.5474516144688,32.3745182292323,-4.343706829216945,147.84192252416813,32.753297612400516,-1.3866235099374853,154.6666346737189,33.30418819818742,2.8783232534888983,163.3925895873103
2.4166657,29.9667,-6.71629,90.4952,20.06289281866717,-9.412250962652433,89.56893188933526,14.769691199107672,-3.2452692324238033,45.6124254858036,19.75465722327904,-28.674007429803467,15.017750015764992,21.82872914722683,-29.58750876576303,12.197602713390236,13.63596878181276,-21.80342345878356,3.650834053331238,11.885154025567909,-20.177899296250875,2.0033119226034897,39.870507181332826,-4.020329037347568,91.42146811066473,34.486593046693976,8.796822138264766,48.93666839850491,32.03034137071005,6.516941976425087,8.983273626071913,31.745388453449802,6.061931506780874,5.405389174184313,34.38088811523472,19.84462239501362,3.442703663931172,35.05649255929241,23.448577893470812,2.6803802286953946,30.350806059567503,-10.890169182610025,98.53661144690895,30.853435480134678,-10.871633798933916,108.44783736228048,31.176954324265846,-9.599883258255552,118.28467451454524,31.56650934730322,-8.027368135587905,128.0755285178183,30.664855635137386,-1.9705193197776607,136.63979408771718,12.114656928507934,-10.511716557666961,141.99358400963558,9.48567324284052,-2.667399327395305,113.48390401123228,11.139612303848985,9.396437885844938,93.34588475622833,10.90427549708469,15.86671040300028,84.29996573315553,10.90427549708469,15.86671040300028,84.29996573315553,15.42113063548311,11.884562117297918,89.90880388763686,15.42113063548311,11.884562117297918,89.90880388763686,30.664855635137386,-1.9705193197776607,136.63979408771718,51.17252508067081,-2.718263663196803,141.59977000999942,54.43003376181059,11.491734171416283,115.74031679898604,44.72772608124957,32.84577242427366,117.65911282963397,44.30566286053812,41.985862701386296,123.98596617034116,44.30566286053812,41.985862701386296,123.98596617034116,40.20342737773097,36.08447042742526,119.97800109736524,40.20342737773097,36.08447042742526,119.97800109736524,31.89371659467291,-5.41387490671071,140.62514603404094,32.388789471525726,-3.9906894348170736,147.91856481138367,32.7746063382915,-1.0201644162189538,154.73704249791325,33.35436036243635,3.263604703497637,163.45190037896043
2.42499903,29.9711,-6.4422,90.5774,20.073544312967968,-9.16370318790184,89.65903916114631,14.371427302360832,-2.4181988407142336,45.838859620785925,19.522718217823957,-28.15071694852677,15.52703860281726,21.6398183474128,-29.104340528250955,12.752515408989364,13.515687171576944,-21.53448855825494,3.9515839361190377,11.8129240037018,-19.966784688217302,2.200894798979942,39.86865568703203,-3.720696812098159,91.49576083885368,34.47302981560198,8.843336467232007,48.93690287178132,32.02005821010333,6.507350952896301,8.98654765847401,31.73358782004384,6.051253411295571,5.4089228050600955,34.36768295579512,19.83346074052097,3.440963214505125,35.04288013021026,23.437353676046072,2.677983460819563,30.37043543628826,-10.609028900831118,98.62172539589386,30.875782144192907,-10.580942554791752,108.53279067175478,31.200257600880455,-9.297634267468306,118.36809516923194,31.59545437667938,-7.708607739625997,128.15605681824812,30.647633207673803,-1.6473184205902127,136.71219196026917,12.19610824814335,-10.348922326983637,142.14802721936815,9.473649617781206,-2.733039567339702,113.58523200536074,11.195225327836603,9.351931810661242,93.46556137914409,11.10129089939807,15.804805314140044,84.40465299741331,11.10129089939807,15.804805314140044,84.40465299741331,15.53040365602613,11.782556337379788,90.05469937879724,15.53040365602613,11.782556337379788,90.05469937879724,30.647633207673803,-1.6473184205902127,136.71219196026917,51.16056229033744,-2.1831749916292584,141.67783260623688,54.29367982297089,11.933819939405362,115.75215517470488,44.47725028279727,33.22790953602633,117.7548936933052,44.101280470162585,42.34344272304474,124.1199673179554,44.101280470162585,42.34344272304474,124.1199673179554,39.97043341373567,36.44566735689939,120.13613761769683,39.97043341373567,36.44566735689939,120.13613761769683,31.907283905495074,-5.074607636936367,140.70177788351933,32.39978257255514,-3.6451654602077,147.9941472946801,32.792618335219885,-0.6611690737672955,154.8063390955458,33.40119768427463,3.6414959789896617,163.50991566532952
2.43333236,29.9755,-6.17712,90.6536,20.080564226566047,-8.9145287486261,89.75448143575927,14.021830615254121,-1.7393339717585237,46.05056365724459,19.279145776992554,-27.589771180643357,15.857512915564676,21.412915494196607,-28.533483860033023,13.092386694882858,13.2256479193291,-21.09694412997553,4.236479767820017,11.543839437029689,-19.571638143806176,2.4290030287382427,39.870435773433954,-3.4397112513739008,91.55271856424072,34.472648758681196,8.916355581028812,48.93329095163001,32.02883541991545,6.5127936401745234,8.986383110700118,31.740146509102424,6.057336861137091,5.4088549586372405,34.368737767332235,19.840748084492546,3.4419680668621364,35.04287509286787,23.446121091728866,2.6850678326097004,30.39690971715931,-10.342480926764459,98.69755954456309,30.910109419243454,-10.30505194359651,108.60819041133438,31.235126186365953,-9.004735844294009,118.44124289687436,31.628078017588138,-7.388806579531274,128.22488948237725,30.63277001398287,-1.3147230192739672,136.76654696947958,12.267630177904575,-10.156056030040457,142.26904260637207,9.438898764886238,-2.749794226038885,113.66148615141438,11.100073606931046,9.331860328941705,93.53474713094029,11.151121522757649,15.747471439393602,84.4470747655543,11.151121522757649,15.747471439393602,84.4470747655543,15.489190703261048,11.674290288366313,90.13116676426849,15.489190703261048,11.674290288366313,90.13116676426849,30.63277001398287,-1.3147230192739672,136.76654696947958,51.14536638474861,-1.6412065271139928,141.75170368608906,54.202249507828725,12.320508521301331,115.73300463869852,44.29603239076881,33.56729738502658,117.79512191226705,43.959848486948985,42.6699785131308,124.1807806483515,43.959848486948985,42.6699785131308,124.1807806483515,39.80483972456419,36.76868910264395,120.22739776378982,39.80483972456419,36.76868910264395,120.22739776378982,31.912737800537347,-4.724319040309863,140.76481716179012,32.389854003284114,-3.28641782362388,148.0565461558374,32.784759237174974,-0.2891335846523009,154.86278216038193,33.423491437594606,4.024140034390415,163.55894409251135
2.4416656899999998,29.9795,-5.92198,90.7247,20.087227274137927,-8.675220293124335,89.84482329529534,13.669767894687691,-1.0734743061495848,46.26439448473154,19.037770067192533,-27.039259320002902,16.190030967271472,21.18831136863919,-27.97249253750173,13.434357235472135,12.939670853512368,-20.66999717007373,4.52402323158087,11.28041509997005,-19.187540291586078,2.6609069623530575,39.87177272586207,-3.1687397068756638,91.60457670470466,34.47264947619526,8.979276534728825,48.92555057033016,32.03819003970238,6.508235287487247,8.982188892868642,31.747283763226772,6.053419374783193,5.404758828219121,34.370338585066186,19.838039697359804,3.4389544218670984,35.0434128741446,23.444883234484323,2.6881386523971953,30.422952629717205,-10.085834053200797,98.7682546957387,30.943976889323903,-10.03906205182506,108.678437597239,31.26947693055029,-8.721766815498826,118.50921386485459,31.660046415626397,-7.078989545944295,128.28848364129303,30.617229962328512,-0.9925683534188172,136.81567852929155,12.339736172673273,-9.972439706104414,142.38524943720992,9.406707695608072,-2.777326022085976,113.73434361092276,11.00926235110538,9.299552821522415,93.59998694841805,11.205023834503928,15.672906449144325,84.48458779041295,11.205023834503928,15.672906449144325,84.48458779041295,15.450884929111265,11.551884449816864,90.2037128983401,15.450884929111265,11.551884449816864,90.2037128983401,30.617229962328512,-0.9925683534188172,136.81567852929155,51.12750452462353,-1.10971481941335,141.81966723079546,54.109620706497275,12.695726556323251,115.70906606692131,44.11565160656127,33.8954952230041,117.83083239447518,43.820268950744726,42.98572391444627,124.23621702420573,43.820268950744726,42.98572391444627,124.23621702420573,39.64090776108938,37.08098202645168,120.31377976704931,39.64090776108938,37.08098202645168,120.31377976704931,31.917405639085064,-4.384363214859706,140.82255985015365,32.37918528244424,-2.9381951287749666,148.1136413152224,32.776177086530176,0.07226789947334922,154.91393699743642,33.44507587891435,4.395963375961291,163.60265222573943
2.44999902,29.9847,-5.67232,90.7894,20.09513814436471,-8.441333430539327,89.92875737088134,13.316831319467564,-0.4162747586888518,46.47904975217682,18.80005612452751,-26.494635633412273,16.523113453758942,20.967451089707847,-27.416803803281663,13.776935241225992,12.65916452713653,-20.249056509999264,4.81276577976222,11.02405031436539,-18.809822838238162,2.89521050437565,39.87426185563529,-2.903306569460672,91.65004262911866,34.474616106859294,9.036643476638112,48.91240674534063,32.04969358099251,6.498419693963856,8.972677772016212,31.75657009514316,6.0442637134795545,5.395344853341481,34.37408156220721,19.830103536332665,3.430703639677888,35.046096211189514,23.43841038188157,2.6859945424338085,30.450169071374425,-9.834641242255847,98.832504088246,30.978987150294163,-9.77855959973334,108.74222584665978,31.30490950017658,-8.444345556305533,118.57070622505842,31.69295620091592,-6.774806810874772,128.34554326594818,30.60260335568547,-0.6765345435361168,136.85831295461628,12.414034396346509,-9.793821485997338,142.49533582668246,9.379565724695963,-2.8108538459437593,113.8025338641913,10.925834804076056,9.260146502429343,93.66025234585953,11.266163741746151,15.586395460910708,84.51633572548499,11.266163741746151,15.586395460910708,84.51633572548499,15.418571122738316,11.420635529619968,90.27155143741955,15.418571122738316,11.420635529619968,90.27155143741955,30.60260335568547,-0.6765345435361168,136.85831295461628,51.108584890740445,-0.5843900441103247,141.8803861833944,54.01729897835288,13.063865944612454,115.67902720217324,43.937529668790106,34.21687056147961,117.86080367669875,43.68396871416358,43.29501196436288,124.28509479264373,43.68396871416358,43.29501196436288,124.28509479264373,39.48005887607979,37.38689549160962,120.39409844576701,39.48005887607979,37.38689549160962,120.39409844576701,31.92288202296254,-4.050433029856942,140.87372082141326,32.36937195593464,-2.5962155954458908,148.1641535860514,32.768460820351955,0.4273170430168416,154.95852551912577,33.46753048403091,4.761248909719825,163.63976256614276
2.45833235,29.9955,-5.4319,90.8572,20.108696247961916,-8.216629971273912,90.01579322217226,12.967686237434211,0.22837963086002055,46.70399470145265,18.570688183768382,-25.959783068190454,16.866245400819448,20.755016465836835,-26.870306619754615,14.129614870074956,12.388900773010926,-19.83795207253132,5.112150773312498,10.779531218542227,-18.442231889553874,3.1413882069746286,39.882303752038084,-2.6471700287260873,91.69860677782775,34.48291539343952,9.084641466655933,48.90333476514096,32.06769020140319,6.479403121027415,8.967333461502413,31.77234662682405,6.025913095719914,5.390098661618372,34.384281907236854,19.81298042756362,3.4266502976059794,35.05523341771564,23.422742069301854,2.6880580013954667,30.482962943011206,-9.592648533637215,98.89981490272453,31.01954717706481,-9.527255644514904,108.80906210774558,31.345833834107214,-8.176148507661162,118.63522237320934,31.73122038837939,-6.479900836681448,128.40556525782102,30.59330740584395,-0.37023058180032287,136.9039254035667,12.494909285400933,-9.623754377667362,142.60877173570108,9.36147043407555,-2.8541621490283973,113.87550001696087,10.85349042028723,9.209616184746459,93.72480199147577,11.33799411876675,15.48381160596916,84.55156980138423,11.33799411876675,15.48381160596916,84.55156980138423,15.395853033712534,11.276515476702665,90.34389153457707,15.395853033712534,11.276515476702665,90.34389153457707,30.59330740584395,-0.37023058180032287,136.9039254035667,51.09301046848623,-0.06887394486314724,141.9434042814735,53.929822274194684,13.421319129509008,115.65245695667832,43.76623778217792,34.527866923376855,117.89448566720111,43.55545799409023,43.59431311499209,124.3368133650401,43.55545799409023,43.59431311499209,124.3368133650401,39.326837407057624,37.68288851177518,120.47774899071699,39.326837407057624,37.68288851177518,120.47774899071699,31.933585277913288,-3.72612260152021,140.92778810868245,32.364833848514884,-2.2640431490293986,148.21756587261038,32.76603581904405,0.7724548341909605,155.00602876779087,33.49528946956931,5.116442106761255,163.67975369860017
2.46666568,29.9521,-5.19011,90.9455,20.06692596644664,-7.987994270124002,90.12895070733298,12.608927945699083,0.7610804855500941,46.93107971011655,18.20386767106499,-25.291256240153103,16.97315621248243,20.36451123301993,-26.164531422719946,14.205756765836622,11.837053270440101,-19.142894663606306,5.332220891141684,10.187008802347167,-17.744828990708854,3.3970785417312572,39.83727403355336,-2.3922257298759972,91.76204929266702,34.44713493155534,9.166536428510415,48.9185489679157,32.02681813538458,6.496972103277537,8.987104308229043,31.730617270020225,6.044507213373656,5.409810580512282,34.34968815873637,19.830631505257344,3.449247985588568,35.02287418185652,23.44100354277401,2.7156895703322013,30.46392247408359,-9.345926059778686,98.98915175693281,31.010960107813617,-9.26932205120098,108.89774705059341,31.337796303445916,-7.89751360409446,118.7210203709318,31.716522624867324,-6.169830156403875,128.4861140887841,30.52944593509105,-0.043851652979702394,136.96598897313083,12.505834075120426,-9.427005466006326,142.69580824447004,9.229815553856163,-2.838851112429797,113.93627684178921,10.612860465394142,9.158683230538255,93.73831014457012,11.156770612040866,15.390737134043,84.53971640818574,11.156770612040866,15.390737134043,84.53971640818574,15.175704337148204,11.186421579815661,90.36126716270475,15.175704337148204,11.186421579815661,90.36126716270475,30.52944593509105,-0.043851652979702394,136.96598897313083,51.021841508662845,0.4542427838707366,142.01956339409605,53.78820515409352,13.748102526648802,115.62132013889847,43.53458056505847,34.8098886227642,117.87428517826683,43.41829736500929,43.85600830266608,124.3475114052067,43.41829736500929,43.85600830266608,124.3475114052067,39.13274204472321,37.96278019630312,120.52358294916763,39.13274204472321,37.96278019630312,120.52358294916763,31.883510818076303,-3.3807240098009657,141.00103770380912,32.29254718557388,-1.907051280419415,148.28976114754337,32.69198523745344,1.1439473960164215,155.0718233576383,33.44461951028384,5.499903742446446,163.73754470359427
2.47499901,29.954,-4.96725,90.9991,20.07048717294974,-7.778119243887198,90.20741628708053,12.294532409023994,1.2730157326128824,47.12800606135254,17.879862169122973,-24.642769268571765,17.050091257740803,20.016162927937405,-25.47882678689923,14.252464274467837,11.329240941502501,-18.470182755647613,5.524528880298433,9.639023910372112,-17.070472008642735,3.625585358943513,39.83751282705026,-2.156380756112802,91.79078371291946,34.456955603614894,9.229240702753131,48.89974350391137,32.03170150276971,6.495428265646981,8.972945588287615,31.73465694029195,6.043996048794911,5.395591352949658,34.36099346670419,19.829152171988873,3.4379427355514944,35.03645052841683,23.440121003533672,2.70942679544138,30.490117864570323,-9.118111290179769,99.0437274705219,31.04758854319997,-9.030308661806353,108.95164835137874,31.37493217509078,-7.637846374224518,118.77199834334556,31.746882834486495,-5.878835238197824,128.53175815446332,30.510669690950696,0.2629930424087741,136.99312708515595,12.562862623672725,-9.248946975845211,142.74849044509295,9.146291772276772,-2.8435927354234485,113.96402931912948,10.421701290846558,9.086528088125053,93.71910279578847,11.025579548488311,15.275285683872607,84.4950542648077,11.025579548488311,15.275285683872607,84.4950542648077,15.005063788445558,11.074702673410927,90.34632406801424,15.005063788445558,11.074702673410927,90.34632406801424,30.510669690950696,0.2629930424087741,136.99312708515595,50.994065283749805,0.957543411771923,142.0599893897105,53.69183983992465,14.053800185656542,115.55608792980206,43.35017748512193,35.07129430853324,117.82025726403924,43.33010450033788,44.09752811415035,124.32219245231056,43.33010450033788,44.09752811415035,124.32219245231056,38.98720325916228,38.22274352066117,120.53475723263199,38.98720325916228,38.22274352066117,120.53475723263199,31.87839819906346,-3.054814977389231,141.0392728763824,32.265261323155194,-1.5698021955797068,148.32690523974844,32.66298090058487,1.4954968694432815,155.102617178888,33.43903184798938,5.863062928659364,163.76042591619657
2.48333234,29.9607,-4.75119,91.0512,20.078948778103424,-7.575115238083366,90.28437938977794,11.98390550155859,1.7758155360335133,47.3279541397814,17.558726180667346,-24.002636780315505,17.13031267129083,19.670048555248826,-24.801479898889927,14.30300700226636,10.825426667350238,-17.808299763802445,5.7222927978237585,9.095524555966886,-16.407683603188996,3.86011038448186,39.842451221896575,-1.9272647619166348,91.81802061022205,34.47158736846706,9.284978298890202,48.880117432920606,32.04166988537533,6.486919974017701,8.95805398016335,31.743812333730833,6.036518844052691,5.380637378108929,34.37718534158674,19.82074990533505,3.4259298166884267,35.05485612029664,23.432319378377557,2.702464629778804,30.521140735038394,-8.897059257281327,99.09674393677264,31.08901252769578,-8.798053642029286,109.00396850047628,31.416777971277916,-7.384972103650901,118.82135865368338,31.781784455576506,-5.594724623294509,128.57569939336935,30.496304915468624,0.5624753064795982,137.018535002497,12.62552187634552,-9.077795267426668,142.79999551611007,9.06946445117937,-2.857135162104819,113.9919312791125,10.237712580356275,9.004077356480341,93.70010198410725,10.901701424081848,15.14822986334899,84.45040092847245,10.901701424081848,15.14822986334899,84.45040092847245,14.841481906329868,10.952340171632663,90.33182849330824,14.841481906329868,10.952340171632663,90.33182849330824,30.496304915468624,0.5624753064795982,137.018535002497,50.969002093447834,1.4537588667501398,142.0978334495223,53.599671977613234,14.351159541528528,115.48987686817674,43.17139636408594,35.32457502384228,117.76548952734215,43.24894472666279,44.33136128035268,124.29390805037367,43.24894472666279,44.33136128035268,124.29390805037367,38.8484834407779,38.47515317899474,120.54433235454063,38.8484834407779,38.47515317899474,120.54433235454063,31.877649636197123,-2.7361864882101066,141.07569462700894,32.24233488088891,-1.240067153493787,148.36219880329898,32.63829322937615,1.839362873952669,155.13160344438998,33.43767263567299,6.218224053470597,163.78158077509434
2.49166567,29.9684,-4.544,91.0991,20.088456290625338,-7.380862171022396,90.35714303884248,11.67348881946521,2.2677908414819106,47.52822850959473,17.236428702122616,-23.372614012303675,17.21110268134532,19.32213706801958,-24.13428800301935,14.354677785099195,10.321771483301625,-17.158852031146594,5.922757876577283,8.552718455287916,-15.758032841013323,4.097883287590441,39.84834370937466,-1.7071378289776034,91.84105696115753,34.48747108826872,9.33167870557222,48.8569939085932,32.05308080832107,6.469500845068595,8.93974874375575,31.754428367370462,6.020140992034911,5.362267466991916,34.39486973947007,19.803443375686342,3.4105487983991796,35.074764959699756,23.415605683560415,2.6921480949733922,30.5531178786513,-8.684863126038994,99.14549425632974,31.131371947263908,-8.574693515083455,109.05200039771758,31.45951235009773,-7.141067665761533,118.86639899572572,31.817452529538006,-5.319718349673361,128.61524223670193,30.482710225026246,0.8523643493895161,137.03954635529092,12.690015235350021,-8.915472700402944,142.84767455747897,8.996022669221764,-2.8810064190892666,114.0173717969966,10.058097186315893,8.910069716229707,93.67888553249671,10.78257323632915,15.008424031948907,84.40345185402269,10.78257323632915,15.008424031948907,84.40345185402269,14.68224048752744,10.818044228067224,90.31546193376003,14.68224048752744,10.818044228067224,90.31546193376003,30.482710225026246,0.8523643493895161,137.03954635529092,50.94301311917856,1.940226613098962,142.13047456287148,53.50840247718619,14.637671182798451,115.4201694264409,42.99527906617908,35.567411620865535,117.70746118309842,43.17195211107429,44.555131411173996,124.26018126234558,43.17195211107429,44.555131411173996,124.26018126234558,38.71365363578883,38.7177568529257,120.54976568915882,38.71365363578883,38.7177568529257,120.54976568915882,31.87756537012769,-2.4271131951955676,141.1076212379284,32.22010869772351,-0.9201567308024663,148.3929666508545,32.61433247217083,2.1732013841730007,155.15611936912694,33.437048979366544,6.562997029272161,163.79836284113443
2.499999,29.9731,-4.33501,91.1466,20.09222462448261,-7.1704239172251185,90.41154589212752,11.365289357811696,2.634689680802314,47.68070866149145,16.731748485425186,-22.63423807893307,17.018236712952657,18.787161831312794,-23.348963757355158,14.127919597868017,9.680506220721126,-16.26775924462578,5.900773844997197,7.8966177068386045,-14.846601705399072,4.106320361722387,39.853975375517386,-1.4995960827748807,91.88165410787249,34.50001747513488,9.379301116136185,48.855977671743595,32.03810592138009,6.470634451718281,8.943781172092102,31.73858393589994,6.0221531141134585,5.36626235122837,34.39187478755348,19.8032654843679,3.416505829261677,35.0754095163491,23.41546631818086,2.7017617979251165,30.557323218339263,-8.459107721834688,99.20163595065915,31.13304929349397,-8.331286923701898,109.10807730819778,31.457618711360542,-6.88110230458351,118.92016160786919,31.810641577667557,-5.035971426928117,128.664711158289,30.431820414699793,1.1516176904103936,137.07052074818256,12.701631887941783,-8.729088904985542,142.87888031189055,8.874224091719025,-2.8772502296665277,114.02834036339993,9.794797118801531,8.765453441390463,93.597689400453,10.422988280989694,14.830641976033455,84.29353308545873,10.422988280989694,14.830641976033455,84.29353308545873,14.387398101537757,10.714717880778322,90.21478078933029,14.387398101537757,10.714717880778322,90.21478078933029,30.431820414699793,1.1516176904103936,137.07052074818256,50.87648838073986,2.406072032049141,142.18587849746254,53.388262674279375,14.828747397289767,115.34160819059522,42.80912614385529,35.724192307614345,117.63807384682374,43.11729116673442,44.70001604793985,124.2022252262594,43.11729116673442,44.70001604793985,124.2022252262594,38.58427709874589,38.875004189413076,120.56360308852587,38.58427709874589,38.875004189413076,120.56360308852587,31.834434765820966,-2.110802979965353,141.1496274449403,32.14976877520712,-0.5894635430451896,148.43321188412241,32.53676755602331,2.51878942243972,155.18994977667833,33.37251728744337,6.921588860548464,163.82432410146995
2.50833233,29.9657,-4.13658,91.1921,20.083849331504418,-6.970374916755384,90.46394579564166,11.045031958049606,2.989937195613358,47.83395558495158,16.208041027036522,-21.90486407247001,16.832391320124664,18.232473058758092,-22.572421585560594,13.909117169577716,9.021590902774323,-15.388333385171327,5.889822460090635,7.223084034257096,-13.947111821571538,4.126228478072286,39.84755066849558,-1.302785083244617,91.92025420435833,34.500560790082595,9.416099511737503,48.853569696149385,32.01122039939726,6.460968823675202,8.946488034797916,31.710844419061317,6.013364439804149,5.368930987093906,34.37725207173554,19.79222026207248,3.421121073652019,35.06449907549026,23.404437720119326,2.710030213626552,30.549369685470744,-8.243903257167435,99.25574237264364,31.122574004283827,-8.09843793945814,109.16208658686503,31.443597979678508,-6.631699649763634,118.97182671783516,31.79171428427194,-4.762805566059959,128.7120232755425,30.368918761378367,1.4400085911386764,137.09926305852773,12.70201217129016,-8.552886376413712,142.90851865150728,8.74204797227446,-2.885400119347202,114.03907105186528,9.52209751975251,8.606627445470622,93.51746469678316,10.053743011168345,14.637141389272628,84.1847954389593,10.053743011168345,14.637141389272628,84.1847954389593,14.082382254780548,10.596531838747385,90.11455859264393,14.082382254780548,10.596531838747385,90.11455859264393,30.368918761378367,1.4400085911386764,137.09926305852773,50.796772601550984,2.8607776202222177,142.23825047732356,53.25695151295943,15.006722902566448,115.26288663247132,42.615647525901615,35.86950145828629,117.56910054926736,43.0583094798507,44.83395518119371,124.1410926882798,43.0583094798507,44.83395518119371,124.1410926882798,38.450071041495775,39.022317246891646,120.57632709014948,38.450071041495775,39.022317246891646,120.57632709014948,31.77919050933149,-1.8053287012374022,141.1893420978176,32.06735047325667,-0.2698029046756534,148.4710751240816,32.447182153463494,2.853173729638404,155.22142743627538,33.29601188753465,7.268632917432947,163.84805764336537
2.51666566,29.9972,-3.90561,91.2293,20.11438501882793,-6.737804478016135,90.5080390925498,10.763509817254503,3.376226576390475,47.98167537490874,15.716601577433991,-21.141869540234744,16.647434925822232,17.709392407748076,-21.76203045113135,13.692155752070285,8.39630806236646,-14.478154928506868,5.883687378136777,6.5833862675876125,-13.017184975352167,4.151379193403185,39.88001498117207,-1.0734155219838648,91.9505609074502,34.539831245177126,9.485279290109878,48.843479078812344,32.0231788258353,6.48381457914579,8.941568725057877,31.721969346363814,6.0370945904858555,5.363971214883181,34.40147404173254,19.813690214496827,3.4181478416093722,35.09243053877779,23.425919484084073,2.7107212074428717,30.580333449394526,-7.996138493352106,99.30151375954401,31.151021510642952,-7.833040702721412,109.20772864151785,31.46850015489227,-6.34976546116323,119.01509734615142,31.811686625823707,-4.457134289137339,128.7508843884632,30.344903471205253,1.7605827586235483,137.1194914193442,12.742238023291147,-8.344159613218032,142.9302865084452,8.650876340372015,-2.8624629000305735,114.04329146977474,9.291420245948936,8.476798353096866,93.43207219535162,9.726269073097617,14.471215376301855,84.07117844099773,9.726269073097617,14.471215376301855,84.07117844099773,13.81862218891919,10.506796705822666,90.00873528993363,13.81862218891919,10.506796705822666,90.00873528993363,30.344903471205253,1.7605827586235483,137.1194914193442,50.75473675784486,3.3476874855546868,142.28135083600122,53.16518055856403,15.215157480660743,115.17785220134463,42.46527785639855,36.04680991605814,117.49428074869799,43.04514223711599,45.0003714120442,124.0704463996252,43.04514223711599,45.0003714120442,124.0704463996252,38.3613551624141,39.20308753158654,120.58157996451976,38.3613551624141,39.20308753158654,120.58157996451976,31.762792897166843,-1.467625437188035,141.22047770464695,32.02378393855959,0.08188416378491326,148.50027270006444,32.39644754525206,3.2193982811713315,155.24428029955214,33.25831663474059,7.647160590103912,163.86330826647395
2.52499899,30.0117,-3.71211,91.2553,20.127970882658644,-6.542861461198619,90.54093335048412,10.464889566719721,3.7233025545725216,48.120951760049195,15.202034681454286,-20.415418629299083,16.46046573315355,17.162545245622827,-20.987935909377512,13.474144897175751,7.74925978058549,-13.607499947610886,5.879424180258063,5.922116998045622,-12.127121572262054,4.178824461655234,39.89542911734136,-0.8813585388013814,91.96966664951589,34.56172345572897,9.516886074260446,48.82279891694213,32.01792370180188,6.4690335817808595,8.926126653631684,31.715909773813113,6.023188239371587,5.348487856666185,34.40832177115021,19.79754633209854,3.404641728516456,35.10294056370907,23.409788725467898,2.7008781004641937,30.594377851917823,-7.785815569601957,99.33604949541059,31.16255129081237,-7.605056223955762,109.24210239465842,31.476460918266515,-6.105220335133687,119.04706706021396,31.814665563088738,-4.188840997484312,128.7783818168566,30.303795029344112,2.04346636063572,137.1282714550605,12.766473240976651,-8.172999510744194,142.94128774870543,8.545227677211752,-2.878427363123011,114.03808181399936,9.04745496633587,8.306179063955152,93.33871348882042,9.385323510027964,14.263153898089895,83.94995656878395,9.385323510027964,14.263153898089895,83.94995656878395,13.540832530901989,10.37582779710069,89.89461730895799,13.540832530901989,10.37582779710069,89.89461730895799,30.303795029344112,2.04346636063572,137.1282714550605,50.69437155671868,3.797298800229055,142.3122322472648,53.05668078802579,15.384533027064162,115.08353011682637,42.301282006275365,36.186409307954435,117.41051152630442,43.020755393204,45.12950809898739,123.98712181506187,43.020755393204,45.12950809898739,123.98712181506187,38.2612819436217,39.34750705041451,120.57619421237264,38.2612819436217,39.34750705041451,120.57619421237264,31.729308305965628,-1.1675315789036609,141.24011182434162,31.963116099467683,0.39578712881974565,148.5178779676221,32.32856721458993,3.5476813092451156,155.25557193962445,33.20337495240428,7.987432113054615,163.86712607975113
2.53333232,29.9955,-3.52262,91.3042,20.112871724196243,-6.360874195786695,90.60452415192229,10.250903694504714,3.918299136259214,48.233492957943795,14.594646706522838,-19.59519633085363,16.050388582299618,16.50910059584598,-20.104125241846468,13.022956087129636,6.985789669155038,-12.559855347031526,5.732475873333154,5.133227467060911,-11.042636881507491,4.092941884620186,39.87812827580376,-0.6843658042133045,92.0038758480777,34.5920609404615,9.560664359041212,48.81451429537316,32.02373784995824,6.469611052907895,8.922737126996338,31.721090669358446,6.024144845840378,5.345104615678851,34.42226887887812,19.796849219423244,3.4017025681581896,35.11935791145016,23.409027007507316,2.700052992130486,30.58977262366113,-7.585066161810248,99.38977197640712,31.165505332632705,-7.387538728275365,109.29506822645544,31.479626911995787,-5.866432606288814,119.09674883946428,31.80981122018424,-3.919780444474685,128.82232865374428,30.260256356166618,2.3324509872282313,137.15020494928478,12.768095558775759,-7.96405664798581,142.95806427921016,8.481964442569673,-2.816340038357658,114.03788420712817,8.732363116205786,8.11570568154956,93.19947785918256,8.856369294081674,14.021356400364777,83.77311202254808,8.856369294081674,14.021356400364777,83.77311202254808,13.148706642831861,10.27533522999537,89.71126966860568,13.148706642831861,10.27533522999537,89.71126966860568,30.260256356166618,2.3324509872282313,137.15020494928478,50.630950719125984,4.226637719683228,142.36286805306264,52.93152127831061,15.466194299603423,114.98356081878467,42.13290935378854,36.238251284317236,117.37586752307068,43.02168333570738,45.182409370310204,123.93029944145192,43.02168333570738,45.182409370310204,123.93029944145192,38.1761345391989,39.398949952607424,120.64536340277411,38.1761345391989,39.398949952607424,120.64536340277411,31.690084487393886,-0.860571776405751,141.27452601317717,31.895025565003888,0.7174153707466937,148.54999625369288,32.24492913035909,3.8861968326451324,155.2805908072357,33.111829821098496,8.344101489945153,163.88356179086796
2.54166565,29.9473,-3.33536,91.3667,20.065803804773324,-6.181132262484249,90.6817270196599,10.00503039747909,4.110649239654467,48.36052460043135,13.947109275110185,-18.76807450875802,15.672165916392757,15.81484983062346,-19.212617427209207,12.605666828744782,6.186327542954643,-11.510849908872611,5.624628464048583,4.30932590256128,-9.958085992040896,4.0473525384585,39.82879619522667,-0.48958773751575047,92.05167298034009,34.59003322711692,9.60163093560823,48.820355969344966,31.997776456326662,6.467351944818574,8.933499992316818,31.694569636309797,6.022254294620478,5.355868995458229,34.40447118735415,19.79331001642346,3.4129282113259185,35.10402361695232,23.405422467022078,2.7133971812252113,30.553181236308976,-7.386526384260886,99.45706845941044,31.136460572241333,-7.17222165750637,109.3615743905897,31.45076435202319,-5.6298575088751885,119.15992654834724,31.772856019461916,-3.652989688370872,128.8796811552507,30.18455384707164,2.618879650888112,137.18546184982984,12.738209613775904,-7.757710033516491,142.9886030901286,8.388312380570103,-2.758251878949112,114.05193891021185,8.393485197596943,7.913661799558033,93.0776276242493,8.304066175596756,13.760933505482605,83.6145478577852,8.304066175596756,13.760933505482605,83.6145478577852,12.730031620775613,10.160138583572447,89.54444301387292,12.730031620775613,10.160138583572447,89.54444301387292,30.18455384707164,2.618879650888112,137.18546184982984,50.53449090453552,4.653639569452146,142.42614908253736,52.77472241399118,15.543258391218831,114.9008100956935,41.94093141195903,36.28916072334789,117.36008055459976,43.00328047010944,45.23457248479119,123.88690855353943,43.00328047010944,45.23457248479119,123.88690855353943,38.07180059919168,39.45198421927945,120.73084613526204,38.07180059919168,39.45198421927945,120.73084613526204,31.618665079152446,-0.5561247592904808,141.32218749475314,31.794727680091004,1.0363433552318302,148.59525828825437,32.129062120782514,4.221823220602843,155.3187581217922,32.98800419357558,8.697597764783236,163.9132447982408
2.54999898,29.9377,-3.14122,91.409,20.057367313418176,-5.994524273338241,90.73873472698303,9.79795624267542,4.309573576722327,48.46824674508367,13.330496748898092,-17.925161216070933,15.292314113791377,15.150911300557082,-18.304558795848756,12.188826047088538,5.4220949509521805,-10.451744586123105,5.522192532098284,3.5216575116767252,-8.86475593772105,4.008318411128128,39.81803268658182,-0.2879157266617596,92.07926527301699,34.626256715701956,9.648983400283727,48.80655331433447,32.01067060707246,6.471527788463392,8.924636800289463,31.706978517509192,6.026794005473691,5.347001712608725,34.425535535504046,19.796214732981294,3.404564694634921,35.12753783025366,23.40826370369828,2.7071633532907633,30.555201346466216,-7.181099320705497,99.50413249525593,31.146008673219328,-6.950025218656705,109.40781516901004,31.460458243082748,-5.386432581229373,119.20279748510411,31.77437763326957,-3.379422327414136,128.91664036513595,30.14725899136512,2.9117825804308555,137.20025476216543,12.747358226231,-7.544856218708995,142.99914665870983,8.334775291566693,-2.69499071680994,114.04651917693889,8.10146074780204,7.709401699502449,92.93951358611551,7.799250278457133,13.49124711581263,83.44070348984685,7.799250278457133,13.49124711581263,83.44070348984685,12.355535831546717,10.039489037409963,89.36051589233506,12.355535831546717,10.039489037409963,89.36051589233506,30.14725899136512,2.9117825804308555,137.20025476216543,50.47558056129933,5.087240067502874,142.46824448418366,52.6569037968448,15.624807002533291,114.80150933758887,41.79600426241662,36.34831230410448,117.32909545062412,43.035929350813355,45.29499827033436,123.82277367083904,43.035929350813355,45.29499827033436,123.82277367083904,38.01880523065083,39.51571289632006,120.79839325786985,38.01880523065083,39.51571289632006,120.79839325786985,31.58561792013126,-0.24516826338482467,141.34930429835686,31.732786463995225,1.3615793628207529,148.61987614573445,32.05152332097944,4.563568383824418,155.3362877343636,32.90244960553122,9.056927931766399,163.92239191015705
2.55833231,29.9063,-2.95959,91.4564,20.027107308891836,-5.820251949802447,90.80085458516788,9.569423645545845,4.495986882671618,48.581946842324264,12.684484280143932,-17.086083405799577,14.936510019535554,14.456999470502959,-17.399672108799034,11.7981439049948,4.633088305068689,-9.402181039707623,5.450587917572628,2.710279462266759,-7.782277398008557,4.001198863331908,39.78549269110817,-0.09892805019755313,92.11194541483212,34.640561763769455,9.683154202468486,48.7983833954716,32.00219264450728,6.462464196648488,8.92143586977783,31.698082087889837,6.018081366615423,5.343792719137227,34.42548405860376,19.785822517700424,3.401849597707929,35.129990114014944,23.39779407968754,2.7065753547754365,30.535357220904945,-6.988171946890295,99.55627144740687,31.133683748174445,-6.740328455155549,109.45909720628855,31.44827746598046,-5.155522243647141,119.25066496150943,31.753989004302095,-3.1184301398776486,128.95850587782533,30.08811268852392,3.1918557198919317,137.21987321105303,12.735103547894873,-7.344478282357652,143.01502018056846,8.261010762144238,-2.645541518877044,114.04694795134849,7.796307818822472,7.484144414493073,92.81054014998641,7.282254034853899,13.193537432346353,83.2770706395857,7.282254034853899,13.193537432346353,83.2770706395857,11.965377695857732,9.894445384774421,89.18493786821887,11.965377695857732,9.894445384774421,89.18493786821887,30.08811268852392,3.1918557198919317,137.21987321105303,50.39398217135387,5.507823364325031,142.51448814098083,52.5181012851264,15.691250213295158,114.71102329858789,41.63849461504004,36.39637709351257,117.307825527929,43.05988880568004,45.3441948500162,123.76264208473967,43.05988880568004,45.3441948500162,123.76264208473967,37.957440162682104,39.570814897507695,120.87271950388991,37.957440162682104,39.570814897507695,120.87271950388991,31.530626266946545,0.05297382649847027,141.3811713411313,31.64891961957973,1.6738110659154808,148.64914250429246,31.952091905369006,4.892127599814411,155.35846711674503,32.79502743086365,9.402789162446346,163.93628341541068
2.56666564,29.8696,-2.80424,91.4999,19.991827485092244,-5.671920994252243,90.85368744291263,9.436850994220297,4.552063042627047,48.63654964390051,11.988933396839531,-16.193392658197524,14.422258435907231,13.699694519811635,-16.437376225085348,11.243696144113043,3.7475308145728192,-8.316005886671277,5.263868185847405,1.7923405337364582,-6.666785909131987,3.8929871857936664,39.74737251490775,0.0634409942522427,92.14611255708736,34.65062289328828,9.716447102936943,48.797909380828514,31.99893908304683,6.458111534059393,8.924903449734096,31.697778180085344,6.012787664404718,5.347127799243528,34.43026555995905,19.779298064591,3.403609052126867,35.13636859357563,23.391088147846077,2.7090123921739613,30.502790150039516,-6.8127005086574774,99.60942634491845,31.104410962488213,-6.534965903377695,109.51125925238858,31.417638925243253,-4.9236213463181375,119.29853854758512,31.714802860366976,-2.862042895256163,129.00147454274548,30.019465935215525,3.465504986506076,137.24362306483755,12.704070317103458,-7.139228520626183,143.0265021636059,8.155067418808233,-2.594022934943329,114.04557049370993,7.476121638965904,7.227356778853668,92.67056089405241,6.660969154625286,12.846680958966797,83.10462220425656,6.660969154625286,12.846680958966797,83.10462220425656,11.521207011342748,9.73292953367755,88.96987503694874,11.521207011342748,9.73292953367755,88.96987503694874,30.019465935215525,3.465504986506076,137.24362306483755,50.30613668103382,5.856151721931251,142.57848829998278,52.355197590286735,15.673831396886941,114.63817268204221,41.49605700268238,36.36921985408418,117.39343392997337,43.039848703179224,45.341604088194174,123.78573313853953,43.039848703179224,45.341604088194174,123.78573313853953,37.8913489090897,39.53902373590057,121.03954270828885,37.8913489090897,39.53902373590057,121.03954270828885,31.464455839803524,0.3416307959637228,141.41534229188318,31.560544457179635,1.9826867737092893,148.67910259616195,31.84153544707159,5.2171888022235535,155.3816060235118,32.65361206092695,9.748707105288231,163.9514026330364
2.5749989699999998,29.837,-2.64526,91.5432,19.96067420729806,-5.520006897817471,90.90633744033802,9.30853618756624,4.611769898131991,48.691373780331816,11.294494623709584,-15.279833047002613,13.936735513576352,12.943303066814467,-15.452831867788301,10.72099423518457,2.8702604707475157,-7.215959242066102,5.113115562687361,0.8844011286600348,-5.539312865856773,3.821902997890999,39.71332579270194,0.22948689781747023,92.18006255966198,34.66469086960018,9.753047870285666,48.79761018468761,32.00033817548113,6.457043351790233,8.928545000946485,31.702195841823137,6.010758818296915,5.350636239163197,34.43966772141689,19.77605537874257,3.405534876401726,35.14734271678017,23.387667707695798,2.711614055348904,30.474342277885523,-6.6335663769476785,99.66233234397113,31.079227364969512,-6.325918222762895,109.56308209765393,31.391054941785267,-4.688031694814807,119.34599936829991,31.67963946934223,-2.601987691860825,129.04396402221542,29.954788398204002,3.7426580430834484,137.26682246842782,12.677558803587448,-6.930560139271629,143.03784837434358,8.054060016806911,-2.5404672015461163,114.04479636861691,7.167081475550052,6.966052953843386,92.53547639232471,6.051605539704307,12.48320898278762,82.9404170584958,6.051605539704307,12.48320898278762,82.9404170584958,11.083809354216582,9.560695892473287,88.75886983908218,11.083809354216582,9.560695892473287,88.75886983908218,29.954788398204002,3.7426580430834484,137.26682246842782,50.22192738988612,6.208326836839628,142.6416288213428,52.19556604515645,15.658699700627137,114.56954438085617,41.368141404649734,36.3487628165833,117.48496307323956,43.036580287830624,45.344394906559266,123.81294662455737,43.036580287830624,45.344394906559266,123.81294662455737,37.843217945984044,39.515401086573924,121.21095327586745,37.843217945984044,39.515401086573924,121.21095327586745,31.40225378088902,0.6338363528691349,141.44891509728978,31.47610148338965,2.2950093633359856,148.70836151204014,31.734864254373107,5.545589221477495,155.40397828099412,32.51601255226722,10.09783823671577,163.96565899954228
2.5833323,29.8012,-2.48153,91.5828,19.92629739616509,-5.363215921192257,90.95529730966568,9.177243821668021,4.676637540389832,48.742937840281,10.59447632909227,-14.344896421641804,13.477126103682949,12.181215046120046,-14.44564935040039,10.227264732050058,1.994770158241021,-6.101725801727044,4.995071945072723,-0.02001984201369522,-4.399571261266792,3.784575575741467,39.67610260383491,0.40015592119225696,92.21030269033433,34.675685467450315,9.794065188020864,48.79401082427623,31.999243870399333,6.460546885254858,8.928874479436026,31.704181201950103,6.013298627939747,5.3508307595219975,34.446776953978414,19.77735669307844,3.404183611103246,35.156061873917345,23.388784866726233,2.7109483923425577,30.442641969509488,-6.449674868309236,99.71148263978628,31.050769588602765,-6.112135218383111,109.6110597430783,31.36119382156558,-4.447741969900198,119.38954689347094,31.64120600904498,-2.3372898504476294,129.0824806117402,29.88690303998061,4.024292067765495,137.286000486562,12.648186185687312,-6.717176035002041,143.04555715828005,7.951510683377156,-2.4828505633857842,114.04110148908293,6.86364801050604,6.703084458369042,92.40209377567169,5.4494901536604266,12.10635647674926,82.78163277413049,5.4494901536604266,12.10635647674926,82.78163277413049,10.648024889503928,9.380464824789373,88.54906739064482,10.648024889503928,9.380464824789373,88.54906739064482,29.88690303998061,4.024292067765495,137.286000486562,50.134244770210145,6.564908157434869,142.70037132574717,52.03210522161415,15.646601711757334,114.50165345538338,41.24819358090075,36.33600111557553,117.57858443845292,43.04375433678613,45.35343351021808,123.84040010252667,43.04375433678613,45.35343351021808,123.84040010252667,37.80653838335272,39.50096559515752,121.38301549403468,37.80653838335272,39.50096559515752,121.38301549403468,31.336790178157067,0.9305280113074312,141.4784077117154,31.38839327754265,2.6116913292450397,148.73344310246677,31.624935131724808,5.878225757664234,155.42211354446584,32.37516169342191,10.45105315881915,163.97558945498145
2.59166563,29.761,-2.3206,91.6236,19.88753695845548,-5.209238624565975,91.0054824756407,9.041578400951087,4.73864907129426,48.796137353861695,9.88863093230924,-13.397793532364217,13.04901535245687,11.4132781599427,-13.425156655796119,9.768132554436548,1.1208077533440672,-4.982985238734763,4.914746551423432,-0.9211892031317293,-3.257325029811869,3.7858729721490407,39.63446304154452,0.5680386245659745,92.24171752435929,34.682207321863494,9.831875464254995,48.79196962469355,31.994268928255256,6.46089377257597,8.930757283414579,31.702349388282176,6.012669640556643,5.352577864595922,34.45003898515868,19.77549495686197,3.4043986654251217,35.16092707214143,23.386740039204664,2.711852130785254,30.406549606038187,-6.268538787675235,99.76179070736323,31.01790080947036,-5.9010863959458515,109.66010407309754,31.326901632911838,-4.210179591355471,119.43408646052296,31.598325443453362,-2.0753352197701322,129.1219214954821,29.814549081108204,4.30302863866673,137.30603159521348,12.614878767630874,-6.506740984127479,143.05452797685996,7.845903537241707,-2.4293004736264807,114.03939268895789,6.564008603047551,6.430249485217915,92.27527951739889,4.853092497738753,11.707907181668453,82.63331103837162,4.853092497738753,11.707907181668453,82.63331103837162,10.212189373148622,9.183880193341867,88.34539640152362,10.212189373148622,9.183880193341867,88.34539640152362,29.814549081108204,4.30302863866673,137.30603159521348,50.0417783222327,6.918824994766556,142.7596354945092,51.86345925516568,15.63049181242278,114.43941195237,41.13455734204601,36.32371523694494,117.6786511040018,43.059449825052326,45.36146847891152,123.8723790684068,43.059449825052326,45.36146847891152,123.8723790684068,37.77949819534385,39.48838318996315,121.55990620793013,37.77949819534385,39.48838318996315,121.55990620793013,31.266850782306506,1.2243637645200374,141.5087056788645,31.29618962238709,2.925420244558893,148.759226873005,31.51048370488505,6.20780502614781,155.44088383024993,32.2297464296839,10.801085896156149,163.98605629593663
2.5999989599999997,29.7157,-2.16564,91.6624,19.845127645446315,-5.064831363161577,91.04752957195045,8.95870246584572,4.690412199379628,48.80365342292198,9.14874024537088,-12.424635785560357,12.547015440263493,10.608818909157966,-12.3961953193543,9.236901955949747,0.24691208261965691,-3.8423948530098926,4.739797832171318,-1.8135490432000956,-2.0915033384744253,3.685810575031416,39.586272354553685,0.7335513631615775,92.27727042804956,34.68034250467564,9.868330177080386,48.79495482068045,31.992609167245387,6.462560310727904,8.936685906761092,31.702637700497363,6.013948817873189,5.358396633861169,34.45521764355935,19.775767966755254,3.4100131062887042,35.167438807264034,23.386623034050466,2.7168029530453874,30.36225944471803,-6.094797976980364,99.80959469700323,30.973930732084334,-5.697643034697312,109.70674101442381,31.278455241287766,-3.980754748206496,119.4763335584046,31.540733860507174,-1.824848734222512,129.159755382593,29.740467796858887,4.5702554265242075,137.32717398453062,12.561564113842923,-6.273381321720034,143.07398172116038,7.734515425081492,-2.3277256688445855,114.05023068747663,6.2273540804156085,6.183884003075384,92.16204968233087,4.228528374811253,11.278586212048303,82.4771559796945,4.228528374811253,11.278586212048303,82.4771559796945,9.738322609120624,8.988665791543626,88.14434070556068,9.738322609120624,8.988665791543626,88.14434070556068,29.740467796858887,4.5702554265242075,137.32717398453062,49.949071088347665,7.212726877992031,142.8366827172042,51.694101917967366,15.589637323133921,114.41083250234257,41.01757964707113,36.27156321799589,117.88665121431464,43.05058620089724,45.259197375726295,124.11864747793368,43.05058620089724,45.259197375726295,124.11864747793368,37.73019132990264,39.40563757329493,121.84977401080998,37.73019132990264,39.40563757329493,121.84977401080998,31.19386516063964,1.5037826790184,141.5383742984268,31.203942258594534,3.229729442285656,148.78306323066977,31.390969882208207,6.530720439718761,155.45636755501846,32.066788936665006,11.14668812300511,163.99285696454092
2.60833229,29.6689,-2.01389,91.6956,19.80125814319305,-4.92373090512615,91.08400789520623,8.874128230173886,4.638587072815976,48.8065433425308,8.410964504595102,-11.434139581256147,12.078383615193687,9.806715012770056,-11.348408850030305,8.741615627416765,-0.6180556245648319,-2.690450903935682,4.603441831813517,-2.695497219006343,-0.9159082955322806,3.6250527284680394,39.53654185680695,0.89595090512615,92.30719210479377,34.676917458608415,9.90136767394414,48.79270461179524,31.989893323638196,6.460853781284895,8.937371905336661,31.701924995925662,6.011852445202374,5.358969763873162,34.45928169616314,19.772692856166792,3.410427690520833,35.1728093317348,23.383164800499856,2.716565836792487,30.316491405099683,-5.924222729240455,99.85176492434844,30.92844350199262,-5.497338589292758,109.7476561728702,31.228447484092236,-3.7544625120422106,119.51278595339396,31.481544611482196,-1.5774980255443611,129.19173974546436,29.664712064863878,4.834269642789314,137.3424082217833,12.506853399233727,-6.04344330752234,143.0876876597987,7.622047984439007,-2.2308564953832017,114.05581587206349,5.897868757740375,5.925609341631452,92.04875397630299,3.61603762238328,10.825941374911455,82.32617955055603,3.61603762238328,10.825941374911455,82.32617955055603,9.269113749064717,8.774525105079409,87.94338280017917,9.269113749064717,8.774525105079409,87.94338280017917,29.664712064863878,4.834269642789314,137.3424082217833,49.85445066754697,7.503856992131329,142.907724688936,51.521886713108266,15.545466079171412,114.38056391249005,40.907036519316875,36.21791476907292,118.09355768662387,43.051836286262215,45.153850310469906,124.36231759513635,43.051836286262215,45.153850310469906,124.36231759513635,37.68971700728384,39.32156536242088,122.13730526336532,37.68971700728384,39.32156536242088,122.13730526336532,31.119221685583874,1.7800331860130219,141.56210827289257,31.1099845504932,3.5308107456023397,148.80083772733926,31.269684743849094,6.850322613907365,155.46565942839953,31.901964759323324,11.488861902403999,163.99324500331494
2.61666562,29.616,-1.86339,91.7292,19.751282968951344,-4.783819826699063,91.12090538826567,8.783514719441483,4.585670078289298,48.81080233006732,7.672313038078782,-10.425417238236012,11.649838024912505,9.004086353385645,-10.281029688410701,8.28903128906886,-1.4769386768770119,-1.5265029966078743,4.511871282196029,-3.5698660790665295,0.27007709722753503,3.6096711156594727,39.480717031048655,1.0570398266990633,92.33749461173434,34.667510830026266,9.933029943492675,48.791266901827925,31.981661822682607,6.457866686331232,8.938861263826276,31.695746106807363,6.008478295729739,5.360343117804358,34.45795102215999,19.768331199290156,3.411694078602655,35.172807125708374,23.378417619750095,2.7171939651178985,30.264582069483406,-5.7548916577216644,99.89428781958861,30.876781609599398,-5.298295484006195,109.7888373645467,31.17224749142122,-3.5294637674270586,119.54943741328873,31.416160940678665,-1.3314829943010849,129.22387619756142,29.5827877902721,5.096873958628976,137.3577566689652,12.446048340964406,-5.814801602080884,143.1016652984917,7.504664350799076,-2.1358719555005217,114.06212462448568,5.572596768806738,5.659017432497642,91.94158402242334,3.013430479095795,10.354093604877072,82.18682167431736,3.013430479095795,10.354093604877072,82.18682167431736,8.80201620742083,8.545004885697633,87.74901764584996,8.80201620742083,8.545004885697633,87.74901764584996,29.5827877902721,5.096873958628976,137.3577566689652,49.75346568983776,7.793681112968999,142.97878620849568,51.34237158083617,15.499597403847622,114.354653840378,40.79886207310065,36.164507495771275,118.30527409459161,43.05923484973623,45.04704629068207,124.6092157423556,43.05923484973623,45.04704629068207,124.6092157423556,37.65401733825737,39.23791275974046,122.42835764815138,37.65401733825737,39.23791275974046,122.42835764815138,31.038378889358565,2.054881714304912,141.58591996166484,31.009803675737245,3.830408254658102,148.81856819479273,31.14216897604985,7.168332104471233,155.47478748975453,31.73088948303845,11.829290388951836,163.99326250124471
2.62499895,29.5626,-1.71571,91.7568,19.700801846418564,-4.646670408997235,91.1518346547871,8.692375636160333,4.529920474683179,48.81002512358197,6.939730334994547,-9.402205237643555,11.25567933944901,8.20797070655712,-9.197950992565396,7.873470533519611,-2.322761919100426,-0.35464404532562455,4.458773826078001,-4.429690094113969,1.4623087312713496,3.6332154950979034,39.424398153581436,1.215250408997234,92.3617653452129,34.65771991635606,9.961592372083137,48.78419791542714,31.97348558628051,6.451865732470804,8.934712540250224,31.689668811065104,6.00209218172518,5.3560756999497166,34.45679963203624,19.76094662708854,3.4073652620096455,35.173007711049564,23.37064450324418,2.7122387627064595,30.212133776764162,-5.588346309379557,99.93077680707607,30.824547067311485,-5.1020219692890665,109.82389651918896,31.115457572341544,-3.3072353458136154,119.57989421776684,31.350184701380744,-1.088247622361132,129.2497636945726,29.500296776005936,5.356650814904249,137.3667976690541,12.384766363731867,-5.588880994825008,143.1095270679311,7.38756707796279,-2.0445495484311142,114.06279858542534,5.256633172052903,5.38244989073592,91.83420658639724,2.4261104076972893,9.861623281482828,82.05291794701269,2.4261104076972893,9.861623281482828,82.05291794701269,8.342347189903439,8.29833351230428,87.55499193672026,8.342347189903439,8.29833351230428,87.55499193672026,29.500296776005936,5.356650814904249,137.3667976690541,49.65171358662913,8.080830066575185,143.0434372356726,51.161166442122926,15.450656784010537,114.32664897737294,40.69849339866246,36.109837316313005,118.51499408724392,43.0779937574923,44.93727525285628,124.85240510039979,43.0779937574923,44.93727525285628,124.85240510039979,37.62840506986113,39.15312366387673,122.71602398151867,37.62840506986113,39.15312366387673,122.71602398151867,30.956936968062696,2.326923638462423,141.60339768312372,30.909000002147852,4.127137642576114,148.8298382377254,31.014021358321763,7.483394681602558,155.47732052090848,31.559160324660386,12.166659946885684,163.98645622606514
2.63333228,29.5025,-1.56615,91.7824,19.6439282406425,-4.505873524504597,91.16745018491508,8.631029485293253,4.424655969780664,48.77422187889753,6.300145665045967,-8.407722464099484,10.861139387016223,7.516097440369725,-8.137131164786767,7.464415749093459,-3.0442404067471482,0.797258906220975,4.39578419515459,-5.16439937398915,2.634675753733262,3.653601221083277,39.3610717593575,1.3735735245045975,92.39734981508491,34.64189281464958,9.994261064620037,48.789584466771956,31.96858643018533,6.451328814916019,8.94230295675186,31.687821898622502,6.000612516683045,5.363543962362398,34.46609492649489,19.756972256546277,3.4130756365322217,35.18546617209647,23.3660970159874,2.7182396117100347,30.143223134163588,-5.426140473710212,99.96305097426323,30.754504960267898,-4.919760525973945,109.85523439947352,31.042583415027917,-3.107727163398831,119.60812755674833,31.27104567872169,-0.8738777626378305,129.27472472892777,29.416310366018077,5.588696183918372,137.37658480246046,12.299014002700762,-5.352102225899675,143.12306931093056,7.240001576095159,-1.9273514836564476,114.07269586649866,4.919126600636224,5.15862537518046,91.7519885850455,1.86332342837136,9.38238650000919,81.92496615891736,1.86332342837136,9.38238650000919,81.92496615891736,7.8813521661076384,8.066836240279185,87.38126603884226,7.8813521661076384,8.066836240279185,87.38126603884226,29.416310366018077,5.588696183918372,137.37658480246046,49.55525412970942,8.30477152284124,143.10116930058547,50.988433728703576,15.418352202830068,114.31593545080901,40.661490023856935,36.083474950416516,118.8012936064208,43.13639420281239,44.85997632023896,125.17281884307785,43.13639420281239,44.85997632023896,125.17281884307785,37.65755729377977,39.08866100142723,123.0769141771078,37.65755729377977,39.08866100142723,123.0769141771078,30.8701661165744,2.568116731179095,141.6206666016561,30.809341932922997,4.395174114648016,148.84027000064518,30.889338891897783,7.773395545133031,155.4769658619655,31.38824370405372,12.4877697283713,163.97174723262032
2.64166561,29.4358,-1.41585,91.8042,19.58048675373918,-4.364384517973033,91.1792841461464,8.56327547924939,4.31990777434792,48.73604881512115,5.658716253452371,-7.3974210642134395,10.502915013628296,6.8227636450289575,-7.05960394465272,7.094049644110832,-3.7619940823247324,1.9582002154301126,4.373264282561868,-5.893855418498869,3.813984187936581,3.715052025296828,39.29111324626082,1.5326845179730328,92.42911585385359,34.61945140281841,10.027695116993497,48.791580717310254,31.957374186995626,6.4517012659721225,8.94650081320598,31.679694859705528,6.000049179223529,5.367619084602566,34.46907513381236,19.753922230021217,3.4154677613274558,35.191600687747574,23.362476573130607,2.7209420265004614,30.067708218686192,-5.263192456415323,99.99149204198316,30.677840140156675,-4.73674761122892,109.8826989402226,30.963070629330396,-2.907462515150853,119.63245476515034,31.185254191197668,-0.6587503610723675,129.2957516742459,29.325658210760803,5.821469253064532,137.38238869392836,12.206614819170277,-5.114627804268924,143.13261680674472,7.086243692070596,-1.8100779704914447,114.07907190157273,4.581880187018516,4.930237104976333,91.67130944393352,1.3073859813370627,8.891155458572221,81.80534399072167,1.3073859813370627,8.891155458572221,81.80534399072167,7.420243283782542,7.825046647105552,87.21042848181116,7.420243283782542,7.825046647105552,87.21042848181116,29.325658210760803,5.821469253064532,137.38238869392836,49.45196170715906,8.529708314029117,143.15493904880037,50.807043483472334,15.387588822155909,114.30394339950331,40.62562056050692,36.058366699856464,119.08610519459972,43.19861197682408,44.781731136531,125.49165660781813,43.19861197682408,44.781731136531,125.49165660781813,37.68963814442359,39.024900770786985,123.43528548184443,37.68963814442359,39.024900770786985,123.43528548184443,30.77672321885463,2.8100593403607834,141.63393520925138,30.70300044232953,4.663935217208519,148.84657832311495,30.75796984460026,8.064055631049456,155.4723364713344,31.210623667037165,12.80938733819005,163.9524586398317
2.64999894,29.3641,-1.26151,91.8216,19.51208261873162,-4.218920606332847,91.18673715281516,8.490631453852753,4.218919864030934,48.6949195326323,5.018187307418332,-6.370062978519809,10.181021343795848,6.1308037975462115,-5.964270613955102,6.762409498856955,-4.473273962973965,3.129059619930284,4.390608262170515,-6.615327371792069,5.001052748133177,3.816797137642689,39.21611738126838,1.695900606332847,92.45646284718485,34.59196708221803,10.0652001408924,48.78958567967248,31.941423142392953,6.456279148235378,8.94670569112477,31.66686244396722,6.003697290207038,5.367700811515972,34.4673334230926,19.75508746031396,3.413937344623571,35.193009235592925,23.363072813020274,2.719740017195203,29.987195535584306,-5.096199462720897,100.01550088007735,30.59616171471408,-4.549694212711318,109.90569153773346,30.878530092789912,-2.703169633374338,119.65228038293296,31.094421457491087,-0.43960930516617625,129.31225267065767,29.229948447746153,6.058208147133316,137.3836311463906,12.109178086964015,-4.873226436119241,143.1375818800547,6.9278848159616055,-1.689441704825264,114.0813530045684,4.246550844354518,4.700780567299763,91.59164403167274,0.7601870698106561,8.391766605480923,81.69364673280647,0.7601870698106561,8.391766605480923,81.69364673280647,6.9608485589721845,7.57648542583534,87.04207308536185,6.9608485589721845,7.57648542583534,87.04207308536185,29.229948447746153,6.058208147133316,137.3836311463906,49.34343297847704,8.758830434475625,143.20422975247564,50.61868778343078,15.36175357311177,114.29018726707235,40.59252340911736,36.03772484713444,119.36874435103212,43.2661125508187,44.70554207874142,125.80841253904444,43.2661125508187,44.70554207874142,125.80841253904444,37.72610276221631,38.9649610257385,123.79035122435214,37.72610276221631,38.9649610257385,123.79035122435214,30.67822465639878,3.0559838934878707,141.64261842581206,30.591595762699434,4.9366381724894906,148.8481819998949,30.621532320270546,8.358577433157564,155.462858636082,31.0279175229224,13.134695977391967,163.92802745925889
2.65833227,29.2845,-1.10769,91.8358,19.435774652035573,-4.073903997611462,91.19100673798748,8.410215255587858,4.117396374548256,48.65203942026267,4.376735258482751,-5.3319566411529395,9.89709720139706,5.438463018408224,-4.857585013013748,6.471138128988253,-5.17979833003104,4.303407183377204,4.448934154631331,-7.33052922152689,6.189442381395761,3.959814384942383,39.13322534796443,1.8585239976114625,92.48059326201253,34.55671646118627,10.102118743319785,48.78479467304324,31.91796213832257,6.460415906319288,8.944115013171086,31.646547092797036,6.006912422818346,5.36498686415003,34.4582789230528,19.755784558452703,3.4096761183339535,35.18715000515135,23.363192386363586,2.7158250331522984,29.898728727797785,-4.929728263926503,100.03627861612539,30.506512328456864,-4.363156860195684,109.92541280368926,30.78602047123022,-2.499387286122091,119.66880118829556,30.99562817671805,-0.22097479050747593,129.3254196518172,29.12634182038799,6.294435704510475,137.3814879450635,12.003739722835817,-4.632193425411526,143.13911437494258,6.7624882675803635,-1.5694861452913198,114.08062458384914,3.911266884441986,4.4666841008106255,91.51412978238722,0.2203235348300887,7.881132213569146,81.59107873414104,0.2203235348300887,7.881132213569146,81.59107873414104,6.50159344580419,7.317636347720204,86.87753988205716,6.50159344580419,7.317636347720204,86.87753988205716,29.12634182038799,6.294435704510475,137.3814879450635,49.22687086100326,8.987460903694323,143.25016210571877,50.42059697359774,15.336070303103508,114.27574410808086,40.559600805402525,36.01675603788293,119.64989467818314,43.336386259917454,44.62666511279615,126.12348634681544,43.336386259917454,44.62666511279615,126.12348634681544,37.76436578303179,38.90409982399059,124.14273268361329,37.76436578303179,38.90409982399059,124.14273268361329,30.571783638118355,3.3014019895753264,141.64790028153755,30.47225700054925,5.208812928489586,148.84626047404143,30.477195626682843,8.652506227435227,155.44970378607712,30.837350584931986,13.459255793773437,163.89961428849998
2.6666656,29.1979,-0.950615,91.8478,19.351062183077136,-3.9183164711309986,91.18138586789843,8.375488683337945,4.017247148939733,48.581060533065205,3.9361982707676324,-4.43774091191835,9.641226722253833,4.977696579988523,-3.9189316211109513,6.215499349087377,-5.623328526965162,5.302961163982591,4.389158432944597,-7.7720568934207295,7.201995968339196,3.9434640265050933,39.04473781692286,2.0170864711309986,92.51421413210159,34.52182226395263,10.146821460580563,48.79151126331705,31.919764808953815,6.465843408264394,8.9520273651884,31.649400284814003,6.012130169400748,5.372846290617498,34.471220147748056,19.758872280747063,3.4170919642030757,35.202963672289194,23.366027228929177,2.7249516506123928,29.79269066845916,-4.76655442172123,100.0525506570869,30.397798403493358,-4.190964324215034,109.94132811990072,30.67582261703406,-2.321003503852462,119.6835726306587,30.883860563370543,-0.035202897128596256,129.33847888807958,29.020893748991867,6.496565974425633,137.3827558477024,11.876711578622182,-4.39520409643131,143.14221339792044,6.569545312061005,-1.4588876976767673,114.0826408982177,3.5836791963903782,4.268432698863625,91.45314892745836,-0.22692340315553183,7.43829753905446,81.494247102753,-0.22692340315553183,7.43829753905446,81.494247102753,6.102270807886168,7.056875992248611,86.73966119473015,6.102270807886168,7.056875992248611,86.73966119473015,29.020893748991867,6.496565974425633,137.3827558477024,49.10882426778377,9.16511353105306,143.3054993209762,50.27056463413398,15.33128506549411,114.2904099782042,40.62054888088475,36.03829351056443,119.93917085629316,43.39201909122826,44.640152645377725,126.42572873616069,43.39201909122826,44.640152645377725,126.42572873616069,37.858810865369406,38.86432236235872,124.49131874217996,37.858810865369406,38.86432236235872,124.49131874217996,30.459905773812036,3.508519814242084,141.65483398709023,30.356161898772736,5.438393364908368,148.84714493624492,30.346499904780124,8.905727057459137,155.43820063414904,30.6750392228669,13.752407551430839,163.86656290639536
2.67499893,29.1043,-0.800224,91.855,19.25938665374749,-3.769376227332327,91.1669657961215,8.3343257184473,3.910278786600148,48.5067964964462,3.4906577293637184,-3.5438859257066873,9.411028329759333,4.511919496213732,-2.9805786356858075,5.986236490219341,-6.0704297643259455,6.299508766241509,4.356996501591137,-8.21681810434618,8.210901968893921,3.954997243408569,38.949213346252506,2.168928227332327,92.5430342038785,34.47999365573312,10.184877106191431,48.79380859725329,31.914601899378084,6.464810527857365,8.955577593866764,31.645287588927342,6.010906586017092,5.376341522109509,34.47734599348359,19.75549023397617,3.4202161331228425,35.21200049212258,23.362384902922805,2.72980521609309,29.679622137247044,-4.6100808470680334,100.06396450216118,30.282065174188904,-4.02551870807533,109.95237835541877,30.55862464638027,-2.149409424440074,119.69348239215911,30.765117250077108,0.14373559244702383,129.34668008911655,28.908553771896848,6.691811631116575,137.37917123379196,11.74278411865884,-4.165006971672359,143.14031963303577,6.369535415948521,-1.3548889704597666,114.08041328703935,3.2503883509248905,4.062231041129055,91.39259200321399,-0.6774164139362866,6.9855570103973825,81.40384954795971,-0.6774164139362866,6.9855570103973825,81.40384954795971,5.697314739871466,6.785739207502855,86.60398669192844,5.697314739871466,6.785739207502855,86.60398669192844,28.908553771896848,6.691811631116575,137.37917123379196,48.98369823959587,9.335937178175993,143.3559733496731,50.11103181862758,15.320734548549584,114.30157538521414,40.682471347164196,36.05294642429726,120.22518411765631,43.451322131172624,44.64183769931291,126.73001869147294,43.451322131172624,44.64183769931291,126.73001869147294,37.95650835197885,38.81575662998874,124.83730855534304,37.95650835197885,38.81575662998874,124.83730855534304,30.34112011699378,3.7087421349175465,141.65688991782702,30.23322252424131,5.661036740277445,148.84308608728,30.209038347052505,9.15192877460353,155.42165731762725,30.50605529636654,14.03834648786733,163.82821686061044
2.68333226,28.9997,-0.648768,91.8554,19.156789442252297,-3.619473019680625,91.14575343429064,8.282728379110482,3.8038894511845602,48.42722597990367,3.036933760742542,-2.6445433329899353,9.204730736231511,4.037986005040079,-2.0367334473429946,5.781581398166239,-6.524383686075225,7.29859922140829,4.350333176524099,-8.668121946831642,9.221658303001885,3.9922265960631202,38.842610557747705,2.321937019680625,92.56504656570937,34.42708239347774,10.224017940511084,48.78966158280847,31.898411792877692,6.464861763833353,8.95275219562074,31.630157035308454,6.01076933884889,5.373460464256391,34.472389032251144,19.753203716883824,3.4169902649027835,35.20993672309526,23.359840028069925,2.7283165089308974,29.555577064911997,-4.45253381842563,100.06852785982184,30.15534988813554,-3.8589844316768094,109.95656865294221,30.430429873832164,-1.9767144890268793,119.69652604016244,30.635360932277994,0.32378805464531,129.34800625556164,28.78518687393536,6.888136117491415,137.36868155192195,11.597945478301739,-3.9337752710972875,143.1314895433227,6.158335771049221,-1.2498792457584167,114.07199763451715,2.907181147813875,3.8556140857531394,91.33050617732141,-1.1353440621804922,6.530504808323436,81.31794354931596,-1.1353440621804922,6.530504808323436,81.31794354931596,5.282518359912448,6.511797378011468,86.46859814042402,5.282518359912448,6.511797378011468,86.46859814042402,28.78518687393536,6.888136117491415,137.36868155192195,48.847310618870786,9.508180083575908,143.39956451370145,49.939246720642764,15.312655499360005,114.30725518052535,40.74173558073697,36.068501112732235,120.50500993084948,43.510132811532394,44.63941895231267,127.03370084025468,43.510132811532394,44.63941895231267,127.03370084025468,38.05332079608215,38.76610386359622,125.17738102662948,38.05332079608215,38.76610386359622,125.17738102662948,30.21133210909297,3.9100755602755175,141.65203213035844,30.09931297236889,5.884786101798582,148.83203780533566,30.060630977719406,9.399200412247202,155.39800363378038,30.326142086837095,14.325225760525349,163.78247252605115
2.69166559,28.8886,-0.495517,91.8493,19.047713644242673,-3.4676877465669027,91.11804655807907,8.225291231024112,3.699218049900146,48.3426478262796,2.580141634414881,-1.739911843025149,9.02276822664465,3.5610458662544233,-1.0876774305810015,5.601963204024549,-6.979871504966859,8.300092978887351,4.369328338301589,-9.120614169238287,10.234152998498807,4.055253552926192,38.72948635575733,2.4766537465669027,92.58055344192093,34.367801899719645,10.264862240800456,48.779370587957864,31.875840805143575,6.466656488924922,8.94385198132317,31.608646915961764,6.012381677256455,5.364504042847857,34.46122737988733,19.75262589987983,3.407712178725588,35.20171329554987,23.358992510339238,2.7207812511433875,29.424979622978412,-4.293191636278723,100.06654206845087,30.02208704968726,-3.690665817907483,109.95420126563022,30.29570773199417,-1.8022426731341736,119.69300862530719,30.49910510416811,0.5056091112467003,129.34276658552167,28.65543277198447,7.086218170260669,137.3516053584003,11.44663215203633,-3.7005520129214924,143.11595780061657,5.940950149928859,-1.1424941232425327,114.05755923557652,2.559580062359788,3.650336390777883,91.26706529106606,-1.594893477913387,6.075236343732556,81.2366779280479,-1.594893477913387,6.075236343732556,81.2366779280479,4.863573421041053,6.236872974532975,86.33379767045706,4.863573421041053,6.236872974532975,86.33379767045706,28.65543277198447,7.086218170260669,137.3516053584003,48.704365398829296,9.682082923121573,143.43656842723573,49.759054095894676,15.307248624804117,114.30768475104765,40.80285783241146,36.08517316318937,120.77884404495606,43.57372054231661,44.63319886948823,127.33643790232287,43.57372054231661,44.63319886948823,127.33643790232287,38.15410884186191,38.715701774262364,125.51172206196529,38.15410884186191,38.715701774262364,125.51172206196529,30.075122587078443,4.113164691938315,141.64057504073122,29.9590506446371,6.1102784944399575,148.81431710931267,29.90596070711109,9.648170259163535,155.36756171196063,30.14007380446229,14.613652253893513,163.72966193284182
2.69999892,28.7721,-0.343177,91.836,18.931914228607972,-3.3082857370661696,91.06759322499873,8.200182586691163,3.6388642808762084,48.233131108099386,2.3412910888007463,-1.0702209480412153,8.850359666608135,3.3377791131012016,-0.41161888485115616,5.435283564471087,-7.172707240940217,9.007881431082149,4.184983040740273,-9.299782680575806,10.952535985909048,3.8445729624669296,38.612285771392024,2.62193173706617,92.60440677500127,34.30231162748741,10.315400679406746,48.7813676202129,31.870385475951725,6.468151076957328,8.946845087867544,31.602967521503214,6.014488981298457,5.367436172389882,34.46741876927754,19.752491766084137,3.4122483209687013,35.21109688840082,23.358435574437046,2.7265474198911304,29.274970229297956,-4.141945167997999,100.05485544907506,29.864130980302196,-3.5391518867173235,109.94297503319817,30.13260298517323,-1.652108713852701,119.68219316848734,30.336073392143305,0.6540116496811694,129.33236351427823,28.508332885423076,7.245298261465367,137.33607185400479,11.267358163063577,-3.4858122364783117,143.1081639308764,5.707958082659894,-1.0448976554923206,114.04991676429152,2.2297321879601633,3.487574030869027,91.22076550372616,-1.9402935400468122,5.732499709220098,81.15499901739716,-1.9402935400468122,5.732499709220098,81.15499901739716,4.52780461526429,5.979784357992868,86.23644638104332,4.52780461526429,5.979784357992868,86.23644638104332,28.508332885423076,7.245298261465367,137.33607185400479,48.55061036835198,9.787468162151741,143.46546614164245,49.65676489808759,15.33824122370579,114.32422282198515,40.927739475525016,36.140399435921665,121.02391170477637,43.53948495289527,44.72452229331059,127.599630765195,43.53948495289527,44.72452229331059,127.599630765195,38.26288372228496,38.67105066574579,125.8019902390737,38.26288372228496,38.67105066574579,125.8019902390737,29.920548086850893,4.272057296935411,141.62737858782108,29.80699189768975,6.290239910314563,148.7952621969108,29.753787653939956,9.851274811364814,155.33595873814014,29.98232248068948,14.854635881202977,163.67560443350337
2.7083322499999998,28.6493,-0.189367,91.8176,18.80999551486729,-3.1475303373469963,91.01203701151098,8.169894776998824,3.579339919591771,48.11959507724564,2.094455555623316,-0.39994200040972094,8.6891609766867,3.106148219921523,0.26473624961843467,5.279737180714029,-7.373286069856857,9.71655465244705,4.012793280548191,-9.486224751254353,11.671861339333033,3.6463561457308145,38.48860448513271,2.7687963373469966,92.62316298848901,34.23044683672152,10.367278223430684,48.77849092085762,31.858540954362315,6.470886382052841,8.945125850935717,31.590894627400772,6.017823449391512,5.365658115878965,34.46715070524782,19.75358019428852,3.4120208364270344,35.21400348490013,23.35909877078536,2.7275353802909432,29.118698090546324,-3.989208428087893,100.03793901420607,29.699903772504353,-3.386171787169071,109.92651453373207,29.9631996137377,-1.5005399929489103,119.66614733363862,30.166709627094978,0.803800758593588,129.31674194825402,28.35486592186131,7.405649369645375,137.3153580192102,11.081994389225468,-3.2699073097656592,143.09509741140957,5.46822627227663,-0.9456811232192455,114.03773514635012,1.8915640131489888,3.3266423131114373,91.17365323214435,-2.295104251764697,5.390836978254668,81.0761599761514,-2.295104251764697,5.390836978254668,81.0761599761514,4.182996756944072,5.723875843059387,86.13993753734621,4.182996756944072,5.723875843059387,86.13993753734621,28.35486592186131,7.405649369645375,137.3153580192102,48.3902161380811,9.894391189944704,143.4891651675843,49.54636552022467,15.370962708905147,114.33582565658007,41.052130171866445,36.19517814036418,121.26486020338999,43.506225540761555,44.80316349104851,127.8700449058518,43.506225540761555,44.80316349104851,127.8700449058518,38.375202390606646,38.62056392102376,126.09054645317808,38.375202390606646,38.62056392102376,126.09054645317808,29.759648593258767,4.4322298635304005,141.60897993768376,29.648685761916035,6.471416368095981,148.77095711945123,29.59543272814644,10.055523271961622,155.29903902140046,29.81848377973446,15.096638098255998,163.61606673705109
2.71666558,28.52,-0.035318,91.7941,18.68171054952957,-2.986500429427189,90.95139141039004,8.134262750168022,3.519634048366894,48.002053099694244,1.8395160182370907,0.2694170115448329,8.539196734697093,2.866036683270094,0.9398485393341103,5.135336171394545,-7.581628196813504,10.424666577096485,3.8527269776004336,-9.679950744370263,12.390693075455852,3.460563007986039,38.35828945047043,2.9158644294271885,92.63680858960996,34.15216113181531,10.419059913937932,48.77070955700591,31.840226278599836,6.473221173965371,8.938686088914068,31.572343017537943,6.020726109948313,5.359164246672699,34.460528290229874,19.754180911051286,3.406943445465225,35.21058835186771,23.359257678751867,2.7236389580502873,28.95590799127243,-3.8361975108169752,100.01580311565047,29.52916274224544,-3.2329238873529516,109.90482829339774,29.78728788005956,-1.348712402839763,119.64487436799395,29.990843356545927,0.9538237664234817,129.2958987383718,28.19496545230687,7.566168756892236,137.2894435106295,10.89034269299438,-3.0537259593994923,143.0767447998975,5.221629097257265,-0.8457395016226132,114.02098455150994,1.5450651841525218,3.166680520336388,91.12568229099723,-2.659287336439575,5.049502954575205,81.00012747189808,-2.659287336439575,5.049502954575205,81.00012747189808,3.829180326897006,5.4682763901259435,86.04422966607264,3.829180326897006,5.4682763901259435,86.04422966607264,28.19496545230687,7.566168756892236,137.2894435106295,48.223143676791594,10.001492267942904,143.5076639348988,49.429369754296836,15.404087359473989,114.34255281618522,41.17728925687107,36.24803921164855,121.50106808740134,43.47564205694874,44.867446041775295,128.1472595632771,43.47564205694874,44.867446041775295,128.1472595632771,38.49217326660221,38.562921708775285,126.3762252598214,38.49217326660221,38.562921708775285,126.3762252598214,29.592312034430346,4.592568997072986,141.58536647197678,29.484052841749627,6.652713714143244,148.74138458224087,29.430875220196167,10.259826869696866,155.25678313690335,29.648622359551766,15.338570713449915,163.5510273845273
2.72499891,28.3989,0.103869,91.7669,18.561718627676576,-2.84015772945397,90.88704542436062,8.107971789314115,3.4450213853030376,47.881931742557036,1.5912328892177419,0.9228159444507535,8.401868754865312,2.632204789091693,1.5986624427174827,5.003472242088526,-7.782864514365652,11.117273418155046,3.7061914311381114,-9.86607936173697,13.094101063396845,3.288604738822058,38.236081372323426,3.04789572945397,92.64675457563939,34.08232311174167,10.455673017684418,48.75945310687025,31.830246981173232,6.460279218340218,8.928940165404306,31.562111133644397,6.008340224930799,5.349366984547952,34.46254622967492,19.73940387138072,3.398488108026948,35.21589758512619,23.344014168282794,2.7163444557752565,28.801243708058006,-3.698038804631305,99.9898386195064,29.36655575097765,-3.0945666825417635,109.8793089153509,29.61953732698691,-1.2118119484808412,119.61977163402968,29.823170911553856,1.0888695515674456,129.27123665437617,28.04341746732608,7.711652023409763,137.25974538594915,10.707010981294818,-2.8521639407878228,143.0545526532927,4.982666332755301,-0.7597906757595005,114.0011436604648,1.2047020819089398,2.9931519124500863,91.07836219117252,-3.0183651595609793,4.694129864375963,80.92844406776139,-3.0183651595609793,4.694129864375963,80.92844406776139,3.4808464575774964,5.198455333360489,85.95083940572015,3.4808464575774964,5.198455333360489,85.95083940572015,28.04341746732608,7.711652023409763,137.25974538594915,48.06420671836118,10.093309341657003,143.52238820061427,49.319225699809614,15.42208234009014,114.34575667249962,41.31736767349215,36.283449766838615,121.73393097017676,43.46311445361887,44.901804542149904,128.4323033510846,43.46311445361887,44.901804542149904,128.4323033510846,38.62836148605251,38.48283340204311,126.66015098775677,38.62836148605251,38.48283340204311,126.66015098775677,29.433281019669252,4.737841163431125,141.55794912320277,29.32786215854382,6.818883304947123,148.70796044986886,29.27493359789401,10.448922854756056,155.21061551813062,29.487624617188683,15.565150021178503,163.48192270613134
2.73333224,28.2596,0.230966,91.7538,18.418688936957658,-2.693894735769555,90.85200515878365,8.079365600960204,3.449167943734408,47.798721008565984,1.596666138744986,1.1398448022689869,8.300032245508461,2.6167403058883654,1.776313118397113,4.887724138128389,-7.8224112119486175,11.260925474063882,3.5361306155133008,-9.90230650088231,13.232834610274057,3.080476985546115,38.10051106304234,3.155826735769555,92.65559484121634,34.00027507085217,10.509152827192597,48.75410554470676,31.819740820007688,6.447917034476248,8.926270882163863,31.552327195073367,5.997695094964711,5.3464273098856046,34.46238814370939,19.727677352301512,3.4022839282287167,35.21818464913273,23.331818696899187,2.720367195664146,28.638105390871477,-3.5772883544569423,99.97493346171566,29.185754088493614,-2.991055788937463,109.86643442585236,29.425602377247316,-1.117247650801253,119.60895437195647,29.62087527005157,1.1813854020661332,129.26108023240823,27.862333858700786,7.812494316223595,137.24737902591363,10.479797132718847,-2.682618776843957,143.02881543684225,4.71253303278291,-0.7160411740145121,113.97510725744388,0.8918613157812403,2.8760372570859447,91.03363950980997,-3.282847357222064,4.470787819649786,80.84653791172933,-3.282847357222064,4.470787819649786,80.84653791172933,3.206037104401,4.982270334912017,85.88154683267989,3.206037104401,4.982270334912017,85.88154683267989,27.862333858700786,7.812494316223595,137.24737902591363,47.8918126550123,10.090635556359885,143.52073861054592,49.25405648655943,15.49467354877861,114.36276565699673,41.39262776889448,36.33518568817698,121.95766490087493,43.44292459615142,44.93046508746202,128.71532098854544,43.44292459615142,44.93046508746202,128.71532098854544,38.70254850644694,38.44750888226193,126.92125741013477,38.70254850644694,38.44750888226193,126.92125741013477,29.238162255358024,4.834081526994677,141.5469116251515,29.145944969025788,6.929725143528296,148.6928395080148,29.10907873107093,10.586123783437493,155.1808208095499,29.341388487560014,15.738601439489173,163.4290658754611
2.74166557,28.1004,0.370425,91.7498,18.255855606593865,-2.535301474901653,90.82607160414359,8.03203655508935,3.4654072260680366,47.72515373296363,1.5805751539765414,1.367819736573225,8.209542233154266,2.5797809021447895,1.9645429066820408,4.78390372702394,-7.884155012779556,11.413845036473408,3.377740355193769,-9.960994412744547,13.379757733815175,2.8838419262800237,37.94494439340613,3.276151474901653,92.6735283958564,33.89831514877356,10.574781883141114,48.75794018198401,31.78946217428652,6.447553641156753,8.933029562365995,31.52277503760355,5.999027117472253,5.352918981353261,34.44242101568168,19.72791595143257,3.4154361433771765,35.20065249058586,23.331585003625364,2.7337265187329853,28.455078555901636,-3.4441218272869816,99.96907847070035,28.984998468759475,-2.8750917526325064,109.86254948447987,29.211677284064557,-1.010205645452774,119.60709644995445,29.398594856236375,1.286381604527298,129.25987469587113,27.661298373432512,7.925668303411989,137.2440286777812,10.232974053227938,-2.5006882438914513,143.01200833952313,4.421387760060852,-0.6591060555440265,113.95894031838922,0.5558753587806011,2.772879086909989,91.00048231055422,-3.5724119577981908,4.259553226522685,80.77817803679845,-3.5724119577981908,4.259553226522685,80.77817803679845,2.906555141683852,4.779233336326721,85.82510469181011,2.906555141683852,4.779233336326721,85.82510469181011,27.661298373432512,7.925668303411989,137.2440286777812,47.69893389120321,10.100291823792675,143.5280691169876,49.16941211955562,15.578697791897266,114.38923792099456,41.45000864793296,36.395962808912785,122.19076273949267,43.40535175022297,44.96339337794651,129.01162981252506,43.40535175022297,44.96339337794651,129.01162981252506,38.76015513306215,38.419098223874684,127.19149243362372,38.76015513306215,38.419098223874684,127.19149243362372,29.02310240782799,4.9426834700434945,141.54485631299255,28.944214328609316,7.05277831662353,148.68668996492633,28.92360914763073,10.735341034589743,155.1599286255399,29.17580614413094,15.923805740572288,163.38499830038944
2.7499989,27.9494,0.515284,91.7346,18.10131356821809,-2.371321299808241,90.78893711859247,7.99409575467903,3.486908784409176,47.64094306788313,1.5711181088947788,1.599835311224693,8.11008054809286,2.549499488667213,2.1564531451512825,4.671703560869171,-7.939900842443507,11.569136479896581,3.210733289610228,-10.01394113101107,13.527970013304651,2.678437925461112,37.79748643178191,3.4018892998082406,92.68026288140753,33.804569842658275,10.645674406069054,48.75067949280008,31.767539821647183,6.452387540502145,8.928931243299992,31.50158285696955,6.0055429407998595,5.348556033876214,34.43081888374606,19.73332075476546,3.4176874236833052,35.19148722859202,23.33651306870155,2.736172612735511,28.280255523038925,-3.3055194491609154,99.95196567156742,28.79238415755322,-2.7536755420228105,109.84734699844236,29.005862932448885,-0.8977102722780466,119.59389504226641,29.18443679792122,1.396810666159068,129.24732262411754,27.468429390897995,8.044108874218741,137.2294142584054,9.994635488781483,-2.313376322972502,142.98389215794768,4.137270425253176,-0.5958451505670861,113.93241916905478,0.2247577958146283,2.6769495081397654,90.95868281019439,-3.859091834746294,4.053817231004355,80.70320289458024,-3.859091834746294,4.053817231004355,80.70320289458024,2.6104040778125404,4.582662890854422,85.76131476159212,2.6104040778125404,4.582662890854422,85.76131476159212,27.468429390897995,8.044108874218741,137.2294142584054,47.51369147384462,10.115202917660875,143.5240966434985,49.09338823706619,15.667185271218575,114.40491444821609,41.5175132735971,36.45872244773482,122.41301051503656,43.3783586191601,44.99327737074439,129.30119515954877,43.3783586191601,44.99327737074439,129.30119515954877,38.82900584745372,38.39049720418663,127.45045633830925,38.82900584745372,38.39049720418663,127.45045633830925,28.816215616543776,5.05656837456383,141.53149528331429,28.75078693210442,7.180945168218486,148.66922978582517,28.746646460017203,10.889459505198703,155.12766735008194,29.019005769362774,16.113625145096286,163.3294631449019
2.75833223,27.8194,0.663058,91.6964,17.967812048655915,-2.2042703345134083,90.72881647955919,7.978433297315332,3.5114416916343663,47.53429077957707,1.5811396988020352,1.8337784182092072,7.989823906885249,2.538769743977033,2.3499330687906124,4.5393139566226335,-7.976619884305645,11.724841377185978,3.0233204953621016,-10.048082030082998,13.675538982241596,2.4525020328525517,37.67098795134409,3.530386334513408,92.66398352044081,33.73198120696253,10.719110950863968,48.720490640288546,31.76680827129164,6.4596121640207596,8.902158868254354,31.50157575378172,6.014429590774085,5.321522886793405,34.440622932476685,19.74102661096656,3.397179641255286,35.20378664857172,23.343723637401517,2.7158361905986195,28.126374505755685,-3.163946492775169,99.91180663750704,28.620659503130526,-2.6292341036200417,109.80903574684135,28.820940078886622,-0.782144157064246,119.55754975979262,28.99122212994731,1.5103325574046724,129.2116128203441,27.29666597489214,8.165544152415308,137.19169300847508,9.777570904108828,-2.1227026333590224,142.93262279517864,3.87301137697513,-0.528382329042326,113.88368062514812,-0.08860199714097616,2.586055879562047,90.8963494107855,-4.130043840524552,3.851453225513412,80.60975725330829,-4.130043840524552,3.851453225513412,80.60975725330829,2.3304701653572293,4.390355685007053,85.67827712332173,2.3304701653572293,4.390355685007053,85.67827712332173,27.29666597489214,8.165544152415308,137.19169300847508,47.34906690951671,10.132707846415368,143.49696640445688,49.039070913747786,15.757264697317817,114.39791198104564,41.60875006342882,36.52084367346269,122.61226663632502,43.376069528347294,45.01763913523503,129.5713980203836,43.376069528347294,45.01763913523503,129.5713980203836,38.922969993516745,38.35929218348051,127.68596142460075,38.922969993516745,38.35929218348051,127.68596142460075,28.630390542659516,5.173461843343668,141.4949997980352,28.57859121605368,7.311987882927067,148.62861982648408,28.59118615510064,11.046273011336238,155.0721799798273,28.884076903569948,16.305888553140267,163.25057834676164
2.76666556,27.6929,0.806799,91.6529,17.83692230353782,-2.0349274384990608,90.65496748445827,7.89606948240446,3.593617754216564,47.437806235110536,1.5709071391948228,1.7574412035884306,7.888778981624689,2.5401996498303365,2.300459281736158,4.4456563815375745,-7.988836368175603,11.664648645471503,2.958404186501533,-10.06984900475647,13.613146678256893,2.415493413425316,37.548877696462185,3.6485254384990604,92.65083251554174,33.68517818828694,10.799769842249612,48.694540226059985,31.77611664679824,6.479320838932526,8.880045577370232,31.513382191443277,6.032956155456429,5.299372593291038,34.46195470001317,19.7571095223281,3.3721737129751386,35.22772683960658,23.35904795920525,2.689747052615547,27.967363197498578,-3.0290869779591993,99.86531448490119,28.433675742679974,-2.506638456950647,109.7645558292418,28.61326648546357,-0.6696500288364398,119.5153814209792,28.77142639097461,1.613707874382083,129.17181146372783,27.105306573773877,8.276960777685943,137.15116903481987,9.53854979983387,-1.9393595516585158,142.8748779908602,3.61301748534041,-0.46018479600858475,113.82411499791728,-0.35466315626424993,2.567937686328281,90.82630017132556,-4.321765823160993,3.77866997910139,80.50425170329359,-4.321765823160993,3.77866997910139,80.50425170329359,2.1145968869485103,4.2953224717363705,85.60570796788411,2.1145968869485103,4.2953224717363705,85.60570796788411,27.105306573773877,8.276960777685943,137.15116903481987,47.170194061707875,10.08247074092841,143.46507533038542,48.96546782254078,15.852298280521467,114.40078789843521,41.6724944364665,36.56935874881283,122.85226392237159,43.39638495195525,45.030699788248874,129.86527826256992,43.39638495195525,45.030699788248874,129.86527826256992,38.99856534028252,38.342666581564856,127.95531877523973,38.99856534028252,38.342666581564856,127.95531877523973,28.42248768683566,5.278413991098166,141.45507170286865,28.38932601643264,7.436505414382003,148.58290820596443,28.430284951961564,11.18707355955396,155.0168861711522,28.76343723647111,16.469915294951782,163.1787568660643
2.77499889,27.5525,0.946065,91.6243,17.69226260608989,-1.8699527008931027,90.59603074829911,7.799683446951427,3.671434713301234,47.35653485211655,1.5462489388748697,1.6767970653765214,7.803775691766205,2.5270602407828835,2.246651319612819,4.368260422905026,-8.015854602344705,11.599740324713757,2.909756506825281,-10.106495761194038,13.545495987431181,2.3947179346501555,37.412737393910106,3.7620827008931026,92.6525692517009,33.6242072487651,10.87582595107315,48.68365070052607,31.770912588156357,6.494422256080974,8.873182476044363,31.510654858526383,6.046880622684282,5.292475528506703,34.46888058116373,19.76855658716936,3.3624314099438033,35.23729425234995,23.36972742320313,2.6789237953308045,27.794414285513607,-2.8986276677162546,99.83361901705454,28.2327213158787,-2.388382879430867,109.73477633544718,28.39160703068088,-0.5614637606455073,119.48785281948278,28.537638791673206,1.7127547221257347,129.1466303848791,26.900089854288048,8.383792218509866,137.12539808080217,9.285944075156753,-1.7603722125907435,142.83177918499632,3.338275904706414,-0.3955180559711007,113.77994381947477,-0.6362843319260207,2.546819571528213,90.77218377093502,-4.529880829922763,3.700969189188609,80.41572173983067,-4.529880829922763,3.700969189188609,80.41572173983067,1.8820685342447132,4.196502973351539,85.54991129358397,1.8820685342447132,4.196502973351539,85.54991129358397,26.900089854288048,8.383792218509866,137.12539808080217,46.976199916161065,10.027349855929941,143.44785898744598,48.8791938600711,15.941578540179894,114.41947228132956,41.72361892951832,36.608669834340276,123.10742872068194,43.40313263290277,45.032261282977316,130.17643159643865,43.40313263290277,45.032261282977316,130.17643159643865,39.06137053906371,38.31551490163727,128.23917303779925,39.06137053906371,38.31551490163727,128.23917303779925,28.20070356043533,5.378782289566372,141.4298314240348,28.18644586317743,7.5561497614948605,148.55186618334037,28.25600765145801,11.322655818274008,154.9762809258953,28.62976139746366,16.628232875637693,163.121629335394
2.78333222,27.3915,1.07285,91.6172,17.52719222979453,-1.717559478895452,90.55860566563277,7.682674046054586,3.7365033402061005,47.2970434799545,1.500794039835574,1.58322532375733,7.741354469869144,2.4929804675455314,2.179895141482417,4.313667047585124,-8.064249502142644,11.521256086684993,2.883830672833842,-10.164635212543823,13.463677276452342,2.3966037503579507,37.25580777020547,3.8632594788954524,92.67579433436723,33.542175807107974,10.93936389474512,48.69441434023046,31.744410592362534,6.496928981638131,8.888163675724776,31.486617860576455,6.048206866947829,5.307426151858201,34.454384369421966,19.76742136455032,3.3745328496429385,35.22540979977982,23.36782850578669,2.6899440514029838,27.60090554140964,-2.780561856021688,99.8233238926547,28.011153305608893,-2.2824262285815538,109.72630004677343,28.149270230069906,-0.46551613799029234,119.48156224100917,28.28311028016153,1.7995682536672668,129.142662518931,26.674120054860722,8.478121530144444,137.12095295825083,9.013060245295481,-1.5939633118069452,142.80998294406496,3.041947573611326,-0.342909937960179,113.75783327217597,-0.9404519107410194,2.5139430616998775,90.7406573479805,-4.761478679099362,3.6094737163065633,80.35085331464234,-4.761478679099362,3.6094737163065633,80.35085331464234,1.625834742755751,4.085167124232549,85.51752475633565,1.625834742755751,4.085167124232549,85.51752475633565,26.674120054860722,8.478121530144444,137.12095295825083,46.76016385121604,9.959801761132024,143.45186577900554,48.77318546089143,16.017433378158064,114.46049525549654,41.75482666678279,36.631072432440135,123.38417314171221,43.38892553591363,45.01458923274203,130.51122216468272,43.38892553591363,45.01458923274203,130.51122216468272,39.10401719383107,38.27014032703111,128.54385839253231,39.10401719383107,38.27014032703111,128.54385839253231,27.95820274071487,5.4666893236443475,141.4258611818421,27.96306058983079,7.663059822554868,148.54207116576734,28.061372976421712,11.44517502853267,154.95693287478758,28.475939077282177,16.773021704110853,163.08575352946733
2.79166555,27.2286,1.17995,91.6269,17.36036207798617,-1.5847793572752467,90.53798921139125,7.563650172490652,3.781948143696595,47.25465784675348,1.4529384255870736,1.4700778830488153,7.6968616804579355,2.4563410022772554,2.093527680995909,4.277214993718028,-8.115466083396496,11.422739739253004,2.876051792884989,-10.225673906339972,13.361276416580903,2.416586038401954,37.09683792201383,3.9446793572752465,92.71581078860876,33.45796100743871,10.98311464783192,48.722139587955155,31.71541323498286,6.479641808910535,8.920292402933626,31.46006617207823,6.0297436563682965,5.339527209095156,34.43745444814279,19.746473045899624,3.403796104855531,35.211112502897734,23.346110226712796,2.7181292758341793,27.405469776669833,-2.6821055240036227,99.82972555989788,27.7876218816089,-2.196034873146521,109.73442515814244,27.90494544137849,-0.3891151227468146,119.49181493401684,28.02657542808384,1.866802611371192,129.1552211845905,26.44624748200783,8.552599395221895,137.13317372229733,8.738597430323917,-1.4472774046720538,142.80473280900725,2.7429549890469858,-0.3091772526032375,113.75299066847083,-1.2480442342430047,2.462740569854323,90.72692068192643,-4.997392492131546,3.4977783255048918,80.30485057487428,-4.997392492131546,3.4977783255048918,80.30485057487428,1.3650599008908704,3.954786560483512,85.50378255879646,1.3650599008908704,3.954786560483512,85.50378255879646,26.44624748200783,8.552599395221895,137.13317372229733,46.540963365378104,9.872146878472824,143.4724305277969,48.66543210517788,16.07224973721444,114.51915646846747,41.78474806194693,36.629048258683184,123.67807146343098,43.372927706566394,44.97011512980304,130.8650562066169,43.372927706566394,44.97011512980304,130.8650562066169,39.14542546822137,38.19909606916185,128.86503709196188,39.14542546822137,38.19909606916185,128.86503709196188,27.713783220358806,5.534745637737963,141.4384889189401,27.738007032161512,7.749816007339212,148.54886077751095,27.865285625403317,11.547183674389347,154.95419530924656,28.320973361141284,16.896792370277836,163.06650545955344
2.79999888,27.0665,1.27945,91.6406,17.195086782769682,-1.4746732235154998,90.55359440002219,7.426679168562652,3.9022629415191057,47.265133207576866,1.3995555479938755,1.4882210172439074,7.700616754823102,2.4120077374982616,2.1099185982249637,4.2833192077297735,-8.159590884680853,11.434105497184861,2.847560786265584,-10.268611413668452,13.371799080310502,2.379173904379918,36.93791321723032,4.0335732235155,92.72760559997782,33.384525092343196,11.02601621280719,48.719614551471444,31.69082751038203,6.484720244233069,8.919956272578247,31.439117546329744,6.033544559074642,5.3390943039010645,34.42476385568418,19.748177535637428,3.4012296456715934,35.20070869227517,23.347047000562256,2.7141184431727146,27.241513229207044,-2.5849360449720633,99.84236772528507,27.604225591229486,-2.1067487141730212,109.74818196034417,27.70061795911325,-0.30706576277010256,119.5071382993306,27.800676391346204,1.9391248577418299,129.1730575544694,26.23021000156917,8.626501011972689,137.1516336953861,8.47849086103739,-1.3083310793109888,142.79969245160294,2.462162215115252,-0.24587232944752846,113.74936211494247,-1.5195795486527608,2.492375228101965,90.71766145953625,-5.181311418103265,3.5181414688990715,80.2635721081697,-5.181311418103265,3.5181414688990715,80.2635721081697,1.1463074788203342,3.937413927748335,85.50799776350222,1.1463074788203342,3.937413927748335,85.50799776350222,26.23021000156917,8.626501011972689,137.1516336953861,46.32062695039627,9.826856806887076,143.5280967924248,48.494567702644716,16.101454747447146,114.59455010471241,41.7685675501833,36.603198948173215,123.98874559539088,43.353339834488864,44.908403129920686,131.21789085172963,43.353339834488864,44.908403129920686,131.21789085172963,39.151555804391556,38.12641321165398,129.20091924391957,39.151555804391556,38.12641321165398,129.20091924391957,27.480530248741378,5.602329541831244,141.4575497756986,27.512224591763452,7.831669882750065,148.56343104514522,27.6658774185248,11.643895016732746,154.95935489077996,28.1683745819594,17.013370560513476,163.0557596158342
2.80833221,26.9188,1.37947,91.6557,17.044276244921114,-1.3642324492390623,90.57059526292514,7.304064806046894,4.0228042274382885,47.27703662864148,1.3609789908078413,1.5068077716811676,7.706160058652266,2.382485924933578,2.1268122500599476,4.29125041505651,-8.188984842402572,11.445755122720257,2.820920332574723,-10.296822520710194,13.382561048053496,2.3436222973799428,36.79332375507889,4.123172449239062,92.74080473707485,33.32513776874843,11.069292795568678,48.71868302141323,31.6802455887406,6.489995933595558,8.92133198323392,31.432176159782156,6.037526543632917,5.34037919756876,34.42583080141928,19.750107441619136,3.400348784717484,35.20399836165208,23.348219278193046,2.7117850045866625,27.092025131184563,-2.4872533912492747,99.85640400782711,27.435268703109628,-2.016905789114073,109.763287272704,27.510675741795698,-0.22441474288119934,119.5237518450536,27.589087741277996,2.0120948114006936,129.19211549214214,26.028381418316474,8.700934679967496,137.1713797898164,8.233054794367437,-1.1690619428118971,142.79583583936412,2.195020471543211,-0.1815966510351259,113.74736298012533,-1.7778680308656258,2.5232038699598363,90.71018187372576,-5.35200181952839,3.5380630646659847,80.2247591685353,-5.35200181952839,3.5380630646659847,80.2247591685353,0.940139586242482,3.920631817473843,85.51448018508455,0.940139586242482,3.920631817473843,85.51448018508455,26.028381418316474,8.700934679967496,137.1713797898164,46.11374289455386,9.782410643076599,143.58493207775297,48.337333197381376,16.131771007059406,114.67147516278938,41.76668237279872,36.57477595156138,124.30068067625098,43.34739079317849,44.84264580748135,131.57337960898388,43.34739079317849,44.84264580748135,131.57337960898388,39.17173479499846,38.05014971956408,129.53758869775166,39.17173479499846,38.05014971956408,129.53758869775166,27.26152802825749,5.670497522237798,141.47784320698855,27.300826377664443,7.913961866559891,148.57923989200688,27.480984034459606,11.740711697481952,154.9657914225855,28.030477839612583,17.129450183168576,163.04632943545187
2.81666554,26.7697,1.4716,91.6733,16.892033414190337,-1.2615260752218829,90.59011050294905,7.180129359265706,4.135722419485132,47.291464674651806,1.321493304664374,1.5180218357594915,7.71459255312498,2.3520750942421627,2.1363366860209623,4.3021040528459285,-8.219037249958763,11.450163167354301,2.797185090942453,-10.325632460482577,13.386104757536208,2.3109782796963683,36.647366585809664,4.204726075221883,92.75648949705095,33.264280691970036,11.104164899279933,48.72040683750931,31.667937972754807,6.486610942174069,8.925499310716084,31.423492065496006,6.032828071004329,5.344463546044448,34.4253566001405,19.743295765868442,3.402185012020266,35.20580090808187,23.340631915918472,2.7121466613866505,26.941078443896284,-2.3974461318343803,99.87294721272843,27.26484723550799,-1.934874735457235,109.78085216348528,27.31928528045075,-0.14950508535162488,119.5427613390587,27.37606064652782,2.0773978441355467,129.2134934179061,25.825250059691765,8.767668898819,137.193487245261,7.986446560637237,-1.0370438788494525,142.79435199184655,1.9256209363445427,-0.12383505013704588,113.7481962388544,-2.038811093301955,2.5477752636606166,90.70568597513697,-5.525399126299986,3.550174806484745,80.1896334897428,-5.525399126299986,3.550174806484745,80.1896334897428,0.7306717653698,3.8968880525188396,85.52441724142295,0.7306717653698,3.8968880525188396,85.52441724142295,25.825250059691765,8.767668898819,137.193487245261,45.90484294913542,9.729901532093741,143.6439947131789,48.179416481526495,16.154157499445443,114.75105488089994,41.76502556723003,36.53492100102298,124.6147038269724,43.34109217979553,44.76401507864759,131.932250241258,43.34109217979553,44.76401507864759,131.932250241258,39.1918828145095,37.96153563365503,129.87582475093737,39.1918828145095,37.96153563365503,129.87582475093737,27.04116135891458,5.730990089077119,141.50045469474176,27.08827482524793,7.9884560027032485,148.59736525304854,27.295190796861878,11.829435321092696,154.97455704559295,27.892040667143185,17.236869113396846,163.03923127959598
2.82499887,26.6196,1.57657,91.6985,16.73880735060652,-1.1459927794735945,90.61722143204592,7.055269362113089,4.261555106601438,47.31350773292757,1.2816008411891087,1.542367228038032,7.730992037464688,2.321272309886557,2.159019220388074,4.32096074712332,-8.249398912077787,11.467689680254512,2.7814396570616022,-10.354722345184019,13.402757376159784,2.286327004044476,36.500392649393476,4.299132779473594,92.77977856795407,33.20223094567216,11.151620808633481,48.72992454508213,31.6543065491504,6.495661060945415,8.937579193487664,31.41347973854818,6.040552979782747,5.356466388037996,34.423492605574424,19.748911136396785,3.4119098343914285,35.20619893103032,23.345471257292065,2.7203899688220714,26.78913274839601,-2.294808742619436,99.89708452617984,27.09341141235794,-1.8399925117513067,109.80596618513593,27.126864107747913,-0.06171846684745441,119.56926487865097,27.16197291859607,2.15560654907325,129.24230039939485,25.621076605139244,8.847206802293135,137.22310025581794,7.739088474070396,-0.892131360651323,142.80026633440363,1.6544858888754694,-0.05228878109048041,113.75686781663723,-2.3018431642548096,2.5865128676215328,90.70918488489521,-5.700945982850735,3.574927746958827,80.16320949682503,-5.700945982850735,3.574927746958827,80.16320949682503,0.518452963147296,3.8867034961812785,85.54283991038314,0.518452963147296,3.8867034961812785,85.54283991038314,25.621076605139244,8.847206802293135,137.22310025581794,45.6941669533482,9.690189890313064,143.71042730368234,48.02046177464321,16.189587562102368,114.83841829931349,41.76290368124133,36.504407127468966,124.9360702528272,43.333608911248454,44.6931631771282,132.29987499429484,43.333608911248454,44.6931631771282,132.29987499429484,39.21121356448076,37.88125879320144,130.2208449264624,39.21121356448076,37.88125879320144,130.2208449264624,26.819743909556607,5.804309580066411,141.530512504522,26.874844842666842,8.075617229028332,148.62294769657257,27.108712558353353,11.930477723973357,154.9908255187808,27.753193908324132,17.355976881669278,163.03968526198548
2.8333322,26.4668,1.6805,91.727,16.586840780135958,-1.046091725643724,90.64826083529209,6.941757142757929,4.368726660215611,47.33687427556461,1.2611250426331955,1.5520889449308544,7.747712240812376,2.30328975610054,2.162905204906042,4.337391720662774,-8.266428247384294,11.468699348883355,2.774120254561604,-10.372237876019287,13.402567236920616,2.276394341566859,36.34675921986404,4.407091725643724,92.80573916470792,33.14930337015304,11.160458138340879,48.73315788751242,31.644172607718886,6.4974320933920175,8.939998309739465,31.4053223179554,6.042341590951429,5.3587508989525094,34.42490969645002,19.748793224896176,3.4155996773618247,35.21013278015028,23.344603648871455,2.7230350787466686,26.641683547943984,-2.1958800227816138,99.92310862654578,26.94180113857091,-1.7534735118325588,109.83267899822518,26.96488645284214,0.014811476060948126,119.59782181900643,26.98252882783173,2.2201022936453976,129.27365564337953,25.43617914273836,8.90424488059368,137.2596485230881,7.526589354799945,-0.7889539437441648,142.82862320606404,1.4118497861414125,0.03545607662240979,113.79111246967685,-2.542974972231183,2.6897794208812122,90.74495376687594,-5.875965234404272,3.7028529901926888,80.18023329322942,-5.875965234404272,3.7028529901926888,80.18023329322942,0.31732999323212985,3.9586299147037067,85.5928318504834,0.31732999323212985,3.9586299147037067,85.5928318504834,25.43617914273836,8.90424488059368,137.2596485230881,45.48898264022817,9.689866977177514,143.8165425021318,47.831600793656136,16.17799763189971,114.94331922459514,41.70115316215954,36.38437886129892,125.3323168513954,43.36598054155515,44.544980147171614,132.70669121676985,43.36598054155515,44.544980147171614,132.70669121676985,39.19233614216714,37.76132997645114,130.63755285926325,39.19233614216714,37.76132997645114,130.63755285926325,26.621246391204306,5.854081796398279,141.56568473617605,26.678493478169983,8.129262940896439,148.65686129816166,26.930632782345175,11.9951806638943,155.01733434918555,27.608859831124754,17.435393747100676,163.05347957970582
2.8416655299999998,26.3145,1.78568,91.7526,16.43532480487088,-0.9447520588678826,90.67639693094097,6.828870278750335,4.477658274934069,47.3573757063166,1.2417233494879172,1.5639385025591648,7.76193649964906,2.2864338236583754,2.1688998617469557,4.351351267955209,-8.282069527634201,11.472037352913683,2.764237304131032,-10.388311219442755,13.404755654289524,2.263881242796383,36.19367519512912,4.516112058867883,92.82880306905903,33.096738101601126,11.169987824982773,48.73391651542517,31.634584742021943,6.499783546147883,8.939996386377516,31.39772972066839,6.0447098365473675,5.358614326154111,34.42710132796812,19.7492037534047,3.4168843892919716,35.21489884019557,23.34425043009431,2.7232792481985526,26.49466013125804,-2.095698880452608,99.94622821148126,26.790625914928068,-1.6656947094868149,109.85646936436187,26.803378031702056,0.09260687574494897,119.62343368083653,26.803594361929665,2.2858707057967362,129.30201688114988,25.251928407619992,8.962575148495162,137.29319904007275,7.314688430157798,-0.6840678729203287,142.85401635844494,1.169430702046701,0.12551104430939097,113.82253153469078,-2.7837231114648264,2.7955432536248326,90.77790081150631,-6.0502488161523384,3.832150667056064,80.19472001734528,-6.0502488161523384,3.832150667056064,80.19472001734528,0.11623079402943404,4.032369394926439,85.64017614442832,0.11623079402943404,4.032369394926439,85.64017614442832,25.251928407619992,8.962575148495162,137.29319904007275,45.28409893156983,9.690338187270282,143.91947204220514,47.64289439157871,16.16772706138924,115.04515405906862,41.64010205764774,36.26102766262093,125.72397690544274,43.39846017952438,44.39264388530872,133.10865395681168,43.39846017952438,44.39264388530872,133.10865395681168,39.17415273851935,37.637397861987864,131.04942386718076,39.17415273851935,37.637397861987864,131.04942386718076,26.423328413584667,5.905135460062183,141.59781419936644,26.4828482403726,8.184116931560157,148.68775160002718,26.75351383291251,12.06087141185988,155.04086314784303,27.465854294138854,17.51537908864411,163.0643572469
2.84999886,26.1593,1.89075,91.7781,16.280954658910687,-0.8436786150074591,90.70442952838991,6.713042329234826,4.586285322992673,47.37782514339737,1.2198109922562592,1.5757651080188726,7.776487322514711,2.267093730690875,2.1749011478255174,4.365662683929241,-8.300245264748245,11.47525651937108,2.754669971830468,-10.406929687413054,13.406807565972771,2.251677345072041,36.037645341089316,4.625178615007459,92.85177047161008,33.040787304959274,11.179084883083092,48.73500204065446,31.621937653161087,6.5016045141304915,8.940368950831207,31.387110101888315,6.046544320233892,5.358851662768224,34.42601689433574,19.749133366411257,3.418578502000135,35.216326046801356,23.343429472132716,2.723941497857228,26.344797729176292,-1.9956192407600513,99.96924324569193,26.63661724524144,-1.5780323089714725,109.88013833972067,26.639019443809502,0.17026155747530636,119.6489070352312,26.621783964428925,2.3514757262172137,129.33019758601677,25.064714178590133,9.02068377595087,137.32658673471354,7.100100956929278,-0.5795974175516818,142.8792673163614,0.9238928649135785,0.21574772353387617,113.85395764788979,-3.027534146979469,2.9016940317783533,90.81088017896411,-6.227310299013316,3.960662293181878,80.20953688534894,-6.227310299013316,3.960662293181878,80.20953688534894,-0.08835074770635076,4.105951476025671,85.68773160939166,-0.08835074770635076,4.105951476025671,85.68773160939166,25.064714178590133,9.02068377595087,137.32658673471354,45.07588643625918,9.690733275319321,144.02203349966453,47.45047542013076,16.15813731455128,115.14677187676314,41.575375207572954,36.133501502327235,126.11397413158278,43.42657345109639,44.23535725387205,133.50866542163672,43.42657345109639,44.23535725387205,133.50866542163672,39.15234554187767,37.50853320030759,131.4594302750012,39.15234554187767,37.50853320030759,131.4594302750012,26.22249084614092,5.9559852685549615,141.6297255122619,26.284338960875754,8.238674902017769,148.71844996384593,26.573654617707888,12.126045976301182,155.06424810781778,27.32028658435043,17.59444436477901,163.07515943285944
2.85833219,26.0107,1.99113,91.8039,16.13312535420966,-0.7470707562235992,90.73275549739712,6.603940339959694,4.690880847562589,47.39861863546028,1.2050445988522274,1.584019359376291,7.791749077770213,2.2549472623105817,2.177311951691393,4.380708453449376,-8.310920323051866,11.475162896771682,2.7457861398036405,-10.417984257880473,13.40560891003528,2.2401478804528776,35.88827464579034,4.729330756223599,92.87504450260288,32.991295395202165,11.182991206958864,48.73683112396376,31.61589609656824,6.498127135485712,8.941541137696085,31.383111346633456,6.043080567839337,5.359888764130073,34.431837702437434,19.74369642761548,3.4210866416130177,35.22473580090565,23.33722354824174,2.7254221690624814,26.201449098100277,-1.9002435554112656,99.9925463831527,26.489140970572087,-1.4951020207344161,109.90407869474778,26.481240887002883,0.24315772153703352,119.67463495820985,26.446608309096252,2.4122998629460533,129.3585908645175,24.884299796246506,9.074012495806095,137.36020436767237,6.892215208164874,-0.479422529542493,142.90472961621782,0.6847224645496555,0.3024190003343684,113.88572757789603,-3.264766150829511,3.004557179217537,90.84421089215653,-6.3974631415920316,4.084792982705695,80.22499430128723,-6.3974631415920316,4.084792982705695,80.22499430128723,-0.2867252108265488,4.175579100105641,85.73581915571287,-0.2867252108265488,4.175579100105641,85.73581915571287,24.884299796246506,9.074012495806095,137.36020436767237,44.87413262398172,9.685801496765379,144.12461761476962,47.26388957753561,16.143873926279113,115.24851878133828,41.51711755234461,35.996605286623115,126.50263674164489,43.46070933961364,44.067854192131506,133.90708492504478,43.46070933961364,44.067854192131506,133.90708492504478,39.13708314774185,37.36960752455242,131.86789418188468,39.13708314774185,37.36960752455242,131.86789418188468,26.028378467740453,6.002028543517402,141.6618117047399,26.09269470532747,8.288332463004688,148.74934931041224,26.400927108680268,12.186100093835218,155.08787530500067,27.182230564113453,17.667969430187185,163.08626351613998
2.8666655199999997,25.8461,2.10195,91.833,15.96439389491548,-0.6221310508713116,90.7639622593102,6.513564287768501,4.748546986121088,47.4042835311457,1.1979887267564289,1.5944788766649123,7.789875918433857,2.250122462484204,2.1913680221416154,4.380150446529175,-8.319000259857816,11.48562946600413,2.7458585224212655,-10.426758596533354,13.415470710702774,2.2408061990578654,35.72780610508452,4.826031050871311,92.90203774068979,32.92583429073793,11.189806584747473,48.744644054512534,31.60520957261451,6.510064174416706,8.946896115504309,31.374185934677186,6.055359109346643,5.365086345832861,34.43354021520386,19.75395383986101,3.428745777816168,35.22923548479192,23.346734413549576,2.732419412610004,26.03276121036567,-1.7888626099325102,100.02200713038125,26.316903696821782,-1.3917019660928907,109.93396483361907,26.307626215085975,0.3374048851353335,119.70614383657272,26.271101999306875,2.4926845245601115,129.39318748765342,24.70750769447369,9.141024689846194,137.40566448559463,6.709327177200052,-0.4118296836302804,142.93137351039707,0.4731005698304296,0.42602514092020294,113.9200964162305,-3.481025017076563,3.193300853708182,90.88710750440272,-6.582433869540016,4.306049813661479,80.26206568270393,-6.582433869540016,4.306049813661479,80.26206568270393,-0.4852445739913307,4.361054321687271,85.78834905872687,-0.4852445739913307,4.361054321687271,85.78834905872687,24.70750769447369,9.141024689846194,137.40566448559463,44.68260225601206,9.717562476620465,144.21655211335812,47.09005716694058,16.14843151364794,115.33585257334614,41.477079812161804,35.83871614692036,126.93751963094854,43.51047544806667,43.8537823398217,134.37878813451414,43.51047544806667,43.8537823398217,134.37878813451414,39.1047747540572,37.22025847008732,132.30400785259684,39.1047747540572,37.22025847008732,132.30400785259684,25.84773201502888,6.060917883082334,141.70248396629677,25.911092028301265,8.342622412659722,148.79151221076893,26.230182235973707,12.241254440467014,155.12896921288126,27.03103882304896,17.727553251215756,163.12238491410156
2.87499885,25.6866,2.19149,91.8543,15.800783630364204,-0.5184630716653413,90.78735864021843,6.42841924426974,4.785016307181779,47.40238434562639,1.1961953760185313,1.5838454390822796,7.780659015250713,2.2505377386122065,2.1843303748350102,4.372247381076456,-8.321860170121688,11.47498530595952,2.7386334700892094,-10.430318613754507,13.404217381786994,2.234176461046924,35.57241636963579,4.901443071665341,92.92124135978156,32.865209291252924,11.17505664417614,48.7450384352707,31.599477091890165,6.500299509758892,8.944921005497825,31.370224615916513,6.045931731942017,5.362954636540447,34.44015341382643,19.74250900361995,3.429080489467037,35.23863332190442,23.334543483875112,2.7320928650046,25.86917007942267,-1.6987703604688296,100.04366172411284,26.149740074073826,-1.3096098191970607,109.95603851233162,26.139057052125484,0.410320674302719,119.72983531863835,26.10060124391322,2.551711987165897,129.41995107833952,24.535679625318746,9.186645091346712,137.4432748769096,6.531375946263012,-0.365586697645492,142.95008027765758,0.26659122241593725,0.5284377999073246,113.94663368588805,-3.6918758222472725,3.3608652349935726,90.922311856108,-6.761844019129495,4.505905704385315,80.291571598513,-6.761844019129495,4.505905704385315,80.291571598513,-0.6783877909417044,4.525169163070861,85.83320854012571,-0.6783877909417044,4.525169163070861,85.83320854012571,24.535679625318746,9.186645091346712,137.4432748769096,44.495870415706264,9.727806731119797,144.30060063342486,46.92091417525704,16.13183854472253,115.4154096017798,41.436306193398735,35.65191721405869,127.36099900826217,43.55936913551721,43.60909118182106,134.8392639822673,43.55936913551721,43.60909118182106,134.8392639822673,39.07217753787288,37.04172622667052,132.72896071836075,39.07217753787288,37.04172622667052,132.72896071836075,25.67203312166389,6.0984172083309645,141.7352879670467,25.7344295079337,8.375503795147969,148.82580944784192,26.064419796461817,12.274928454985577,155.16222051675368,26.884943237745148,17.76551491915546,163.15069609399487
2.88333218,25.5187,2.29374,91.8751,15.628793591765348,-0.40208044635930706,90.81026284467987,6.335036593146651,4.83415496160006,47.40021767247279,1.1862214160458997,1.5858736266325275,7.7714005019974906,2.2427632880147312,2.189948429328513,4.364304561298961,-8.332949818172946,11.47694486511688,2.731346969300836,-10.442117481530907,13.405555965569361,2.2274806418323427,35.40860640823465,4.989560446359308,92.93993715532014,32.795865616856844,11.17257614874018,48.7452767919778,31.58511240402993,6.5025252700210165,8.94289644685518,31.357638386284336,6.048477540736657,5.360776114652143,34.438061813750124,19.743039867831705,3.4293219534490014,35.23930680095402,23.334327943097044,2.731661541401981,25.697183214842337,-1.595949223287107,100.06482309927287,25.97415344515041,-1.2147423893778808,109.97761018877016,25.962032197900896,0.49605464778991415,119.75300816600786,25.92159944480107,2.6236009282615016,129.44616508505794,24.355304290974168,9.245149594602118,137.4802707911326,6.344884527139712,-0.3064428957059846,142.96815286617496,0.05170834787404921,0.6436915443297898,113.9726376998155,-3.9108161204803933,3.5411233036865943,90.95710400455735,-6.949194937040355,4.718155151034432,80.32078363385241,-6.949194937040355,4.718155151034432,80.32078363385241,-0.8796577662088776,4.701782326478819,85.87767136137357,-0.8796577662088776,4.701782326478819,85.87767136137357,24.355304290974168,9.245149594602118,137.4802707911326,44.30042169613451,9.750860671654792,144.38400433472455,46.742486761933755,16.128222744514307,115.49434713969961,41.38120500133867,35.47066750380117,127.78002949182996,43.59416015652196,43.368463945220455,135.2950878204071,43.59416015652196,43.368463945220455,135.2950878204071,39.02608316146968,36.86852369618865,133.1498605410601,39.02608316146968,36.86852369618865,133.1498605410601,25.487768492777022,6.1488331265885545,141.76748156896275,25.549190348930424,8.421332600539943,148.85948304943196,25.890122234201844,12.321500099955454,155.19485757889808,26.73042490586258,17.81625425929201,163.17840996081765
2.89166551,25.3564,2.38946,91.897,15.462419823915937,-0.2922025992662829,90.83425977353264,6.247299263261166,4.876862942375498,47.39940721560619,1.181838755654267,1.5815691342878822,7.763729748780243,2.240551446658772,2.189230799694027,4.357945759461215,-8.338516732865646,11.472529748892818,2.7256963689639946,-10.448403501353067,13.40051093466851,2.222430379295838,35.250380176084064,5.071122599266284,92.95974022646737,32.731861293340536,11.163276766651766,48.746995203249554,31.576168886695065,6.497800742444501,8.942441591649171,31.350480053699584,6.0440696938726015,5.360168217125253,34.44141515262868,19.73660485072322,3.43113680405341,35.24543112793447,23.32714280428809,2.7328036922340653,25.530789211831124,-1.4996678319304109,100.08707790342689,25.80413731232824,-1.1264361580125308,110.00026901295055,25.790553445571682,0.5752006975400394,119.77726377262948,25.74810775539973,2.6888746401296473,129.47344651988644,24.18041006667381,9.297003142967455,137.5183208751978,6.1638308655674585,-0.25387852008439893,142.98718933116214,-0.15758365621706982,0.7525884134007226,113.9997185136594,-4.12388283086459,3.7150909156633176,90.99312050306082,-7.13053012613081,4.923914882789138,80.35135009164739,-7.13053012613081,4.923914882789138,80.35135009164739,-1.0750927085972792,4.871942433348432,85.92338089743068,-1.0750927085972792,4.871942433348432,85.92338089743068,24.18041006667381,9.297003142967455,137.5183208751978,44.1103006483097,9.76706090945531,144.46839252520152,46.56925647646618,16.118079507899296,115.57436510364961,41.325771352829875,35.27562417399754,128.1960071665769,43.62849143840369,43.11239617569507,135.74789074829135,43.62849143840369,43.11239617569507,135.74789074829135,38.980170477822554,36.68125021245558,133.5679768507499,38.980170477822554,36.68125021245558,133.5679768507499,25.308963519512105,6.192595716726428,141.80070907899088,25.36940697871543,8.460485415591034,148.894194428558,25.72132855407087,12.361319235535825,155.22855771277798,26.581528310294914,17.86009021968983,163.2072239252234
2.89999884,25.1949,2.47713,91.9179,15.29231227663755,-0.17647923885044747,90.8649568872922,6.183684250625877,4.8996516644028,47.39669383495949,1.1855077983256601,1.5844275228625357,7.754137147316094,2.2447771751915653,2.1949941924085588,4.349045874989668,-8.33366639746053,11.480124486113702,2.7231774888234948,-10.443818736725296,13.408465600489848,2.2224101410441115,35.09748772336245,5.130739238850447,92.97084311270781,32.653231286016336,11.169692219339634,48.7466330053703,31.567199832397737,6.504479234669948,8.940087021331188,31.344188181334882,6.051379160499828,5.35756612538693,34.44614089045447,19.742042615495222,3.432940303976646,35.25306466557005,23.331779352478883,2.7338424568170847,25.36452067822307,-1.4066856357097879,100.11059844970724,25.64014762150427,-1.0373850416162826,110.02387368545752,25.633180339411346,0.6582268053565614,119.8019221084193,25.596266862423352,2.760908135021872,129.50051724696868,24.030720503908366,9.358860191364371,137.55415834944813,6.0203073151363675,-0.2218391812090008,142.99108810272617,-0.33222695866072716,0.8887873904240438,114.01422597863454,-4.312887635054844,3.9595357760382086,91.02430759749066,-7.327334180997836,5.220670756008589,80.39081751122023,-7.327334180997836,5.220670756008589,80.39081751122023,-1.2680895543770183,5.143436838502813,85.9584148593155,-1.2680895543770183,5.143436838502813,85.9584148593155,24.030720503908366,9.358860191364371,137.55415834944813,43.943214694787656,9.799845198957312,144.55580788089975,46.383980186758976,16.125263842557466,115.65462339935303,41.32390701368357,35.120426529067345,128.5925890909193,43.71070941692083,42.927658813212005,136.14896118208674,43.71070941692083,42.927658813212005,136.14896118208674,39.00423319619798,36.53768579173968,133.97275413256452,39.00423319619798,36.53768579173968,133.97275413256452,25.152717169524507,6.246762862750771,141.83268622613448,25.20822931496507,8.509423294250773,148.9278816199156,25.56181325317468,12.404460663611603,155.26571830071,26.428548764493982,17.89708310626301,163.24791152953503
2.90833217,25.0269,2.56336,91.94,15.115802987217467,-0.062194359926821985,90.89683408976214,6.113485207178746,4.920618565377451,47.39563925342897,1.1824492722469442,1.5852731813750638,7.746362646310082,2.2422551053311697,2.1987454949607255,4.341960619488852,-8.335666499317476,11.485588733351893,2.7224921290711626,-10.446106373320776,13.414263274413509,2.224226800377998,34.93799701278253,5.188914359926821,92.98316591023786,32.56787048583145,11.17458769037106,48.7476788294172,31.551350915247887,6.509650664772286,8.93926476656086,31.331003115066,6.05718147208532,5.356499309511767,34.44385361434324,19.74599088700512,3.436285891385401,35.25365530296122,23.33493068264831,2.736424485134056,25.19178053082515,-1.3151417611693432,100.13531216328342,25.46964197461122,-0.949774222324338,110.04867075762547,25.469228581240483,0.7397951284763313,119.82776756041564,25.43776175043487,2.8314710759324924,129.52876135537255,23.874277305688757,9.419236420381113,137.59113730192323,5.870067491592007,-0.19125582344766023,142.99593670997618,-0.5134637892107703,1.023234763316765,114.03005570073233,-4.508434964353036,4.201982508695736,91.05730509657022,-7.530659080534507,5.515298525407145,80.43234282545205,-7.530659080534507,5.515298525407145,80.43234282545205,-1.4676247440621917,5.412910379603442,85.99540691425425,-1.4676247440621917,5.412910379603442,85.99540691425425,23.874277305688757,9.419236420381113,137.59113730192323,43.76917270508795,9.831065894212564,144.64440054466758,46.191235373948636,16.13159658385986,115.73620711967257,41.31195240519938,34.95758207496381,128.98710785281585,43.78259454819549,42.73448277804451,136.54780912231053,43.78259454819549,42.73448277804451,136.54780912231053,39.01839043557591,36.38610440667951,134.37548272394224,39.01839043557591,36.38610440667951,134.37548272394224,24.98968452900378,6.299468788844225,141.86580029956306,25.040209788114396,8.556915957851967,148.9626933507391,25.395400549002034,12.446146264763001,155.30400541100587,26.268619304521337,17.932583211395386,163.28974514643656
2.9166655,24.86,2.6417,91.9622,14.940495620165965,0.04418109974190321,90.92880596515396,6.044124073368232,4.933084506968468,47.39517185282494,1.1799925411064303,1.5771151954796125,7.739371846934226,2.2403039272215577,2.1934712375737484,4.335648174623462,-8.337229716035377,11.481865908380446,2.72255565864757,-10.447986002886624,13.410837457551573,2.226786614730669,34.77950437983404,5.239218900258097,92.99559403484604,32.48333845671554,11.171360398761289,48.74899618207044,31.536175895430855,6.506419103277567,8.938872023984835,31.318478133412174,6.054554053794352,5.355868325261153,34.44208764883287,19.741517425342863,3.439972122158612,35.25473240891781,23.329660782780273,2.7393228803947496,25.020179928754803,-1.2314575578944473,100.16013241474026,25.300239745345905,-0.8700070001404088,110.07357273754597,25.306323795736265,0.8135181651394792,119.85371000869918,25.28022345796855,2.8941916041510933,129.55708549627875,23.71870807192988,9.47177199265674,137.62815405489664,5.720711662699596,-0.1684597723359893,143.00058791773375,-0.6936224115409715,1.1496055772223848,114.04604175036428,-4.702789964400672,4.436106936941868,91.09093367861566,-7.732740092380277,5.80147866854918,80.47473741595415,-7.732740092380277,5.80147866854918,80.47473741595415,-1.6659464114743847,5.6740194821367735,86.03318318279253,-1.6659464114743847,5.6740194821367735,86.03318318279253,23.71870807192988,9.47177199265674,137.62815405489664,43.595795505150676,9.854447322336297,144.73307795344408,45.99911959011686,16.1306846177497,115.8180368780058,41.2974731272371,34.78085387599617,129.37816996794442,43.851429896140985,42.52659962586865,136.94316755100857,43.851429896140985,42.52659962586865,136.94316755100857,39.029964754958684,36.22028450063743,134.77466249281574,39.029964754958684,36.22028450063743,134.77466249281574,24.827502092668304,6.344363031772938,141.8989521188372,24.872985897670645,8.596622606863983,148.99752729505343,25.229721159371852,12.480054972239987,155.342305031043,26.10936091267724,17.960296375460572,163.33159339442253
2.92499883,24.6972,2.71475,91.9837,14.769340766007911,0.1454388773471198,90.9600661811711,5.978795508644318,4.940136720260112,47.394468642248164,1.181372145633179,1.5633092611582193,7.732313568708726,2.24217989161093,2.1825202034312365,4.3292627935008445,-8.334907327307008,11.472525937756272,2.7225330652606665,-10.44596830370106,13.401803039536922,2.229256567349962,34.62505923399209,5.28406112265288,93.0073338188289,32.40281115606858,11.162549772531726,48.74980240412604,31.524756447324343,6.497558615480299,8.938099889374378,31.309686453063534,6.046294564643819,5.354861759192223,34.44418084848626,19.731370049454696,3.4432616806999086,35.259703107799595,23.31870534096589,2.7418184752707337,24.85264339732398,-1.1530505288634676,100.18425238222719,25.134861246784695,-0.7954902069053134,110.0977725815311,25.147406169872372,0.8820080355240232,119.87893924568479,25.126619662008924,2.951701348688412,129.58467551610414,23.567094922284678,9.519145480767753,137.6643785987802,5.575181059364141,-0.15046650154888042,143.00428763365022,-0.8698206423488637,1.2709136300386203,114.06144131152003,-4.893080766357814,4.664927441656662,91.12445043518436,-7.930712855659124,6.082252594109293,80.51726223410411,-7.930712855659124,6.082252594109293,80.51726223410411,-1.8601757084486739,5.929713089761862,86.07098721808697,-1.8601757084486739,5.929713089761862,86.07098721808697,23.567094922284678,9.519145480767753,137.6643785987802,43.426149951788645,9.872272341742914,144.8210694259147,45.810442537803404,16.12485906572274,115.8993296828877,41.28383920257835,34.5927880417816,129.76500542627556,43.920930251551965,42.30646423689043,137.33424654988227,43.920930251551965,42.30646423689043,137.33424654988227,39.042454867020666,36.04282407946254,135.1695662837591,39.042454867020666,36.04282407946254,135.1695662837591,24.66918717241148,6.384112227284101,141.93131968857298,24.70961039936315,8.631227252725084,149.03155570772475,25.0678998474462,12.508869638112174,155.3797861465905,25.953999462277665,17.982896121790823,163.3726205634279
2.93333216,24.5326,2.78279,92.0043,14.598094736809696,0.23272451459042065,90.99715254020725,5.9265696995410035,4.944970509141365,47.3987180102283,1.1735708910748839,1.5621022842462362,7.731729410263789,2.237011951429878,2.1820312521699203,4.32963137677326,-8.336370109075213,11.475404604041012,2.717997254113474,-10.447285519499827,13.405117012967146,2.2258017301919537,34.467105263190305,5.3328554854095795,93.01144745979275,32.315089153986534,11.182898893517349,48.746676805930974,31.507301661127013,6.504318988014398,8.935081144312448,31.295805009114947,6.053367615641139,5.35159096439813,34.44021849884017,19.73673726521768,3.4440742964023907,35.25843603518313,23.32334081639432,2.742028251254386,24.691472962846305,-1.0765061686291344,100.2087923925238,24.98245976846985,-0.7212300559021237,110.12214120123011,25.00597719328958,0.9525572648322175,119.90392334847091,24.993791111304592,3.0131167432848827,129.6116174709474,23.4375076160001,9.571145863389798,137.69958863113948,5.450435716426259,-0.12902307180942252,143.00024481204366,-1.0171324736461491,1.4092283203500027,114.06840999291607,-5.045987021123612,4.9423472769418675,91.15341700330681,-8.137295423735688,6.4367442027936885,80.57234659342821,-8.137295423735688,6.4367442027936885,80.57234659342821,-2.0420923953742602,6.269257819428773,86.09855678742237,-2.0420923953742602,6.269257819428773,86.09855678742237,23.4375076160001,9.571145863389798,137.69958863113948,43.280724810099066,9.896137873757992,144.90140093229067,45.677449598286664,16.14422184818886,115.97971566711036,41.30447909674664,34.466282594523406,130.08612276602423,44.036086935523,42.14606169847282,137.65631248362982,44.036086935523,42.14606169847282,137.65631248362982,39.10819044259171,35.91504133972705,135.50950736960218,39.10819044259171,35.91504133972705,135.50950736960218,24.533203113042283,6.428786243422911,141.9627863146352,24.5628748789849,8.67150095704512,149.06446652442418,24.91480282288891,12.543502206449478,155.41649490513933,25.79463848272375,18.008770183353267,163.4160121179912
2.94166549,24.3685,2.84521,92.0265,14.427383026931809,0.3145266531201458,91.03583863727282,5.874497545718764,4.943282110566372,47.4050367295561,1.1660777343965458,1.5539340933587051,7.733285034066299,2.232170871228715,2.17454699366479,4.3321418593126975,-8.337483205588619,11.471283996310628,2.715461680658199,-10.4482494080309,13.401427391629849,2.2243173057204606,34.309616973068195,5.375893346879854,93.01716136272718,32.227787737298485,11.1973975207409,48.74527210513153,31.490119362347546,6.505143773909787,8.933924729867442,31.282182643285083,6.054497699817397,5.350187814248404,34.43660639797683,19.736128391167803,3.4467295401233917,35.25754553272946,23.321990509956475,2.7440735633694575,24.530790183557116,-1.0055738117481288,100.23492426327974,24.83052957098648,-0.6525921537075329,110.14809425522027,24.865012653826327,1.017471573274559,119.93048031922412,24.861406281299853,3.068894434256122,129.64011626914106,23.30840365468194,9.617536774420824,137.7363195823194,5.326062272248187,-0.11282734120884008,142.9975363068877,-1.1641348722176739,1.5420070674455717,114.07720460502264,-5.199002854993919,5.214065326612829,91.18512451729691,-8.344286899341947,6.784648205837037,80.63102964702398,-8.344286899341947,6.784648205837037,80.63102964702398,-2.2244760471740523,6.602864027922441,86.12952220409014,-2.2244760471740523,6.602864027922441,86.12952220409014,23.30840365468194,9.617536774420824,137.7363195823194,43.135624514915435,9.914042390907117,144.98327661399233,45.543985690942705,16.157863812436446,116.06163744637502,41.32439394631443,34.3299291568374,130.40676166568682,44.1499585238608,41.97501382289284,137.9775823674221,44.1499585238608,41.97501382289284,137.9775823674221,39.17322214273761,35.77674157712835,135.84871719697222,39.17322214273761,35.77674157712835,135.84871719697222,24.397633099969962,6.467860323200233,141.99577313414315,24.41655271828098,8.706211551242557,149.0988666384175,24.762138817008996,12.572604731434627,155.45465813334795,25.635735453309238,18.02914248029632,163.46081608824068
2.94999882,24.2068,2.90817,92.0479,14.259155823263814,0.3968180503969543,91.07370211031248,5.824568782891962,4.9410437377361145,47.41099655269823,1.1611152194819017,1.5446992793309202,7.734532183102765,2.2298815213863645,2.1659840052961044,4.334350757826192,-8.336192078351145,11.465879996190557,2.7124431638260598,-10.446840184899324,13.396410105878209,2.2223122111063107,34.15444417673619,5.4195219496030465,93.02209788968752,32.14270941598193,11.212492106951407,48.743225701493245,31.475148217621026,6.506659000306365,8.932243843357092,31.27077083379134,6.056324300141597,5.3482630417335075,34.435017513537325,19.73625696579311,3.448908884932532,35.25863185242047,23.32138848478983,2.745655707277182,24.372557099166528,-0.9341162692705267,100.26023607224832,24.681003950601095,-0.5834309559634794,110.17322045593777,24.726391404697065,1.0829013275095725,119.95619831242227,24.731282937186954,3.1251873628636506,129.66775961136426,23.181455173422236,9.664443184914806,137.7721540330613,5.203921014739109,-0.09608548261754812,142.99377586383957,-1.309085925678266,1.6747909771754912,114.08544732692437,-5.350523587896353,5.485426688134038,91.21718680407803,-8.550135077468378,7.131190176878087,80.69091444935626,-8.550135077468378,7.131190176878087,80.69091444935626,-2.4057613686012855,6.935905784868427,86.16147991243082,-2.4057613686012855,6.935905784868427,86.16147991243082,23.181455173422236,9.664443184914806,137.7721540330613,42.992497394716295,9.932497539520115,145.06432393022365,45.41308171411002,16.172383364912584,116.14285581259914,41.345455169524485,34.19021762419985,130.72447318306382,44.26387199310088,41.799916911206786,138.2957201633212,44.26387199310088,41.799916911206786,138.2957201633212,39.239156553434334,35.63434925791803,136.18466331499616,39.239156553434334,35.63434925791803,136.18466331499616,24.264200368327465,6.50748173417464,142.02786599857896,24.272308761028242,8.741509136833287,149.13234116009778,24.611486469541706,12.60231385667333,155.4918739180768,25.478750136657354,18.050143156471062,163.5046481029872
2.95833215,24.046,2.96316,92.0661,14.091859287967758,0.47129314084298457,91.10836462355347,5.775258911258872,4.929987325877549,47.41421963147856,1.1570056308938197,1.5261610167337523,7.733109732868392,2.228472203231383,2.1480771228374738,4.333893707822032,-8.333977536142967,11.451145063814495,2.7065820017385716,-10.44449939189216,13.382060827398272,2.2174275320169214,34.00014071203224,5.455026859157015,93.02383537644654,32.05847272227709,11.219355959870914,48.73809796939613,31.460877555192063,6.49977562484998,8.927631742943063,31.260046708788003,6.049737790279461,5.343413172293708,34.434254973010674,19.727924410272724,3.448110113683337,35.26058342173801,23.312311409006814,2.744245952264463,24.215204388667377,-0.8706196288539734,100.28234041680501,24.53234194570135,-0.5222395377408231,110.19513185627525,24.588628136667438,1.140353782651662,119.97868920297144,24.601999503426438,3.1735023391113275,129.69215960207788,23.05539640890003,9.703404600354304,137.80470772659555,5.082565208312047,-0.08691845939944898,142.98658980368157,-1.4533403370498226,1.7996510550300682,114.09075072935578,-5.501791909463689,5.748637895745527,91.24721674186435,-8.75602376927326,7.468649810460494,80.74959820970655,-8.75602376927326,7.468649810460494,80.74959820970655,-2.5871536145958802,7.260544438640597,86.1920502235248,-2.5871536145958802,7.260544438640597,86.1920502235248,23.05539640890003,9.703404600354304,137.80470772659555,42.85011108910383,9.942660280371744,145.14207893765635,45.282078952931705,16.178861016558006,116.2207709740234,41.366051847996836,34.038395171585236,131.03675132359297,44.376716838291436,41.611892845328576,138.60817722185564,44.376716838291436,41.611892845328576,138.60817722185564,39.30456531434516,35.47919362799887,136.51489511433715,39.30456531434516,35.47919362799887,136.51489511433715,24.131582070906454,6.539167110609735,142.0566781664489,24.128882280874954,8.76890868676983,149.1625037143481,24.461678438557136,12.62414726476867,155.52574924840079,25.322645708780293,18.06328072900517,163.5451072653637
2.96666548,23.8811,3.0233,92.0867,13.922697176031527,0.5421409746116832,91.14561663689616,5.717599822668371,4.93068516262943,47.42329785596177,1.1437586932519341,1.5299111786882515,7.7367825979675615,2.2170328239948267,2.1517218881860902,4.338117576899454,-8.340583644403285,11.459616324057937,2.7070453293043633,-10.450217143309233,13.391441763702314,2.2176505439452905,33.83950282396847,5.504459025388316,93.02778336310382,31.97424398491991,11.247599029973266,48.736009244187706,31.439745420295317,6.508186735780297,8.927001945837915,31.242642740603415,6.058044075429657,5.342589586386129,34.42712732181947,19.73421468522655,3.4499785846943496,35.256315937639634,23.31789419311602,2.745875578219216,24.05839794401143,-0.805477458532093,100.30510200809049,24.38376315661843,-0.45272695065617663,110.21747223917137,24.448951272847935,1.2140643210298891,120.00026000169252,24.470230671142687,3.2427812186291955,129.71464284246028,22.92847472567088,9.760712285123905,137.8377336928094,4.957988166308056,-0.050026667396554814,142.98904448378852,-1.5848099013511874,1.918936896228069,114.10026296620019,-5.598016266128293,6.0412276095212825,91.2811394907288,-8.940021139824108,7.866945322566502,80.82904787769124,-8.940021139824108,7.866945322566502,80.82904787769124,-2.7317510976849064,7.64259517575542,86.22586183124446,-2.7317510976849064,7.64259517575542,86.22586183124446,22.92847472567088,9.760712285123905,137.8377336928094,42.70872562985318,9.946071398829192,145.21555891482174,45.20321188670363,16.19642454150454,116.30263195219425,41.38669501730994,33.935857401283414,131.28789881798716,44.48727945664645,41.47875632704798,138.85357874520506,44.48727945664645,41.47875632704798,138.85357874520506,39.36402934892575,35.382277632223165,136.77901695748918,39.36402934892575,35.382277632223165,136.77901695748918,24.003286996945125,6.589089188566989,142.08454574503222,23.992207933474848,8.810000977861382,149.19312785266985,24.314553875345347,12.657959987918119,155.5613156681463,25.158641179390763,18.087535582019868,163.58894084483984
2.9749988099999998,23.722,3.07736,92.1063,13.759428084633226,0.606698897293759,91.18187079410075,5.665482394681732,4.924052752043083,47.43175535298452,1.1364272740639274,1.5258249863775282,7.7398860664786895,2.2115037560911515,2.14753863149914,4.341772980535027,-8.341547787313306,11.459930889997041,2.7068373407873585,-10.450348485136065,13.392599163398135,2.2171810871245636,33.684571915366774,5.548021102706241,93.03072920589926,31.89556734213206,11.269741639062875,48.73303762957917,31.42425546540469,6.510324653419495,8.925618788845163,31.230892874736533,6.0600601217347085,5.341018029536427,34.42533759572368,19.734276344349638,3.4510723631925493,35.25730549807498,23.31726348955751,2.746724333925531,23.907488032750628,-0.7464157561320799,100.32684962341466,24.241081607007455,-0.3893005777934104,110.23879005488492,24.315141467853664,1.2816771077238425,120.02080046951416,24.344276503112972,3.305951740544453,129.73608957489026,22.807213260938084,9.811855489421571,137.86970468416988,4.839285685463253,-0.019586660297125746,142.99037971186158,-1.7105415309358722,2.0315447407754883,114.10890909399222,-5.6898602859941345,6.327343974470736,91.31586994978363,-9.12058096835414,8.256376633509408,80.91118593579967,-9.12058096835414,8.256376633509408,80.91118593579967,-2.872987960108168,8.017727221877477,86.26181008774753,-2.872987960108168,8.017727221877477,86.26181008774753,22.807213260938084,9.811855489421571,137.86970468416988,42.57280626363944,9.943626588581571,145.28785529392357,45.129167024161916,16.208109561276476,116.38339206785973,41.41083391225479,33.82498379855994,131.53698052791214,44.600736867235966,41.336671337275945,139.0965790813649,44.600736867235966,41.336671337275945,139.0965790813649,39.42715724359515,35.27637431454442,137.04099531321438,39.42715724359515,35.27637431454442,137.04099531321438,23.880708482127623,6.632876366445349,142.11134668200097,23.861189641731524,8.844956611072249,149.22266382502735,24.17299189143717,12.685638073657843,155.59576799509472,25.00006749381801,18.105659885667404,163.63161580299197
2.98333214,23.5636,3.1309,92.1253,13.596822562426885,0.6710484126643101,91.21752663171608,5.613977610109437,4.916613371487477,47.439981395628756,1.1299701123119794,1.5206733694496282,7.742802050588949,2.206899346635481,2.142247481288008,4.345250153803306,-8.341354637295902,11.459367079350754,2.706292776117497,-10.44927293940962,13.392923234289425,2.216342460051875,33.530377437573115,5.59075158733569,93.03307336828391,31.81777314836106,11.29091860310119,48.72958383539326,31.409481975674165,6.5114202307633,8.923874781073856,31.219845930250905,6.06103313966542,5.339090340964713,34.42460264536972,19.733203932160045,3.4518062558949154,35.25944371224657,23.315474248976045,2.747211769743551,23.7571737046551,-0.6878829863593361,100.34798378806205,24.099005120171228,-0.3263914567246695,110.25948489524903,24.181983756969263,1.3487933308274604,120.04070411954766,24.219018202010762,3.3686477505639534,129.75688627167673,22.68682367598364,9.862581013434873,137.90097937390678,4.7211396623501365,0.011091537763885384,142.99090490116328,-1.8355919709295314,2.144359470848157,114.11695193564739,-5.782046773442385,6.613934491684592,91.35162971379341,-9.302232711000215,8.643965321895152,80.99616127319264,-9.302232711000215,8.643965321895152,80.99616127319264,-3.0154657305614627,8.392686296702415,86.30011928008967,-3.0154657305614627,8.392686296702415,86.30011928008967,22.68682367598364,9.862581013434873,137.90097937390678,42.43756414182839,9.940108268185869,145.3593457778597,45.05597816990437,16.218367335030553,116.46342750715652,41.43486376112603,33.710482909053965,131.78416265347195,44.713616755720906,41.19015340189696,139.3374909893642,44.713616755720906,41.19015340189696,139.3374909893642,39.4901767307578,35.16632337420471,137.30090147332263,39.4901767307578,35.16632337420471,137.30090147332263,23.758887638477095,6.676236431884733,142.13745363441504,23.730975722105857,8.879514106475202,149.25147499480437,24.032335383560476,12.712930520721553,155.62945370689917,24.84254140579394,18.1233930310354,163.67345781632284
2.99166547,23.4067,3.18156,92.1432,13.435805746318698,0.7323264249945112,91.25207852288759,5.56372354490144,4.90513870566221,47.447489017512254,1.1251369359051049,1.5110347871848817,7.7450484477561545,2.203921317407308,2.1324808103026545,4.348061703275391,-8.339797609792438,11.454003595589159,2.7049654956252205,-10.446887717051327,13.3883817931067,2.214697656826352,33.3775942536813,5.630793575005489,93.0343214771124,31.74124773747204,11.309246516558737,48.72516165073502,31.39606999689828,6.50948573581495,8.921293390664538,31.2101719627509,6.058958361342428,5.336330789834365,34.42494736580178,19.729139861418503,3.4516775424392447,35.26258673121875,23.310706973141805,2.7468293762886455,23.608447230276152,-0.6322431349028728,100.367998274595,23.958515404597694,-0.26639621717874296,110.27905207056034,24.050383463478237,1.4129678944851864,120.05947514324042,24.09526598279768,3.4283770484106815,129.77654726102017,22.56779406424831,9.910277033721755,137.9311069587885,4.604544681066464,0.03847018595330809,142.99016714799055,-1.959187214097522,2.253634358475217,114.12397250898101,-5.874116606675639,6.897120135688754,91.3880346587857,-9.484625622380587,9.025657816023685,81.08356898502213,-9.484625622380587,9.025657816023685,81.08356898502213,-3.158825330046411,8.763716856288697,86.3403920131335,-3.158825330046411,8.763716856288697,86.3403920131335,22.56779406424831,9.910277033721755,137.9311069587885,42.303486848779926,9.933864730408082,145.42956431848268,44.98379620907375,16.225926493477846,116.54232453786611,41.458219279450255,33.59085803841539,132.0291241424629,44.82505978031908,41.03793309789677,139.57590616734103,44.82505978031908,41.03793309789677,139.57590616734103,39.55257380035598,35.05049708976159,137.5584690819917,39.55257380035598,35.05049708976159,137.5584690819917,23.63847646696009,6.716589818887231,142.16239851791389,23.60211407125916,8.911054087186054,149.2791053303264,23.892945911438186,12.737187764231741,155.66194399573342,24.686161346242365,18.1380714588323,163.71407446398754
2.9999988,23.2513,3.2293,92.1609,13.276806197723687,0.7891337608235922,91.28532194891886,5.496360905868921,4.898993678814977,47.4584144061211,1.113952051087213,1.5143081928311437,7.748929689236377,2.1942746283631727,2.1359477181953914,4.352467224681124,-8.346046529434561,11.460817830416206,2.7065667779066636,-10.452384551956548,13.395884344326062,2.21578372346925,33.225793802276314,5.6694662391764075,93.03647805108113,31.665728645891736,11.342510043686307,48.72387405458881,31.373977643078685,6.5187077699127665,8.922484723738876,31.191431964314997,6.067919777099518,5.337382618595967,34.41814635410298,19.735536245342143,3.4545296440495914,35.259146218100206,23.316455751376168,2.750393052427152,23.460928331180117,-0.5795496574198271,100.3877963287767,23.823637222546314,-0.21545010851408375,110.29845992003085,23.93037511462232,1.4603481133527243,120.07934364198478,23.986618030171233,3.470871768653326,129.79736866800357,22.468952906830687,9.953495086664706,137.95318433758382,4.487756832207733,0.10535154965026017,142.99457754188012,-2.071717042517281,2.3600111791297698,114.13047294669137,-5.926297459159679,7.1699114016878225,91.4188333779444,-9.607584679022146,9.430186546659085,81.1676021589753,-9.607584679022146,9.430186546659085,81.1676021589753,-3.2550433231910874,9.150454803427218,86.3911564305464,-3.2550433231910874,9.150454803427218,86.3911564305464,22.468952906830687,9.953495086664706,137.95318433758382,42.18717851392485,9.912031521405572,145.49737737067176,44.95963688345883,16.266405263197736,116.63248293852766,41.47924708905206,33.54822231937345,132.22213297808477,44.877083956751314,40.96458553293452,139.7852488793457,44.877083956751314,40.96458553293452,139.7852488793457,39.58377003200765,34.99912886178652,137.75726831914926,39.58377003200765,34.99912886178652,137.75726831914926,23.53066562735681,6.756204736891842,142.1840149428341,23.485068182791814,8.950616926234108,149.30068463580253,23.760590356804467,12.771179047973607,155.68753864290625,24.52822510501046,18.160333675091838,163.75000041241293
3.00833213,23.0999,3.27157,92.1765,13.121820421397747,0.8405565429640451,91.31645563789377,5.433082294837908,4.887445195586018,47.46750923658938,1.106929870417039,1.5121209015833177,7.751059611767765,2.1887918107112503,2.133947268677489,4.355121368081742,-8.348130674115335,11.462158899294181,2.7063966114339344,-10.453716576720842,13.397912168143428,2.2150946942909133,33.07797957860225,5.702583457035955,93.03654436210624,31.594279755731858,11.370002521798794,48.72059804218684,31.355898094297196,6.521983661529273,8.921795710911056,31.17670469382349,6.070923611643592,5.33655870337253,34.41541705902293,19.735946763785567,3.455483089015673,35.25979254364146,23.3162105542086,2.752052316614498,23.317386542141875,-0.532349672791185,100.40547306359909,23.692728422901666,-0.17004660616030465,110.31573209153865,23.814336170246552,1.5021352912381887,120.09706115758067,23.881939162664292,3.5077333883921242,129.8160315324974,22.374137115292974,9.991080637131864,137.97310105434173,4.374951122851552,0.1668172515162034,142.99685874948904,-2.1801932060470577,2.4609183812791002,114.13487849044012,-5.976138577056913,7.43777918833456,91.44935100070552,-9.730369002336676,9.826693647658121,81.25389601081896,-9.730369002336676,9.826693647658121,81.25389601081896,-3.3506540739452113,9.531227186748762,86.4433553041077,-3.3506540739452113,9.531227186748762,86.4433553041077,22.374137115292974,9.991080637131864,137.97310105434173,42.07456757659409,9.884451362451033,145.56300610494807,44.9391070854201,16.300671693633966,116.72079308818928,41.50344747889057,33.498488591509215,132.41291975270542,44.93215129384088,40.88399748648668,139.99228050031587,44.93215129384088,40.88399748648668,139.99228050031587,39.61816634657253,34.94051949545603,137.95385363037332,39.61816634657253,34.94051949545603,137.95385363037332,23.426840951786755,6.7902010456734745,142.20346883570735,23.372028788152324,8.984597486066523,149.32007837899468,23.632269290864073,12.799594678928582,155.7108985768803,24.37436114998143,18.176997690762086,163.78359187015957
3.01666546,22.955,3.31044,92.1903,12.973343560645485,0.8886789988771433,91.34579825924808,5.376193617567488,4.872395211958121,47.47510849801883,1.1061730573477924,1.506272149102267,7.7518040076946235,2.1895646532870137,2.128270720783811,4.3563849952199645,-8.34393755106137,11.459846005130164,2.7048417703650554,-10.448767213520949,13.396289955973254,2.2130214757721,32.93665643935451,5.732201001122856,93.0348017407519,31.52936886346455,11.393627641714918,48.7155971864964,31.344248362086045,6.521079177038843,8.919507158085914,31.168402618300355,6.069723494578959,5.33414160267826,34.4192415912545,19.732101228825222,3.454768936415796,35.26702593618464,23.31169421044011,2.7520247368204984,23.180323904422433,-0.48854535751121286,100.42134138891375,23.568292851585163,-0.1280211652846998,110.33117899824201,23.704773960564204,1.5405600759766749,120.11292672493188,23.783740119828025,3.54126177766877,129.83282055598465,22.285868362034304,10.025392674762376,137.99109662710165,4.268624077167395,0.22527492989786602,142.99725177913425,-2.282110481024536,2.5585526225366038,114.13741093416171,-6.021144513906628,7.702703472299204,91.47976677648643,-9.850428524807256,10.21699175128958,81.3425383956687,-9.850428524807256,10.21699175128958,81.3425383956687,-3.4431488069340683,9.907907787750831,86.49712707704552,-3.4431488069340683,9.907907787750831,86.49712707704552,22.285868362034304,10.025392674762376,137.99109662710165,41.96819881689662,9.85346735665297,145.62662531806947,44.92563363549276,16.33079258634357,116.807455329977,41.533521067286586,33.44391273048697,132.6013210219706,44.99263694848818,40.79843386323379,140.1969774820314,44.99263694848818,40.79843386323379,140.1969774820314,39.65816027801739,34.877002688333604,138.14793813470612,39.65816027801739,34.877002688333604,138.14793813470612,23.329519535159896,6.820965963893144,142.2210220136187,23.265514431203957,9.015433645873951,149.3375328470194,23.51049987030897,12.824951126751806,155.732223629224,24.227084573724415,18.19067842970131,163.81498413288938
3.02499879,22.8081,3.34686,92.2036,12.822927158380795,0.9342439948797536,91.37463549845131,5.31735756389924,4.854533224649725,47.48247378741977,1.1035604984440894,1.497520654278996,7.752394998377156,2.1884724353350133,2.1197115181620654,4.357496699209415,-8.341767525386416,11.454469266364988,2.7031372606377815,-10.445873717209524,13.39156775623132,2.2107991055154774,32.793272841619206,5.759476005120247,93.03256450154868,31.462384229647096,11.414595732459173,48.710194769978756,31.33056989538052,6.517275172404606,8.916933330341159,31.15808126927484,6.065603291727272,5.331444517128995,34.42084543418596,19.72536621998098,3.453731081037776,35.271985588618406,23.30429530662788,2.75166224547711,23.041310883558946,-0.4471939660026556,100.43669602405735,23.441890055957156,-0.08847122207774893,110.34609728548742,23.593209910914887,1.576481994704757,120.128244908981,23.68349783773435,3.572270932586041,129.8490501043391,22.195488321865632,10.0571764328677,138.00851516518108,4.160330132156673,0.2810895703516927,142.99712053830052,-2.3859883439994114,2.653342030564485,114.139455104074,-6.069967271055804,7.965149279478522,91.51149661782543,-9.976411369158106,10.601449476002024,81.43488624463565,-9.976411369158106,10.601449476002024,81.43488624463565,-3.541210721875448,10.280977386249003,86.5538745257969,-3.541210721875448,10.280977386249003,86.5538745257969,22.195488321865632,10.0571764328677,138.00851516518108,41.859404987747865,9.820273002638435,145.68961189429373,44.910433749329144,16.358091268861966,116.89386780851193,41.56044907021261,33.385705691244596,132.78881832659633,45.049410348006795,40.709260335254605,140.40072724677634,45.049410348006795,40.709260335254605,140.40072724677634,39.69481573356889,34.809717887700955,138.3410510153484,39.69481573356889,34.809717887700955,138.3410510153484,23.23010835789646,6.849246774331654,142.23800399705289,23.156889704277425,9.043838348289542,149.3543877946551,23.386575512699554,12.847903330096905,155.75289117795472,24.0775872492827,18.20196531798827,163.8456078723733
3.03333212,22.6628,3.38207,92.2133,12.673856536813258,0.9799760011241774,91.39934194222086,5.251274712332976,4.840598995505863,47.48778342508159,1.0949344154102816,1.4941206645600729,7.750764188522254,2.181864038250228,2.1177779872325333,4.356780484602916,-8.345759637303093,11.45524943934953,2.701084973094418,-10.449528278042926,13.392855334858245,2.2093012962307546,32.65174346318675,5.784163998875822,93.02725805777915,31.395805912862656,11.451185349929446,48.704221247037175,31.311230089891588,6.5216498614115945,8.914809257317955,31.141983834158502,6.0699373610633245,5.329171048358574,34.41839928866267,19.726789065081597,3.454053904300765,35.2732799025997,23.304800817265725,2.7518540347857448,22.90328516814052,-0.4082903824463493,100.44788790769675,23.315055729782717,-0.050258389095676814,110.3568554188304,23.47953992295258,1.6127829201470738,120.13911577083236,23.581166190408275,3.6046924859929446,129.86060472179327,22.111165399903506,10.090551915847175,138.02257549349335,4.046639016289944,0.3614163715423988,142.99668817177832,-2.4794492478797663,2.7547050327594333,114.13617772943935,-6.092890260819081,8.209448178539125,91.53086146313647,-10.028835139801355,10.975216742240477,81.50054127918828,-10.028835139801355,10.975216742240477,81.50054127918828,-3.586981372279877,10.624636387701619,86.60917751664391,-3.586981372279877,10.624636387701619,86.60917751664391,22.111165399903506,10.090551915847175,138.02257549349335,41.7572410449682,9.762480640460337,145.745856520794,44.90649060988895,16.413492524778704,116.98663209223018,41.62700643928789,33.38053334394263,132.96086170293762,45.05704489020292,40.698405235474674,140.6049475237035,45.05704489020292,40.698405235474674,140.6049475237035,39.75636540252435,34.758089995283214,138.5231207850394,39.75636540252435,34.758089995283214,138.5231207850394,23.137274379507762,6.878237411265578,142.2508095193758,23.058419485696817,9.075262953887023,149.366382031359,23.273849623126786,12.875700800759342,155.7675361093708,23.93560279193644,18.220953406840827,163.86851739605143
3.04166545,22.5194,3.41722,92.2234,12.526722224569621,1.0256426286094769,91.42444858528661,5.1871684997946526,4.8265683053981405,47.49373020542546,1.0882350985417206,1.4905892192753063,7.749865670140977,2.177164141671862,2.1157157738918793,4.356793290520866,-8.347928112345063,11.455808256867964,2.6997880238163594,-10.451378121935857,13.39390190078463,2.208563666254247,32.512077775430384,5.808797371390523,93.02235141471338,31.331164369788574,11.487313523277312,48.698723403333986,31.293696654252656,6.52524192182533,8.913283588216245,31.127691539551154,6.0734626811917325,5.327502269838691,34.41771213492048,19.727389172220715,3.454905981360392,35.27632233848689,23.304478326650226,2.7525561260928058,22.767171463904173,-0.36945202247023756,100.45946867688802,23.19012789730499,-0.012134364191879243,110.36799081628537,23.36776720231532,1.648968253610567,120.15035052194153,23.48071531855542,3.636980865386024,129.87251219611974,22.028720175750795,10.123768156083951,138.03696824024857,3.9349528868787225,0.44168578251876944,142.99659071052199,-2.5707636989833427,2.855861327639387,114.13322067544499,-6.114954211240574,8.453834039192436,91.55196921823978,-10.08239001986064,11.34715516941706,81.57015541649318,-10.08239001986064,11.34715516941706,81.57015541649318,-3.633244314006359,10.967559611023768,86.66750547612939,-3.633244314006359,10.967559611023768,86.66750547612939,22.028720175750795,10.123768156083951,138.03696824024857,41.6564462651164,9.704669318626115,145.80238603746193,44.90478717888264,16.46796535976516,117.08039394763875,41.69490593443923,33.37364609368413,133.13362177133112,45.06550824356432,40.68422881686136,140.81104849857294,45.06550824356432,40.68422881686136,140.81104849857294,39.8192991135304,34.70398455328932,138.70569364351255,39.8192991135304,34.70398455328932,138.70569364351255,23.046305039652832,6.9071052101046515,142.2639562493067,22.961826081713987,9.106619472281151,149.3786953041595,23.162998764202616,12.903487979359845,155.78243097908194,23.795488515355096,18.23996085606983,163.89153416237082
3.04999878,22.3765,3.45039,92.2336,12.380165743818099,1.069149300307811,91.44965550017002,5.123537243320705,4.810210413337277,47.50002630031957,1.0819482572588806,1.484616091727038,7.749419253812505,2.1728471657083355,2.111234571938668,4.357254945380342,-8.349947769761942,11.453689420522288,2.6989771796795874,-10.453129080173426,13.392218097047458,2.2083192227223996,32.3728342561819,5.831630699692189,93.01754449982997,31.266934850814444,11.521207973340873,48.693399847029404,31.27655294995761,6.526204061532023,8.91206473741822,31.113797533076347,6.074322250166719,5.326147372721563,34.41718860977497,19.725351878773925,3.455971318635694,35.27946831499772,23.301523645565315,2.753445287826078,22.631635678518258,-0.3325936598255743,100.47113867180845,23.065764975397897,0.024012220362864434,110.37920321743015,23.256519284322117,1.6831726415245276,120.16164557764252,23.380736646775265,3.667291077451687,129.88446528796726,21.946626547542603,10.154966603617462,138.0513763464072,3.8239255117028783,0.519740323365733,142.99658721490616,-2.6613630837293645,2.9544974107825124,114.13034895289442,-6.137743930777483,8.695874155094291,91.57457648715624,-10.138719825889126,11.714673338027344,81.64343837459722,-10.138719825889126,11.714673338027344,81.64343837459722,-3.681640545469641,11.307316262304163,86.72858715639305,-3.681640545469641,11.307316262304163,86.72858715639305,21.946626547542603,10.154966603617462,138.0513763464072,41.55551294482727,9.645302150769608,145.85886027171168,44.9041407040363,16.520043586507743,117.1748691972116,41.762795098828065,33.36357325423187,133.30679277628724,45.07343788325328,40.665419376986236,141.01854668732554,45.07343788325328,40.665419376986236,141.01854668732554,39.88239890041933,34.64590500780866,138.88849697153788,39.88239890041933,34.64590500780866,138.88849697153788,22.95572971374898,6.9340155245153134,142.27713214128968,22.86559948024533,9.13608488702219,149.3910114322404,23.0524478635297,12.929434886653574,155.79726579531876,23.655580494833853,18.25715484551939,163.91435711890009
3.05833211,22.2355,3.48601,92.2426,12.235503755927219,1.1152747861078782,91.47366276319704,5.061904021067106,4.796575699938778,47.50536062772854,1.077548096441192,1.4814086094104142,7.748105255686369,2.1704146289868493,2.109505541983278,4.356847844498861,-8.349974676392302,11.45444918027398,2.697330366304027,-10.452865962506047,13.393437299941478,2.207245072222297,32.23549624407278,5.856745213892122,93.01153723680295,31.204781118257117,11.556989675746868,48.68695103845802,31.26126119258843,6.528796734122489,8.909836192946635,31.101744494289854,6.076794730955618,5.323788444282787,34.41869616660209,19.724859509744793,3.455976784205812,35.28469620912188,23.30009459945431,2.753259487374791,22.49794558659075,-0.29329329851329167,100.48159823075753,22.94324546130449,0.06258893418002626,110.38919303971258,23.147131726834246,1.7197944376399017,120.17170188716223,23.282634062665526,3.700014542484832,129.89516559582862,21.86651812466717,10.188590763770858,138.06450069831453,3.7148303523600603,0.6006830454400536,142.9953470193277,-2.749837116927809,3.0558476185565655,114.12621189077832,-6.159610469090699,8.9408222450931,91.59729665786263,-10.196048803590255,12.083077326765203,81.71894358640623,-10.196048803590255,12.083077326765203,81.71894358640623,-3.7304220598738653,11.649012111318838,86.79100519421846,-3.7304220598738653,11.649012111318838,86.79100519421846,21.86651812466717,10.188590763770858,138.06450069831453,41.456063070737315,9.588176352897417,145.9139733035991,44.90637211138073,16.573277466569696,117.26872148770772,41.832660649661904,33.35405382107239,133.4788832706839,45.08286334081133,40.64552869609126,141.2260787273816,45.08286334081133,40.64552869609126,141.2260787273816,39.94746706874166,34.58769933624232,139.06993417528656,39.94746706874166,34.58769933624232,139.06993417528656,22.867070593221676,6.963377113026233,142.28903839571055,22.771339553756775,9.168069188039448,149.40203213428202,22.94392843937471,12.957954134102543,155.8107368922394,23.517793184066395,18.276939091168558,163.93567497001607
3.06666544,22.094,3.52155,92.252,12.089971301051047,1.1628252934909007,91.49873885039169,4.993751145950548,4.785837876961286,47.51304183897261,1.060646972071929,1.480703765002032,7.749848308404907,2.1559937347640243,2.109491966861838,4.359519311056442,-8.360045365590636,11.45860810143575,2.6959357868348137,-10.46228315562195,13.39834191307117,2.205997730482196,32.09802869894895,5.880274706509099,93.0052611496083,31.136622453122875,11.603568563343234,48.68208766542724,31.23921651807374,6.537124171866514,8.909919062547274,31.082290967832794,6.084911260054469,5.323783580210886,34.41412191368369,19.72954573485419,3.4573930537193855,35.28420998736079,23.303894396134808,2.755216429751926,22.364151552033956,-0.25560750955662614,100.49173314139685,22.818776292131,0.0997639696728092,110.3989227781123,23.033443078325067,1.7558120667326431,120.18139700049231,23.17767032320348,3.730783842234464,129.90580258788972,21.784761530360264,10.218529162712962,138.07978616368857,3.601920393439613,0.6812514480837724,142.99401151704217,-2.832169137087596,3.158581667925277,114.11993926294161,-6.165779908157708,9.179311361296307,91.6155095784025,-10.19846971924039,12.416360168155553,81.76627667728451,-10.19846971924039,12.416360168155553,81.76627667728451,-3.7378710364101866,11.944986605171527,86.84141434805723,-3.7378710364101866,11.944986605171527,86.84141434805723,21.784761530360264,10.218529162712962,138.07978616368857,41.35902009962106,9.505825852105419,145.95794865850735,44.897635841512916,16.672939991498428,117.36848564878736,41.81493562382215,33.36324471508203,133.67008648556936,44.96674356294024,40.648906461500296,141.46326943366918,44.96674356294024,40.648906461500296,141.46326943366918,39.90558432170167,34.54416608998536,139.2643235759944,39.90558432170167,34.54416608998536,139.2643235759944,22.777376723746094,6.9876696054388185,142.30188145998756,22.68628341336387,9.194721066202693,149.41420438297436,22.849754236948183,12.985395050425776,155.82268154511445,23.395127842393865,18.30499476598636,163.94917937524343
3.07499877,21.9575,3.55105,92.261,11.949493301098943,1.2042770041399615,91.52341391644522,4.930648748516877,4.768983082657467,47.520541351458405,1.048774142352471,1.473849913646672,7.751483949622738,2.146593043983322,2.1033443035114634,4.362085726346107,-8.365201109750757,11.456511536344617,2.694450459215396,-10.466808378370906,13.396966280612222,2.2046621796166477,31.965506698901056,5.8978229958600386,92.99858608355477,31.073471169568876,11.643864092319683,48.676905310120574,31.222042767519106,6.5389315649933195,8.909803705128951,31.06770666579966,6.086489837794893,5.323584708079865,34.414316770667504,19.727695056948477,3.4585694333613497,35.28846608973582,23.301156411169423,2.756920990434417,22.235386954076873,-0.22397922086189714,100.50145121197211,22.699332929069488,0.13085206659717863,110.4082280808699,22.92476628135493,1.7857102814243249,120.19066147614004,23.077687282300204,3.7554086666747053,129.91600375695523,21.707940614608045,10.242238069882056,138.0946271194797,3.494128572452656,0.7556354319288623,142.9922193975909,-2.9091394776632384,3.2549546132551233,114.11319095915101,-6.166970010683242,9.41132621347876,91.63437579513308,-10.196415858087402,12.742552956383115,81.81526405419336,-10.196415858087402,12.742552956383115,81.81526405419336,-3.7406880823993447,12.234171439610336,86.89302713190558,-3.7406880823993447,12.234171439610336,86.89302713190558,21.707940614608045,10.242238069882056,138.0946271194797,41.266252634698446,9.417441523662283,146.0014046186971,44.893961714149995,16.765568483128,117.4691162656323,41.80135986700129,33.365132469381436,133.8612421656274,44.85399037951389,40.64333680140163,141.70073510116242,44.85399037951389,40.64333680140163,141.70073510116242,39.86801342936085,34.49274447088322,139.4582368090617,39.86801342936085,34.49274447088322,139.4582368090617,22.69261752346006,7.005762363512103,142.3142791761368,22.606164336911284,9.215164811860737,149.42593005130402,22.760506341154844,13.006625161811,155.83416837887745,23.277368059177448,18.326785146852817,163.96216273077033
3.0833321,21.8256,3.5818,92.2683,11.813673698349147,1.2469023850130752,91.54638610773844,4.872204988177228,4.753267400579253,47.5265551360807,1.041538607966387,1.4681243922173204,7.7517061710860915,2.1418089830294544,2.098340130997435,4.363237037693784,-8.365865669677856,11.455420380803298,2.6915960500575733,-10.466870063235858,13.396567882762884,2.2019663953326636,31.837526301650854,5.916697614986925,92.99021389226155,31.01493252750032,11.6851646700653,48.67010299926846,31.209370109870125,6.541492155847827,8.908191491104695,31.057623951126033,6.088802088732641,5.321893309129072,34.418941344705246,19.726571849161914,3.458202792669122,35.29713274249545,23.299143129325323,2.75706946968492,22.111256464696496,-0.191116742403715,100.50945298933145,22.584510297550473,0.16318114263648564,110.41580866933532,22.820684325311905,1.8168524088352633,120.19818937202521,22.98225459892243,3.7812906768903387,129.92445568434087,21.63560391005242,10.267150190727083,138.10768243391462,3.391039661607774,0.8312265271786554,142.98868733455365,-2.9812215716563912,3.352254614001297,114.10468785732596,-6.163733996415671,9.64407965137995,91.65260433251099,-10.190482854792096,13.068805798536314,81.86460120217784,-10.190482854792096,13.068805798536314,81.86460120217784,-3.739455576300393,12.523776956346744,86.94453637569151,-3.739455576300393,12.523776956346744,86.94453637569151,21.63560391005242,10.267150190727083,138.10768243391462,41.177320585835915,9.33056417875308,146.0429899166515,44.895795530428714,16.858569373555333,117.56933887725253,41.79125684291728,33.36717991675596,134.05081695753012,44.74342155081803,40.636229908798434,141.9371403456164,44.74342155081803,40.636229908798434,141.9371403456164,39.83366494654792,34.44093184559085,139.64997556173952,39.83366494654792,34.44093184559085,139.64997556173952,22.612343599303586,7.025106998791573,142.32490457805952,22.530520981439548,9.236881943805837,149.43587273677835,22.675709697874428,13.02915334073404,155.84384506748955,23.16402250796219,18.34985386941186,163.97325076348184
3.09166543,21.6966,3.60983,92.2763,11.680771196990234,1.2869034920107745,91.57007012433566,4.816638345827299,4.734831904718411,47.533499275637304,1.0370150087471828,1.459557335725695,7.752953733657755,2.1397251435328037,2.090477659802466,4.3654089373623695,-8.363795654207614,11.451507121628673,2.689777931962856,-10.464191733620826,13.39335345147903,2.200309418437933,31.712428803009765,5.932756507989225,92.98252987566435,30.959399294456798,11.72319834774822,48.66404804122403,31.199461931268583,6.540402372368966,8.907466504351426,31.05029474305573,6.087435414875198,5.321095088981915,34.42643004812402,19.72171212967443,3.4586317024545847,35.30869184886508,23.293376485057134,2.7579880933052605,21.989999607887267,-0.1609660233963841,100.51815155013907,22.472565933110857,0.19279753103982827,110.4240770561033,22.719495268776118,1.8452811819329753,120.20639287226456,22.88971770723358,3.8044654386751784,129.93357131259242,21.566221998489183,10.28932140674657,138.12136979132308,3.290946413303427,0.9044324409615854,142.9858482037945,-3.0502103752451966,3.4470172581397738,114.09689331320527,-6.157853743662737,9.874164723614438,91.67266912613978,-10.182416705668292,13.39177719403514,81.9167603369158,-10.182416705668292,13.39177719403514,81.9167603369158,-3.7359131350017356,12.810336573855036,86.9984007484711,-3.7359131350017356,12.810336573855036,86.9984007484711,21.566221998489183,10.28932140674657,138.12136979132308,41.09069008205618,9.240904296878515,146.08509733924367,44.90074109644456,16.947525470268477,117.67139953347373,41.78363052692128,33.36509641061596,134.2412060608905,44.63472977497202,40.62332079903524,142.17454537267997,44.63472977497202,40.62332079903524,142.17454537267997,39.80201849316615,34.384487741351684,139.84207575898185,39.80201849316615,34.384487741351684,139.84207575898185,22.53497379289781,7.0417401817810426,142.33617266216785,22.457820565570827,9.255907301601763,149.44644852513673,22.59390367357702,13.049019743291415,155.85412290004956,23.053729696490368,18.370242384240374,163.98484796737927
3.09999876,21.5701,3.63733,92.2843,11.55011059806604,1.3287024501229658,91.5903071822563,4.762387892690259,4.7276244402857275,47.538085308329045,1.026150408120896,1.454636899364612,7.753253252558423,2.1301795996391033,2.0861804620228543,4.3662542687468555,-8.369340967757925,11.451604327662418,2.690108489968724,-10.468986952167107,13.394326049710248,2.200895514120879,31.59008940193396,5.9459575498770345,92.97829281774371,30.89352436057612,11.7587336762266,48.66181131144518,31.1799328681745,6.5443999821439025,8.909660753474995,31.034153132930445,6.090473946927327,5.32327130628096,34.42033983950806,19.72218513071367,3.4602761935575193,35.305454723905214,23.293126485442702,2.7595457874064917,21.868080201694333,-0.13349138743088007,100.52597560742305,22.3572114572554,0.2176070238907165,110.43167394528902,22.612643163069784,1.8668591702022472,120.21431679075525,22.79017514262347,3.818754822291946,129.94282977065043,21.49035333607224,10.300612283742574,138.13679272313263,3.186945194864162,0.965389926241496,142.9910550555957,-3.113005618772368,3.5567365897302388,114.0974179730928,-6.148433073686653,10.085300337638078,91.69260737814565,-10.132447111818802,13.662436135434685,81.94170011477,-10.132447111818802,13.662436135434685,81.94170011477,-3.7035834945914434,13.037662149243438,87.04051574303438,-3.7035834945914434,13.037662149243438,87.04051574303438,21.49035333607224,10.300612283742574,138.13679272313263,40.999165833453056,9.1426265929573,146.12367527654322,44.88145770453413,17.06232452961566,117.77843024214941,41.64268804368367,33.34493470483608,134.4577131765493,44.42331714489273,40.59545392574762,142.4230464187662,44.42331714489273,40.59545392574762,142.4230464187662,39.62600471621025,34.34477305959448,140.04958208895638,39.62600471621025,34.34477305959448,140.04958208895638,22.451821565546553,7.0466430639652184,142.34833522588065,22.384814462120907,9.263812407432123,149.4577783582913,22.517964392501664,13.060935550718952,155.863138491278,22.95806791285393,18.39105178175253,163.9891282981536
3.1083320899999998,21.4485,3.66597,92.2909,11.424393414581587,1.3716140577536367,91.60914286989424,4.712918852613818,4.721261858339463,47.54146683557073,1.0200529134452836,1.4503881464472386,7.752411732361985,2.125396052677182,2.082555286180306,4.365957673084834,-8.37019932559336,11.45228216224225,2.6892773446892875,-10.469111178101219,13.395860385534515,2.200316190561359,31.47260658541841,5.960325942246364,92.97265713010574,30.832552299162312,11.795310532824196,48.65824200829279,31.165280190659683,6.549332754505635,8.910615802573183,31.02288875096326,6.094438573782537,5.324212896338937,34.41912772019844,19.723574123047893,3.460671632078916,35.307095864986614,23.29378930978614,2.7598508890746465,21.751070414782326,-0.1048892657965208,100.53239103598098,22.246753958238756,0.24353695895632532,110.437858012911,22.51066948670034,1.8895466511222496,120.22082176258996,22.695475193489536,3.8341482694392828,129.95065991320567,21.419294234524276,10.312934077041845,138.15076591039755,3.0879220411810806,1.0274483894860058,142.99488996901948,-3.1707563796505127,3.6673298791716338,114.09667736365179,-6.1336855901024006,10.296923726672752,91.71183789246,-10.076974139780543,13.933391526008894,81.96632414565154,-10.076974139780543,13.933391526008894,81.96632414565154,-3.665940081776502,13.265279259663922,87.08206642419096,-3.665940081776502,13.265279259663922,87.08206642419096,21.419294234524276,10.312934077041845,138.15076591039755,40.91184960234597,9.045516721805532,146.16069270906755,44.86698693027908,17.177191085335842,117.88562449690059,41.50548133884825,33.32411678041295,134.67218379285038,44.21517466204535,40.56670694032863,142.6691151230906,44.21517466204535,40.56670694032863,142.6691151230906,39.45344520063905,34.3045428897479,140.2546204153404,39.45344520063905,34.3045428897479,140.2546204153404,22.373463208585765,7.052606818161481,142.35904998183807,22.31661228895495,9.272754159984999,149.46765218311725,22.446831247198972,13.073877513197575,155.87069956534674,22.867203063240197,18.41283047825062,163.99193156915192
3.11666542,21.3306,3.69265,92.2996,11.30241105106985,1.4125714694676108,91.63009039651364,4.6671446345791665,4.7126525685898475,47.54713670042599,1.0177183883025949,1.443693712153952,7.753916476901516,2.124381014810268,2.0764768875974418,4.368008455769402,-8.367293381213484,11.450491553617539,2.6907552223368914,-10.465471943861766,13.394922696916437,2.2020379900721276,31.35878894893015,5.97272853053239,92.96910960348636,30.775273074808496,11.829710145737476,48.656815848436864,31.154241331741368,6.551902158392404,8.913817652541347,31.01523435884195,6.096024148726982,5.327406891712516,34.42154757733497,19.722564606283132,3.4632753469697173,35.31237446202477,23.29204760417678,2.7623529483676834,21.637765082364954,-0.07824709110353245,100.54090376184391,22.140000491224683,0.26751499105005155,110.44613405785583,22.41239778384191,1.9102869658685138,120.22940953154693,22.60445933981773,3.8476033934733853,129.96056036063433,21.35191289782448,10.323260268028353,138.1667797824923,2.992689139507501,1.087666939103098,143.00079547286413,-3.224466425542392,3.7757953741790913,114.09806785354581,-6.114491670581483,10.505903628409412,91.73370112409475,-10.0167928745911,14.201445217881503,81.99391270213552,-10.0167928745911,14.201445217881503,81.99391270213552,-3.6238194275002105,13.49001249174097,87.12638819985892,-3.6238194275002105,13.49001249174097,87.12638819985892,21.35191289782448,10.323260268028353,138.1667797824923,40.82761465605282,8.946534530297221,146.19962834994396,44.85527106715774,17.28908333675877,117.99632030131441,41.37065040548234,33.29956428214933,134.88813550813902,44.009319665881804,40.5339947978271,142.91614276267717,44.009319665881804,40.5339947978271,142.91614276267717,39.28325688539917,34.260700759394446,140.4608091283077,39.28325688539917,34.260700759394446,140.4608091283077,22.298758958181914,7.056607634978993,142.37181131685412,22.252086536779522,9.279717618157937,149.47956167757098,22.379394346761178,13.084838206126012,155.88029300571148,22.780052453669676,18.432578139014623,163.9967387289303
3.12499875,21.2138,3.72302,92.3047,11.181536418356126,1.4573490426061144,91.64743494597391,4.622372652480005,4.7076966612247375,47.549399691548366,1.0163212100786798,1.4405391939043208,7.752077485544511,2.124308668919225,2.0739206607956904,4.36671464649009,-8.363384779352286,11.452281105354107,2.6888581249052077,-10.46081777941241,13.397576124693666,2.20037846013758,31.246063581643874,5.988690957393885,92.96196505402608,30.719231546883705,11.86754931469104,48.651858140681945,31.144336547997266,6.557795904679893,8.913582081535857,31.008708913417006,6.100926962495199,5.327168028752046,34.42526364764634,19.724820561290905,3.462432670394564,35.31899301564329,23.29355732341983,2.7614053107221084,21.52550864456539,-0.0479316783327981,100.54580818489129,22.034289574398944,0.2951348357542973,110.45079815827086,22.315176286014935,1.9346392203520626,120.23438170769293,22.514489214905687,3.864645928000795,129.96683913144815,21.285646437099317,10.337108280340983,138.1791602571088,2.8986066053531943,1.1517204026264451,143.00310103221335,-3.2767551907593155,3.887969358056999,114.09592943101688,-6.093405110170117,10.71822045850092,91.75257123721872,-9.954439425780905,14.472665562773466,82.01886604322686,-9.954439425780905,14.472665562773466,82.01886604322686,-3.579758485136728,13.717851917226652,87.16787080329927,-3.579758485136728,13.717851917226652,87.16787080329927,21.285646437099317,10.337108280340983,138.1791602571088,40.743872326762556,8.850898006875612,146.23481746741047,44.84387043218299,17.40321539874171,118.10485827077576,41.23597303297348,33.276554494425206,135.09990709536652,43.80361622468058,40.502615845561984,143.15842473948393,43.80361622468058,40.502615845561984,143.15842473948393,39.113272920494104,34.21853956088794,140.6625049308694,39.113272920494104,34.21853956088794,140.6625049308694,22.225102519899398,7.0641391370592,142.38093635152592,22.188652628114497,9.290177161347904,149.48783002051448,22.313111353380993,13.09927269604975,155.8862526961213,22.694132594497002,18.455723799214418,163.99789832938364
3.1333320799999997,21.0976,3.75068,92.3095,11.061496387826999,1.4992171079415737,91.66210990012826,4.573877563706585,4.7167283447011155,47.5510849099487,1.0073738240564722,1.4396630272220596,7.751013632750741,2.1159577008182695,2.073265569837268,4.3658874239107615,-8.368971823880456,11.454740175843417,2.688166327016883,-10.465757917313203,13.400704206578336,2.199574110160175,31.133703612173,6.002142892058426,92.95689009987174,30.657162727562604,11.89289225668372,48.64779303213111,31.12526564352813,6.561956195984028,8.912836381005945,30.992882690905674,6.104415046827099,5.32638678645103,34.415454185717635,19.726869196978413,3.4621689102557838,35.31095449685681,23.29516570584624,2.7611604672600416,21.412452351435913,-0.022182171017991692,100.54961419761867,21.926747813692565,0.31562162907557173,110.45450025504228,22.21542412007782,1.9493428011051135,120.23882446076003,22.421292609625528,3.872478827779843,129.9725054206188,21.20823074934396,10.341768333915656,138.18967135267417,2.8046364140346256,1.188077959824156,143.01073523076525,-3.324901056169871,4.008258946347545,114.10187722418513,-6.07784807876943,10.902742731617229,91.77031036770562,-9.877000730735864,14.686463153002645,82.02360016729895,-9.877000730735864,14.686463153002645,82.02360016729895,-3.5267031111799914,13.886278876036316,87.19583140920248,-3.5267031111799914,13.886278876036316,87.19583140920248,21.20823074934396,10.341768333915656,138.18967135267417,40.65130374015056,8.791471969815253,146.2698002314498,44.798216426162426,17.489197875115472,118.19134940361987,41.0249187718804,33.23809816980179,135.2660636489658,43.51927485003054,40.4489029107437,143.36118215175927,43.51927485003054,40.4489029107437,143.36118215175927,38.85440501810785,34.1670959002191,140.81237048992435,38.85440501810785,34.1670959002191,140.81237048992435,22.14341402112755,7.064249432224356,142.38885331934725,22.117206837084225,9.291799703529438,149.49531829673322,22.246230116059756,13.104845733282392,155.8912970702258,22.625705361841025,18.471049923318958,163.99656644360712
3.14166541,20.9885,3.7798,92.3156,10.948551326044809,1.5427068255545233,91.67808955836404,4.532359741921505,4.727102193683712,47.5542160436185,1.0053109194046423,1.4399399349705848,7.751461483431662,2.11450461123403,2.0737387313381896,4.366571783112187,-8.367544472193766,11.458447166321932,2.6889378531514674,-10.463659370755481,13.405103554859593,2.2002237016343305,31.02844867395519,6.016893174445476,92.95311044163597,30.60232041271195,11.919462558725732,48.645072890659655,31.11332151283524,6.567267063369167,8.91350281162606,30.984176297965224,6.109050106499881,5.327021447180731,34.41296990251577,19.73000876998172,3.4633099606270155,35.3102951153394,23.29784986330874,2.762317082775838,21.306433003523647,0.005012126637014447,100.55471391296918,21.826238917622682,0.337520435374103,110.45949150142054,22.122719362305006,1.9654265611487232,120.24455154374968,22.335158927584537,3.8816669330195284,129.97945119956105,21.137978250745626,10.34776163571211,138.201459437748,2.7177206526769915,1.2261361000365252,143.01965894043633,-3.3654815469040686,4.130017382977051,114.10930013717,-6.054223936735967,11.088281925257911,91.78969617202856,-9.791265769186378,14.900744370961247,82.03018238939157,-9.791265769186378,14.900744370961247,82.03018238939157,-3.465709361170296,14.05530164474153,87.22547963588795,-3.465709361170296,14.05530164474153,87.22547963588795,21.137978250745626,10.34776163571211,138.201459437748,40.56565097982512,8.73309386805731,146.30598713354112,44.759027562489,17.57564479712468,118.27972074747365,40.82014587466228,33.19892622966159,135.43226547322936,43.24144625539236,40.393905940935284,143.5635650158302,43.24144625539236,40.393905940935284,143.5635650158302,38.60206435670551,34.114893229483606,140.9618952210005,38.60206435670551,34.114893229483606,140.9618952210005,22.06882472284648,7.065683082404441,142.39804284658135,22.05290335640259,9.294714889590823,149.50407375104143,22.18655886163812,13.1116704053321,155.8976250567926,22.564572873189952,18.487557604417304,163.9965436707918
3.14999874,20.8803,3.80456,92.3214,10.83657934766024,1.5816465888026348,91.69378050214902,4.491642994193815,4.732380081867555,47.55718838884536,1.0041188391111597,1.4347685803355041,7.751815468312657,2.113907379764342,2.0687689015028727,4.367158494349926,-8.36543818482592,11.45650592178905,2.6895795317222877,-10.460918660279477,13.403812925567108,2.200736719634544,30.924020652339756,6.027473411197365,92.94901949785097,30.548193143582715,11.941696343269562,48.642080729262894,31.10215525026742,6.5681103190759655,8.91397381595845,30.976254664895585,6.1092028024930425,5.327465377737967,34.4110221646504,19.72872031354532,3.4642219720691383,35.31010738240386,23.296119422995744,2.763234821894799,21.201384607660692,0.027856473967674766,100.55951374682812,21.726682951467488,0.3551061157099277,110.46417670739237,22.03092353896833,1.9772249362801297,120.24995962125618,22.249881856873014,3.8865977716621343,129.98606416418943,21.068454017408616,10.349470329170881,138.21288300937732,2.63177849812924,1.259586857299574,143.02827531993788,-3.4046861330213556,4.246663775009299,114.11659622852996,-6.028971153590127,11.268158713000602,91.80912574874267,-9.70383053713023,15.108696826363195,82.0370156213505,-9.70383053713023,15.108696826363195,82.0370156213505,-3.4033358439804604,14.218347598548034,87.25521412542109,-3.4033358439804604,14.218347598548034,87.25521412542109,21.068454017408616,10.349470329170881,138.21288300937732,40.480537143334146,8.670902177608895,146.3417467991526,44.71960919181217,17.657646146945943,118.3682696710336,40.61506611759965,33.15412691893315,135.59683061138392,42.96359786798765,40.332870115587845,143.76374591428547,42.96359786798765,40.332870115587845,143.76374591428547,38.349847793842955,34.05698437434124,141.10948157742837,38.349847793842955,34.05698437434124,141.10948157742837,21.995014177869855,7.062873806065546,142.4068783187879,21.989343426185908,9.293387866109834,149.5124596724155,22.127561265863367,13.114267551789007,155.9035695728052,22.504003844706773,18.499845738459626,163.99612041085936
3.15833207,20.7771,3.83223,92.3263,10.729606791656833,1.623641706357796,91.70856802941363,4.455813332455185,4.740512087802745,47.5594034064386,1.0077364706597849,1.4323357711510702,7.751470590188319,2.118133257687944,2.0665212433972693,4.367047802511016,-8.358405923252894,11.457394050825933,2.689491334040172,-10.453230128371144,13.405372968099341,2.200512835117155,30.824593208343167,6.040818293642204,92.94403197058638,30.499195020741993,11.966704946683588,48.638252599890144,31.096042382707434,6.571726073579318,8.913666310348077,30.97338164181427,6.1121308868913555,5.327133660194617,34.414329381078375,19.730154501941854,3.4643742888371203,35.315229014778076,23.297097948312043,2.7633978841011935,21.101276091974587,0.05358202111956478,100.56340096257142,21.632059474081935,0.37552450330722315,110.46794542861535,21.94407033697404,1.991805000284132,120.25444968789657,22.16955799220175,3.8942661362610576,129.9917581447463,21.003967029356097,10.353876343736633,138.2233968285571,2.5507969553687175,1.2960271485336854,143.0359710895382,-3.4384901471208504,4.3661287592908575,114.12317742058296,-5.9978363829457475,11.450518194484985,91.82805070159617,-9.610333513613474,15.318663470023333,82.04358457210745,-9.610333513613474,15.318663470023333,82.04358457210745,-3.335233498649106,14.383488111044372,87.28449266173436,-3.335233498649106,14.383488111044372,87.28449266173436,21.003967029356097,10.353876343736633,138.2233968285571,40.40020747907178,8.61110776968403,146.3765313763312,44.684099938451915,17.741553226952874,118.4564677519713,40.41411051853229,33.11004665988487,135.75930284324176,42.69028646655424,40.27190318259388,143.96145469703237,42.69028646655424,40.27190318259388,143.96145469703237,38.10205382732782,33.9997661865161,141.25461715027532,38.10205382732782,33.9997661865161,141.25461715027532,21.926180645256633,7.062745781391133,142.41479382242954,21.930797055850164,9.294697794254244,149.5199243914993,22.07363224947606,13.119470964679739,155.90860342591284,22.44856932036907,18.514685227916782,163.9948031348635
3.1666654,20.6796,3.85948,92.3294,10.62945053939934,1.6611713852202747,91.71824546653609,4.410085010288599,4.760534949119716,47.56014835893779,1.0018212532695623,1.4310794479912343,7.750561022234649,2.112847361486614,2.0657052590127587,4.3664273206139015,-8.361608459716274,11.458947975963213,2.6891296397813473,-10.4559866381496,13.407427675139655,2.2002357939419994,30.72974946060066,6.057788614779725,92.94055453346392,30.44614254249407,11.978531828350324,48.63380031737448,31.082622276416075,6.572372947892488,8.911349242477897,30.962574047027882,6.112872228987541,5.324716092078125,34.40976001334178,19.729709091960473,3.464817234389904,35.31242755273659,23.296225554421643,2.7639425980130543,21.005592342168715,0.07932514640419841,100.56573785308638,21.53968512137255,0.3951182646400071,110.47030238920189,21.85600866176627,2.0050758014944723,120.25771038047917,22.084266397969895,3.9013853705194617,129.99615417118247,20.92438665191571,10.356802481470785,138.23188793596202,2.461798624518181,1.3164233316909488,143.0411890285142,-3.4674947746834714,4.478847120885159,114.12598062179987,-5.974651222483057,11.606650084238876,91.83876245304083,-9.517735553024428,15.496941546351142,82.03770911182528,-9.517735553024428,15.496941546351142,82.03770911182528,-3.2675349157681453,14.501893649347554,87.29731198946479,-3.2675349157681453,14.501893649347554,87.29731198946479,20.92438665191571,10.356802481470785,138.23188793596202,40.30514587616791,8.580953881051538,146.41464556893345,44.60935764184982,17.792495908515825,118.52436094879332,40.21224077402526,33.075855402606756,135.87070892365747,42.38467941697876,40.31601829370567,144.0321433860434,42.38467941697876,40.31601829370567,144.0321433860434,37.886687845897185,33.963895479221,141.36059732992786,37.886687845897185,33.963895479221,141.36059732992786,21.8446656347443,7.062424620874528,142.42115854042018,21.858505796971542,9.29119215527204,149.5272766952235,22.014598743014567,13.116299034654348,155.91544574871588,22.412470861839953,18.513649899761003,163.9991232473791
3.17499873,20.5856,3.88679,92.3325,10.532774938941902,1.698921487050502,91.72792207135358,4.367846124205102,4.780761598184896,47.56096591079581,0.9992874698136465,1.4300028380796532,7.749786475698663,2.1109463615385335,2.0650485974410677,4.365939369878709,-8.361290147220217,11.460813209664376,2.688909001545295,-10.455194175644891,13.409823962540866,2.2001009719275952,30.638425061058097,6.074658512949497,92.93707792864642,30.39671202209637,11.990295830262982,48.629393356026235,31.07273967237361,6.573046637883082,8.909106631309356,30.955297485284888,6.11365148779477,5.322373678834758,34.40890986108868,19.729256313286708,3.465379388661641,35.31339544524711,23.29533430518481,2.764617515162804,20.913346516921038,0.10510898996931983,100.56806761331721,21.45074167067553,0.4147300255724496,110.47264838705182,21.771390853181586,2.018345888498489,120.26095668350071,22.0024364678462,3.9084899234498582,130.00053329090423,20.848362523226143,10.359719697870238,138.240362747512,2.3762265698282796,1.337117978175943,143.04638400911244,-3.492685319895478,4.591717736974247,114.12908511587746,-5.947596199668842,11.76285070521125,91.84995212636831,-9.421409823749368,15.674362035643055,82.0325614930116,-9.421409823749368,15.674362035643055,82.0325614930116,-3.196573413850409,14.619756380041185,87.31060746997436,-3.196573413850409,14.619756380041185,87.31060746997436,20.848362523226143,10.359719697870238,138.240362747512,40.213520493308934,8.550476007020562,146.45268780810596,44.53796017308225,17.84278310148776,118.59234014412091,40.01458655648088,33.040444910616294,135.98146516236122,42.08132416292514,40.35732810349363,144.10182702860598,42.08132416292514,40.35732810349363,144.10182702860598,37.674968811310556,33.92667958135932,141.46566640113403,37.674968811310556,33.92667958135932,141.46566640113403,21.76664736142881,7.062079288156033,142.4275035113444,21.789737759583076,9.287645654255847,149.53460085738507,21.959138797701964,13.113061830881172,155.92224563980665,22.380012347074416,18.512509199646793,164.00335781906568
3.18333206,20.4922,3.9149,92.3368,10.436756360949119,1.7372800410174958,91.73880389122323,4.3260833632211275,4.801254024165082,47.56306574011326,0.9971694803308071,1.4289374433836213,7.750371873341493,2.109447557609677,2.0644162714318792,4.366809552132198,-8.360760900347119,11.462484395976983,2.6900235272204998,-10.454230488609957,13.411982099219047,2.2012965349512608,30.547643639050882,6.092519958982503,92.93479610877677,30.347693744505214,12.003007375523111,48.62621611811822,31.063354338309964,6.57464640516503,8.90814080246416,30.94852601410002,6.1153516277286,5.321310362231619,34.40832628452529,19.729780742494032,3.4672167918332564,35.31456834887703,23.29543487466588,2.766567414380218,20.821772443809415,0.13169922240167287,100.57159670879378,21.362458302399993,0.4351444845466884,110.476189523019,21.687397018070314,2.032408066725042,120.26539495147463,21.921189600429464,3.916375958507307,130.0061025772874,20.772797682157222,10.363380019992594,138.25003224579132,2.2913012920907896,1.3582186996717116,143.05277621345795,-3.516914162144748,4.704641044704587,114.13370270883398,-5.919751228926708,11.918939368576083,91.86282989332261,-9.324583361693643,15.850620166336311,82.02934296939449,-9.324583361693643,15.850620166336311,82.02934296939449,-3.1255366120200008,14.73700773802909,87.32559046253947,-3.1255366120200008,14.73700773802909,87.32559046253947,20.772797682157222,10.363380019992594,138.25003224579132,40.12227613173775,8.521099276194379,146.4919176023253,44.46658455482581,17.893878378872376,118.66163341661334,39.8168892799686,33.005168289656226,136.09266188091266,41.775540188023825,40.397229862539724,144.17162054858375,41.775540188023825,40.397229862539724,144.17162054858375,37.46248067764656,33.88938124383149,141.5708562821256,37.46248067764656,33.88938124383149,141.5708562821256,21.68914652712182,7.062491778668862,142.43503746736786,21.721444775681675,9.2848345264033,149.54310760188625,21.904077003721042,13.110546624242602,155.93021053797764,22.347839332940442,18.512071522821063,164.00870942400854
3.19166539,20.4018,3.94164,92.3392,10.343722580801735,1.7744116967078916,91.7477822789064,4.287397702971022,4.820493487894469,47.56332328091061,0.9981072079512896,1.4265834499147703,7.749170993269551,2.111019269306433,2.0624788037665875,4.365895407946961,-8.357019458366832,11.463004383932544,2.689337919347702,-10.450024998780378,13.413019805161499,2.2006888124545654,30.459877419198268,6.108868303292109,92.93061772109361,30.301787334642952,12.014239002477723,48.62118636973947,31.057022967491193,6.5747155336472005,8.905371090924938,30.94480378299838,6.115519119997849,5.3184454781022605,34.410954904907314,19.72872697694794,3.4672487723030594,35.31899706230557,23.293945043680118,2.766710981292476,20.733140555528664,0.15690093192412125,100.57321885942352,21.277104392463603,0.45416609561021454,110.47781959882568,21.606338166019444,2.0450748326247608,120.26791630688945,21.842887600334898,3.922868559313457,130.00974950837332,20.70025675419859,10.365663606787567,138.25776917806985,2.209301491261268,1.3781915872242756,143.0572388364402,-3.5377946517612235,4.816249562080011,114.13670348654762,-5.888491463642735,12.073610792630761,91.87425899570366,-9.22453263324589,16.024531650405383,82.02491817912215,-9.22453263324589,16.024531650405383,82.02491817912215,-3.0517196513013345,14.852262324590221,87.33911757992128,-3.0517196513013345,14.852262324590221,87.33911757992128,20.70025675419859,10.365663606787567,138.25776917806985,40.03393454585085,8.49007992511819,146.52917037385453,44.39756455003344,17.94297800728266,118.72902338368901,39.62277737458428,32.96737140105409,136.2013017931685,41.471615422043456,40.43303159820606,144.2383520310227,41.471615422043456,40.43303159820606,144.2383520310227,37.25322499507176,33.849390661493956,141.67331694825165,37.25322499507176,33.849390661493956,141.67331694825165,21.614614191220813,7.0615207133564155,142.4406410753613,21.65614099639852,9.280633442607675,149.54967235408182,21.85204756433601,13.106626633965528,155.93621353212353,22.31875305997266,18.510201462254596,164.01204819745834
3.19999872,20.3174,3.96831,92.3414,10.258804351549239,1.8028009273846464,91.75250370404626,4.2439270245283485,4.845083298100608,47.56212159472612,0.9950647313050771,1.4245181624392984,7.7469309303280625,2.1088788486811114,2.061852266272275,4.364222962497369,-8.358813729331148,11.462968437101553,2.6888161955302268,-10.451791530825936,13.41313351573853,2.200645760728114,30.37599564845076,6.133819072615353,92.93029629595372,30.260037658859524,12.01290106182401,48.61723895436633,31.051679416684944,6.573074424397179,8.902174190828447,30.93991042153216,6.114686339015364,5.315131133029652,34.411313751713514,19.727032678394615,3.467444185520928,35.32072006530791,23.291875204566697,2.766764843746315,20.650364963151024,0.18266060986389032,100.5749348412924,21.192122845267253,0.47795429709469966,110.47971545854216,21.51852946191696,2.0684047053522074,120.26998130068765,21.75289473100439,3.941490441187125,130.01277359998548,20.610718200588945,10.37373092615612,138.26908977991064,2.118605329343776,1.3821393332639271,143.05636781902214,-3.5718724227448018,4.890858107019563,114.13312323685813,-5.867191058345725,12.20850851991283,91.88463998438121,-9.138155917114194,16.172157594107485,82.01860046792875,-9.138155917114194,16.172157594107485,82.01860046792875,-2.991249081109245,14.950006120152477,87.35155770364227,-2.991249081109245,14.950006120152477,87.35155770364227,20.610718200588945,10.37373092615612,138.26908977991064,39.93177969396226,8.481186858317791,146.56606805881296,44.28519897833067,17.944184887827095,118.76775641101693,39.529488312737094,33.01152463880466,136.20822633397975,41.15675771061024,40.60147789806368,144.1764798854095,41.15675771061024,40.60147789806368,144.1764798854095,37.14793936148107,33.86238678970383,141.67996687108845,37.14793936148107,33.86238678970383,141.67996687108845,21.527976037271763,7.064848555685561,142.44757785712625,21.57954261343019,9.275411079650178,149.55920676465274,21.799502573840698,13.096303933122217,155.94801783719217,22.31433362713707,18.491765847126707,164.02635183669287
3.20833205,20.2352,3.99433,92.3442,10.176090885036336,1.8305222612534093,91.75782580804122,4.202733192452936,4.868940041262414,47.5615463546689,0.9943325632626938,1.4216647105637983,7.745378308422055,2.1090538977819824,2.060436599980895,4.363240424884772,-8.358314508576438,11.462113043680656,2.6889526080651445,-10.451268947584078,13.412421338273429,2.201254384589961,30.29430911496366,6.158137738746591,92.93057419195878,30.220480438174736,12.010904539508154,48.613943314235385,31.048536585699875,6.570823912008292,8.899655891786942,30.937218559401252,6.113249034742942,5.312494984841649,34.41384061438819,19.724742154200314,3.468337956347873,35.324602441872166,23.28921181365399,2.7675223172299592,20.56979525096424,0.20777396550270621,100.57725182603293,21.109349632837343,0.5010857868776518,110.48221160812409,21.432929932094417,2.091067455543979,120.27264740657748,21.66511201285043,3.9594345724503706,130.01639795953392,20.5233881369079,10.381100698573125,138.28100396960545,2.0301355473147957,1.385373752494127,143.05609498539732,-3.6037386664139497,4.964676924144925,114.13041829859718,-5.843599222799814,12.342489272347871,91.89615618170535,-9.049889916738126,16.31808504021078,82.01370713769914,-9.049889916738126,16.31808504021078,82.01370713769914,-2.929119636039978,15.046401461094336,87.36511282212375,-2.929119636039978,15.046401461094336,87.36511282212375,20.5233881369079,10.381100698573125,138.28100396960545,39.83179784264598,8.471559381642113,146.6035009166937,44.17448847199489,17.944822215464,118.80700741447126,39.436808311328726,33.05484648295676,136.21542651475173,40.83835006219496,40.75716046597075,144.1184955931864,40.83835006219496,40.75716046597075,144.1184955931864,37.0449526524018,33.87084899208422,141.6879810119182,37.0449526524018,33.87084899208422,141.6879810119182,21.44355486318747,7.067483335318244,142.45509791413804,21.50516527513955,9.269483487602653,149.56930278811927,21.749179524376746,13.08522381300309,155.960319477018,22.312124198198035,18.47242886162383,164.04095407739015
3.21666538,20.1509,4.02452,92.3461,10.091282281108175,1.862396711517948,91.76224295828418,4.159417646465291,4.896943304008701,47.560109399096376,0.9914293517876809,1.4229428446709989,7.743028257162983,2.1070557891566595,2.063155307928226,4.361461239087854,-8.360001518684415,11.465378736161991,2.6883004817357947,-10.452935287477114,13.415827520783255,2.201075623054888,30.210517718891825,6.186643288482052,92.92995704171584,30.178808643528477,12.013142203711316,48.60981481298001,31.043291279216213,6.572784595891171,8.896341550601818,30.93242598366632,6.116021281263608,5.309063194486548,34.41423546479126,19.72666572310674,3.46843242899525,35.32634480011125,23.290763811500845,2.7674795088018724,20.48712988834826,0.23704671332603588,100.57866330187704,21.024475043478766,0.5283831623098203,110.48380147850796,21.345220828307387,2.117903927826772,120.27440538827292,21.575211644274564,3.9815599350078488,130.01911008117506,20.433930403074406,10.392648540998042,138.2919851413115,1.9395558852386223,1.3927733758820846,143.05489885524287,-3.6376253528341405,5.042570796323013,114.12704463362056,-5.821908443620602,12.480337675089416,91.90723290002502,-8.963924383141729,16.46706633667642,82.00863748221246,-8.963924383141729,16.46706633667642,82.00863748221246,-2.869523558288694,15.146231609839054,87.37820217259241,-2.869523558288694,15.146231609839054,87.37820217259241,20.433930403074406,10.392648540998042,138.2919851413115,39.72964761901099,8.466097421752185,146.639960150111,44.06155215849468,17.949620227553435,118.84528224421238,39.339833441946276,33.102042738808834,136.2211553630573,40.51161080201272,40.90458499013755,144.063076879212,40.51161080201272,40.90458499013755,144.063076879212,36.93916852936324,33.87958993745405,141.6954511756593,36.93916852936324,33.87958993745405,141.6954511756593,21.357012729396,7.074309652925294,142.46168214885734,21.42866412259447,9.267748584582204,149.57843725448268,21.696724004837694,13.078307630626814,155.9715816419214,22.307760395268684,18.457140616436803,164.05429967032816
3.22499871,20.0702,4.05222,92.3488,10.010074422548922,1.8917795426390271,91.76746945193591,4.119688778666905,4.922315966513754,47.559514192730376,0.9920606337717235,1.421466120307739,7.741593952823585,2.108585552156493,2.0631089937925946,4.360594637069147,-8.358161477500456,11.465877273395664,2.6885550749601146,-10.451075306809432,13.416465405618931,2.201802646700134,30.130325577451078,6.212660457360974,92.93013054806408,30.140727270437488,12.0127992136463,48.60652076205252,31.04162430659662,6.572084026181653,8.89390585860992,30.931210745523682,6.116125762021614,5.306511156256224,34.418176061324985,19.725923328758434,3.4693818524664146,35.33162465648511,23.28965012385002,2.768285130504143,20.408067992530487,0.26384657851225013,100.58088205701866,20.943206155658864,0.5532296339192722,110.48619697548575,21.261120429208837,2.1423097188601865,120.27696477166586,21.48892361376044,4.001274632714275,130.02261683802692,20.34809135089563,10.401795154148605,138.30373273799503,1.8525977676227612,1.3978002559064944,143.05449918390062,-3.6678500730143453,5.117949041540456,114.1247243784938,-5.796427569421114,12.615488314933788,91.91959963383822,-8.874576885034541,16.612558952135977,82.00512113303603,-8.874576885034541,16.612558952135977,82.00512113303603,-2.806770881330528,15.242935943531446,87.3925522341712,-2.806770881330528,15.242935943531446,87.3925522341712,20.34809135089563,10.401795154148605,138.30373273799503,39.63107582903272,8.458195181879622,146.677138114765,43.952141389123966,17.951930100659244,118.88425932617352,39.24506193936987,33.146503635339585,136.22726484404424,40.18400481356636,41.03708147241215,144.0122265335427,40.18400481356636,41.03708147241215,144.0122265335427,36.837537248976155,33.88212706737283,141.70434155921706,36.837537248976155,33.88212706737283,141.70434155921706,21.27409166998244,7.078751657274738,142.46903373779512,21.355788586972942,9.26364060304413,149.58831020460752,21.647895953105536,13.06899847582754,155.98349872795822,22.307012385861107,18.439356831700966,164.0680739885376
3.23333204,19.9954,4.0737,92.3514,9.937325729174205,1.9037435074674742,91.77001751568517,4.0771895955528255,4.937200806885816,47.55824257327835,0.989689831599899,1.414408727884184,7.739125796713431,2.107280896485185,2.057999557897156,4.358849047864043,-8.359528984410641,11.461015337753679,2.6885957254752517,-10.452297226493911,13.411783589606543,2.2019391757498576,30.053474270825795,6.243656492532525,92.93278248431483,30.105809648791897,12.006019390239963,48.6042754364417,31.037031745221793,6.5675114447059295,8.892057714140122,30.927470064277905,6.11213213780762,5.304563356163017,34.41478647630837,19.72224764860944,3.470458390514983,35.328343932338925,23.285950009751566,2.7693793112942346,20.336894038456908,0.2852985873315639,100.58331955212697,20.868603772543082,0.5692959662840895,110.48897497152382,21.18155406606475,2.1542359540901783,120.28057373726365,21.403106092186025,4.0096381632558415,130.02704881199423,20.255571248580225,10.404358884452638,138.31171853544168,1.7604311571780649,1.394032634117215,143.05184540103562,-3.7082280104304424,5.14195667619491,114.11582020884055,-5.77619003001816,12.684348944907313,91.92015950251306,-8.800433103571336,16.710221040314885,82.00074578322761,-8.800433103571336,16.710221040314885,82.00074578322761,-2.7579169638160654,15.302543253760135,87.40676027671553,-2.7579169638160654,15.302543253760135,87.40676027671553,20.255571248580225,10.404358884452638,138.31171853544168,39.5315608042125,8.47245466710698,146.7039150051484,43.82280759241004,17.924784660529912,118.89230986739659,39.174636985097074,33.170847860355146,136.20599142714138,40.03144218228079,41.110630216514096,143.95029267527025,40.03144218228079,41.110630216514096,143.95029267527025,36.78565381347985,33.89345371664715,141.6929110087174,36.78565381347985,33.89345371664715,141.6929110087174,21.182272380943598,7.079333961521108,142.4752820770681,21.27570571227629,9.252822155605438,149.59790313853642,21.60156741694606,13.048430754740203,155.99725318476018,22.32818603513381,18.401900526963324,164.08724250910396
3.2416653699999998,19.9171,4.10253,92.3518,9.861128103648241,1.9228676303722256,91.77035698111322,4.031206839917808,4.9592604273770355,47.55478914476171,0.9839489459895749,1.414601624340038,7.734512990672272,2.1025920947609444,2.060169953415266,4.3549614106839005,-8.36444589229778,11.463255470389509,2.6865311490490784,-10.45710273335723,13.414169079027296,2.1999782515148287,29.97307189635176,6.282192369627774,92.93324301888677,30.067268603950744,12.006877419181912,48.599923604323536,31.02897624695508,6.570758846677599,8.888105300888213,30.920280685842858,6.11597186993381,5.300509459049456,34.407677972388555,19.726482489830403,3.469492847580332,35.321274180269036,23.290181682244853,2.7684481596102986,20.262289069204137,0.31409666394632785,100.58355074448195,20.790569881664247,0.5926954099003803,110.48954292913157,21.09852815092242,2.1734763677786897,120.28197226551204,21.31379447159175,4.025294822282687,130.02926973009903,20.159437412016608,10.414170699516067,138.31750033441466,1.6648464177225861,1.3971215213875023,143.04697355169685,-3.752088577813975,5.172767435654585,114.10482375552225,-5.759462061256664,12.759901087170528,91.91885168098818,-8.729751706652497,16.81426867055401,81.99474246392857,-8.729751706652497,16.81426867055401,81.99474246392857,-2.7127321774994866,15.368738931650302,87.41917520049194,-2.7127321774994866,15.368738931650302,87.41917520049194,20.159437412016608,10.414170699516067,138.31750033441466,39.42844051510188,8.494321507000036,146.7284864437413,43.69014367841696,17.905392699965255,118.89835265339221,39.099842566738175,33.20263390594191,136.18230617769592,39.87358886934893,41.18887729575871,143.88747937553305,39.87358886934893,41.18887729575871,143.88747937553305,36.72996676803354,33.91150776557641,141.67929379477684,36.72996676803354,33.91150776557641,141.67929379477684,21.086905294666607,7.087175352448483,142.4793187325723,21.192033062957563,9.249232221808477,149.6052551446158,21.551575712621375,13.034951297877347,156.0086582759719,22.34555697298942,18.371154103555444,164.10372306022518
3.2499987,19.842,4.13042,92.3526,9.788097589020397,1.9412455365399692,91.77110512553156,3.9884219545095325,4.980660047564434,47.55176745280477,0.9813426577976205,1.4141845462126814,7.730384926685154,2.1010501535721633,2.0617075357060273,4.35155984308229,-8.366054004618855,11.46504023974783,2.684938830770797,-10.458565405323766,13.416134915395638,2.198486480094236,29.895902410979602,6.319594463460031,92.93409487446843,30.032081620043986,12.006541609326394,48.596027825564036,31.02421354153626,6.572680881225496,8.884648958443861,30.91637907766442,6.11847857825586,5.296953062750003,34.40410966264499,19.729314428233835,3.4689914024448614,35.317811285651125,23.292991762999183,2.767972987996492,20.190815905239496,0.3419656946468437,100.58418820611206,20.71568781921868,0.6151662993559466,110.49051194117656,21.018696684978043,2.1917908529512933,120.28376572552585,21.22772460833621,4.040026134255676,130.03187901541935,20.066678176802636,10.423082846721769,138.32365807273055,1.5724569947224367,1.3997088527618065,143.0425025789019,-3.792694840761853,5.203082417997079,114.09433826844054,-5.739206092146328,12.834839841392274,91.9182503623493,-8.655351904317355,16.91748676103717,81.98967802980644,-8.655351904317355,16.91748676103717,81.98967802980644,-2.6640823972341896,15.434081469829078,87.43235652382714,-2.6640823972341896,15.434081469829078,87.43235652382714,20.066678176802636,10.423082846721769,138.32365807273055,39.328629698809266,8.514862555095661,146.75342127951714,43.56007153389666,17.88469640748564,118.90476179266071,39.028188503444525,33.23291165443881,136.1589157032845,39.718818178494416,41.262727338972155,143.82661102555875,39.718818178494416,41.262727338972155,143.82661102555875,36.67821779411538,33.92745504046902,141.66626837609533,36.67821779411538,33.92745504046902,141.66626837609533,20.99485492709817,7.094105892877154,142.4837334870689,21.111725537001753,9.24472143791788,149.61294841863534,21.50502282800964,13.020442221678055,156.02026933353162,22.366433022906623,18.33902673834477,164.1200330153683
3.25833203,19.7716,4.1578,92.3558,9.719780026371502,1.9590981265189953,91.7742502606704,3.950345266703402,5.001570360138992,47.551167062960346,0.9834803914117471,1.4133215389365286,7.728724108027258,2.1042482472521686,2.0628015005267075,4.350626265097352,-8.36292414408076,11.466382086295798,2.685833395979886,-10.45529065802302,13.417658323426332,2.199486089373985,29.823419973628496,6.356501873481005,92.9373497393296,30.001602919583625,12.005723097001681,48.59460904081736,31.024222759508806,6.574140585866525,8.883691904874482,30.917255525594076,6.120525154277938,5.295895799367185,34.40528930030227,19.73169515821615,3.471003333935963,35.31908907207351,23.29535309985757,2.770014267197487,20.124047076088498,0.36932906888505457,100.58722587995263,20.645513889200775,0.6371438009981454,110.49387650831768,20.943572138754117,2.2096216485424884,120.28794888599876,21.146358810677544,4.054282820230494,130.03687096835006,19.97861566994762,10.43152306351572,138.33218437910807,1.4848041784293713,1.4017695029758759,143.04041929169534,-3.8285484835493317,5.232773443128138,114.0863450716485,-5.714101831363537,12.908936081383342,91.92031886117041,-8.575993648945266,17.019544012385488,81.9874975855758,-8.575993648945266,17.019544012385488,81.9874975855758,-2.6107023300497563,15.498400313033217,87.44826420578535,-2.6107023300497563,15.498400313033217,87.44826420578535,19.97861566994762,10.43152306351572,138.33218437910807,39.233492136824836,8.534984534687633,146.7807264245718,43.43510775864834,17.86356021879068,118.91370606873883,38.96083737479831,33.26254506015489,136.13763339753461,39.567714776369534,41.33317585320204,143.76947978308544,39.567714776369534,41.33317585320204,143.76947978308544,36.63133712848054,33.942134805298835,141.65553813513208,36.63133712848054,33.942134805298835,141.65553813513208,20.907510164026746,7.1005733282903085,142.49052010055615,21.036120299955563,9.239739085395144,149.62297695630133,21.46316042285057,13.005359788614673,156.03408052397376,22.39194202029179,18.30599278538037,164.13816560893267
3.26666536,19.7051,4.18585,92.357,9.65721175735579,1.969504210562715,91.77448131791691,3.9111383419907053,5.012282145835694,47.54837765738798,0.9817161645215124,1.4121306596316345,7.724237055580467,2.1034959126731705,2.0638242350837728,4.346901489790296,-8.364363046204396,11.467057461312676,2.6844651120027416,-10.45687335561721,13.418338814244784,2.1987574101896814,29.752988242644214,6.402195789437286,92.93951868208309,29.965163818588344,12.003614847918413,48.59086381740588,31.02011728130987,6.575008617132783,8.880385511641705,30.913823578272236,6.122133386390007,5.292475880996832,34.40269435812887,19.733552894634197,3.471047690797692,35.31670310162957,23.297102130585195,2.7697784990051804,20.063299887519026,0.39842336579195337,100.58865811277246,20.57978174845616,0.6622835125825324,110.49567599660908,20.86994022224953,2.232023677403455,120.2904247384316,21.06411853017589,4.075041086208143,130.03983295924036,19.88667131430341,10.447509326588268,138.33744154998388,1.395286390816434,1.4110160048958313,143.042275330092,-3.8611504473533538,5.241691069466762,114.07777081238955,-5.7102799126178,12.934904700409053,91.91458768158962,-8.53912046137183,17.06362602009797,81.97981127520104,-8.53912046137183,17.06362602009797,81.97981127520104,-2.5923615157368736,15.534479552007141,87.4585264416794,-2.5923615157368736,15.534479552007141,87.4585264416794,19.88667131430341,10.447509326588268,138.33744154998388,39.15345027780626,8.576322507184987,146.76447407029704,43.45378994040084,17.839573480282326,118.89072330302987,39.0003238390466,33.28271780350604,136.08047127489297,39.67722370707864,41.37253687311647,143.68606755792624,39.67722370707864,41.37253687311647,143.68606755792624,36.71400536773757,33.98030285894718,141.61416888595525,36.71400536773757,33.98030285894718,141.61416888595525,20.81846271290841,7.115973148887365,142.4946591986229,20.961896487915123,9.241959621992603,149.63077297089848,21.42645343435524,12.99459522244729,156.04687960936812,22.427398510168178,18.270774971198133,164.15832687237102
3.27499869,19.6381,4.21274,92.3586,9.594131634729724,1.9789507700769624,91.77511052817574,3.8714464293593807,5.022306374907821,47.54601418930872,0.9794148420140498,1.4104909374521486,7.720196906626953,2.102212848886814,2.0643875812220713,4.343625619266211,-8.366157080564431,11.467476739425155,2.6835936005856444,-10.458775068975182,13.418804162063736,2.198535326624241,29.68206836527028,6.446529229923038,92.94208947182425,29.928452299827924,12.000306516367335,48.587620079672035,31.015677839934813,6.574878127578816,8.877577935233731,30.910052315628775,6.1227639437041335,5.2895525929382785,34.40001069115881,19.73437775551648,3.4716634392363632,35.314294538549476,23.2978051303609,2.7701336749284398,20.00197912675376,0.42634520426368727,100.59048370826713,20.513493190039178,0.6862244104903765,110.49786455295218,20.795788833815934,2.2532003740258126,120.29328565363014,20.98139738339412,4.0945496281833,130.04317598280497,19.794375567823977,10.46225128263442,138.343079391596,1.3052511657589143,1.4193673312063932,143.04451720634674,-3.8941974477727195,5.250052683961596,114.06972979585085,-5.706852277138072,12.960515537302602,91.90952791732937,-8.502635180333035,17.107517676724356,81.97300779986882,-8.502635180333035,17.107517676724356,81.97300779986882,-2.574459792986919,15.570170353134536,87.46953857275447,-2.574459792986919,15.570170353134536,87.46953857275447,19.794375567823977,10.46225128263442,138.343079391596,39.072983221288496,8.61611834853866,146.74855790108174,43.47164639000081,17.813586600776027,118.86836669446876,39.03973249886202,33.30085937122243,136.02394956522312,39.78699755082306,41.40982993223764,143.60251487889366,39.78699755082306,41.40982993223764,143.60251487889366,36.79692995570812,34.01661862583917,141.5731127232455,36.79692995570812,34.01661862583917,141.5731127232455,20.72900354432838,7.130112537939014,142.49917720368308,20.887309380792555,9.24289644656836,149.63889673039267,21.389453281278488,12.98239189102998,156.05984189653103,22.462595173053334,18.233671661206706,164.1782141312743
3.28333202,19.57,4.23905,92.3596,9.530025117796532,1.9876306261382348,91.775143006096,3.8306576966405705,5.031461458038209,47.54306859040257,0.9761233110415755,1.4079712412503924,7.715606560036186,2.099927886770197,2.064093942198322,4.339802045483809,-8.369124575349264,11.466848338821197,2.6821798623010245,-10.461885906314432,13.418183651843668,2.1977721903258587,29.609974882203467,6.490469373861765,92.944056993904,29.890575087384196,11.99660822860147,48.58385184686733,31.010234313185276,6.574313398828057,8.874282953625858,30.90529034555085,6.122951032580301,5.286142958922143,34.39604448344395,19.734829963474997,3.471770196933248,35.31052763649025,23.298153841098802,2.7699745532088405,19.939627718569977,0.4537175250849157,100.59171615312357,20.446182473738414,0.7096273674038591,110.49945512188029,20.720593989784643,2.2738381755277013,120.29554219315573,20.897603540088596,4.113513393628725,130.04590842993915,19.70089524266023,10.476419765110613,138.34809811125945,1.2142112682881887,1.4267949030328992,143.04616093835753,-3.928283229305263,5.257495558712751,114.06121304347948,-5.70466996479133,12.985229853195463,91.90409059764133,-8.467502050356186,17.150506951402853,81.9659979037193,-8.467502050356186,17.150506951402853,81.9659979037193,-2.5579257004184104,15.605013589424235,87.48024385272268,-2.5579257004184104,15.605013589424235,87.48024385272268,19.70089524266023,10.476419765110613,138.34809811125945,38.991299357227525,8.65575519725391,146.73203981358756,43.48762909590277,17.787088375349313,118.84569019748116,39.077357956599634,33.31829498428499,135.96709878405437,39.89497744685793,41.44633619679499,143.51792027894834,39.89497744685793,41.44633619679499,143.51792027894834,36.878232423814545,34.05233337108922,141.53133465704272,36.878232423814545,34.05233337108922,141.53133465704272,20.63842748060025,7.143703453887543,142.5030785424686,20.811573684916688,9.24327916878907,149.6463490617634,21.351232107394342,12.969509302025518,156.07196103913253,22.496402082652097,18.195497975753277,164.19680987441785
3.29166535,19.5047,4.26139,92.3612,9.46874555031106,1.9923647393472406,91.77577924508228,3.792667230068801,5.036775251442201,47.54075011898899,0.9756393486868769,1.4017380577002236,7.711669810681229,2.1004397604695817,2.060088760262571,4.336630813915545,-8.369301531064192,11.462507262766035,2.6814557198142426,-10.462208025293485,13.413850148106954,2.197706161527904,29.54065444968894,6.530415260652759,92.94662075491772,29.855583160771168,11.988996093523436,48.58076882521897,31.007710922205835,6.569910728057671,8.871690579644856,30.903452460138137,6.119306177183885,5.283435355246915,34.39503728568177,19.731443881476714,3.4726058421775594,35.30972952827755,23.294662971088524,2.7705506873919212,19.8800702149999,0.47712801477399536,100.59354847314934,20.381689913377524,0.7290351296944859,110.50164110110009,20.648238643170764,2.2904434546165486,120.29839234107294,20.816667067287213,4.128407741328656,130.0492332374839,19.61030154468272,10.486488978649403,138.3537215992977,1.12605357859535,1.430144667872142,143.04842006595638,-3.9594701652414965,5.261178914182892,114.0534662550867,-5.699664467931749,13.006404166559978,91.8995791961793,-8.429609633155382,17.190097888693984,81.96013418827707,-8.429609633155382,17.190097888693984,81.96013418827707,-2.5386574960681387,15.636350949908598,87.49196066083803,-2.5386574960681387,15.636350949908598,87.49196066083803,19.61030154468272,10.486488978649403,138.3537215992977,38.9124525775305,8.69127721909906,146.7160878364046,43.506827526014845,17.75602839400681,118.82399708275639,39.118027502725425,33.33106459781184,135.91107359823258,40.00589421004917,41.47811513962064,143.4334217030535,40.00589421004917,41.47811513962064,143.4334217030535,36.96263785374681,34.08352015178713,141.4899437717415,36.96263785374681,34.08352015178713,141.4899437717415,20.550740109285137,7.153187703978601,142.5075758348826,20.73874642067707,9.239523102662742,149.65434921407788,21.315928916308078,12.95233197953629,156.08446757325652,22.533068355040697,18.152592175751515,164.21535965006711
3.29999868,19.4423,4.28485,92.3632,9.410721433572364,1.9964959454925073,91.77801456203287,3.7527860119931864,5.039477490356019,47.54056286855419,0.9709079089898065,1.3980432123078268,7.7095963938540635,2.0968722505926145,2.0579351452562253,4.335246562869052,-8.373270400103014,11.459929277616903,2.6801996725545556,-10.466503611871119,13.411128324929942,2.197284272286903,29.473878566427636,6.573204054507492,92.94838543796715,29.815702799046672,11.990652954617456,48.577691214654706,31.00138021951198,6.569162015352767,8.869928941516356,30.8979224964297,6.118672384157905,5.281636111308579,34.39050104862403,19.73071701488047,3.472023714144706,35.30543549555237,23.29362479264736,2.7687053335004035,19.824837640948267,0.5025500554787086,100.59612020108491,20.32378232862352,0.7541567767383665,110.50435552816802,20.585112038351486,2.3161332410198407,120.30115680961924,20.748572556787696,4.156061686988907,130.05171182013154,19.542773648480985,10.514297546057591,138.35616408979865,1.0570883345978892,1.4692705807200923,143.06699358282896,-4.008048463827512,5.239936550023076,114.0605600033422,-5.719641550817065,12.972929619315646,91.90017260747652,-8.429408328238214,17.1647866987277,81.95864560863818,-8.429408328238214,17.1647866987277,81.95864560863818,-2.551710899745904,15.617695205589722,87.50641377292902,-2.551710899745904,15.617695205589722,87.50641377292902,19.542773648480985,10.514297546057591,138.35616408979865,38.85316118769508,8.734690754082653,146.7028353778824,43.39725707804997,17.638339439214903,118.75068064392669,39.16401956843865,33.329014894051724,135.77107741363216,40.166423052474535,41.4496187316009,143.30761782682163,40.166423052474535,41.4496187316009,143.30761782682163,37.05556245846061,34.082258185407355,141.36774780520523,37.05556245846061,34.082258185407355,141.36774780520523,20.487373265875252,7.181993914532322,142.50987461920994,20.693561958198654,9.256599755196138,149.6595605096209,21.30247683256257,12.954568322434598,156.09530154340982,22.572725016037275,18.12557510606987,164.23672027004324
3.30833201,19.38,4.31019,92.3647,9.352834429598099,2.0025145726994995,91.77975593773407,3.713017151300587,5.044083272027258,47.539893560408714,0.9663029451249945,1.3963197489617842,7.707065867168225,2.0934299202181412,2.057754641656547,4.333406354362696,-8.377114852182604,11.459324835892726,2.6784951627873417,-10.47067535979993,13.41037932471132,2.196415223870673,29.4071655704019,6.617865427300501,92.94964406226593,29.77601122392189,11.994205880703316,48.57416639201449,30.995267202719415,6.5704125362689325,8.867735422900232,30.892612900800824,6.120044455269743,5.27940426071429,34.3861730889859,19.732002660439658,3.471037032456772,35.30134722076774,23.294600625419424,2.7664622188000614,19.769700602214268,0.5298800568033544,100.59819823152361,20.265979206109552,0.7811775700540238,110.50657530082965,20.522094505391237,2.343710131900477,120.30342561034462,20.68058805254417,4.185591238391464,130.05369395667552,19.47535867204318,10.54398381141876,138.3581089134108,0.9882501354813336,1.5102899393026679,143.08507219042858,-4.05648589178283,5.220529411419474,114.06729344851296,-5.7396232101945595,12.941360197362238,91.90048666489596,-8.429413741232445,17.141449664860446,81.95700959723932,-8.429413741232445,17.141449664860446,81.95700959723932,-2.5649423304734693,15.600999483319928,87.52060008040273,-2.5649423304734693,15.600999483319928,87.52060008040273,19.47535867204318,10.54398381141876,138.3581089134108,38.793971805324226,8.779978628120686,146.68904290426192,43.28680652498307,17.522263050687723,118.67773053056601,39.20938776506062,33.32745572765644,135.63007676759548,40.32638132338415,41.42070690329486,143.17991594664792,40.32638132338415,41.42070690329486,143.17991594664792,37.1477948393271,34.08123956201821,141.24410659046964,37.1477948393271,34.08123956201821,141.24410659046964,20.424117734203705,7.212680580752904,142.5116739025886,20.64848837599875,9.275542355308014,149.6642098596237,21.28912439032378,12.95860443520769,156.10541710013808,22.612422542114285,18.10016734811682,164.2570275729505
3.31666534,19.321,4.33496,92.3665,9.298321058107028,2.0078140104317748,91.78180077734645,3.676533381506532,5.04798112183563,47.53954733672748,0.9650413566672,1.3939893711010711,7.704877324603672,2.0933120136011487,2.0569923619762696,4.331907979591421,-8.377788965088502,11.457974812910866,2.677177109841187,-10.47170945273461,13.408851420668478,2.195941473567191,29.343678941892975,6.662105989568225,92.95119922265356,29.739584976234447,11.997431332480089,48.57100471939282,30.99253722311146,6.57137660526518,8.865931738043017,30.890696459618933,6.1211276401120935,5.2775624465862645,34.38504431855505,19.73304905581238,3.470440587510777,35.300408169423925,23.29534971716885,2.764610127540574,19.717919690328305,0.5566597151399928,100.6005758237556,20.211530207999644,0.8076630945767351,110.50909362415116,20.462404095595158,2.3707578048384836,120.30598988060271,20.61589478368868,4.214598103218701,130.05596796279025,19.411132095423458,10.573142465102281,138.36033441718774,0.9227700308004572,1.55046602227619,143.1034100876236,-4.101594521653164,5.200161457833499,114.07442102992957,-5.7565624812009535,12.908815628941955,91.90125629949196,-8.426626249755792,17.117117575815897,81.95593503637272,-8.426626249755792,17.117117575815897,81.95593503637272,-2.5753375142919994,15.583407939015824,87.53524553481114,-2.5753375142919994,15.583407939015824,87.53524553481114,19.411132095423458,10.573142465102281,138.36033441718774,38.737958333971335,8.825063526869723,146.67556119766013,43.178509835023895,17.405835010816674,118.60602994495157,39.25684840028659,33.324331535324745,135.48896636698782,40.48829571775879,41.38936644256327,143.05118894240695,40.48829571775879,41.38936644256327,143.05118894240695,37.24206751876485,34.07836081022866,141.1199329060948,37.24206751876485,34.07836081022866,141.1199329060948,20.364101588205024,7.242864080688422,142.5137573573822,20.606618823048795,9.29398344025188,149.6690774946037,21.278911158079442,12.962072675011099,156.11560026929413,22.655122443243172,18.074008592456398,164.27707649366192
3.32499867,19.2619,4.35895,92.3676,9.243700401382752,2.0125352599959383,91.78314343176177,3.639970296354525,5.051570155996586,47.53852140760056,0.9636384798720194,1.3916012104689433,7.702022376989753,2.093058170256959,2.0561616752325205,4.329744156669845,-8.378435764093776,11.456745990931367,2.675238095546908,-10.472682974504423,13.407482156094225,2.1948556223935585,29.280099598617248,6.705364740004062,92.95205656823822,29.703296582061316,11.999839813811441,48.567221993171515,30.989873877397482,6.571666475839672,8.863513945105552,30.88883981689977,6.121550843782007,5.275105122243158,34.38420572296436,19.733382582642765,3.4692770862263815,35.2998201432751,23.295372229541965,2.7622031096850597,19.665961677501155,0.5826509491030682,100.60224647653254,20.156917813899902,0.833307221225133,110.51090494000671,20.402585583719414,2.3969095182349123,120.30785213002757,20.55111040077552,4.242657030143547,130.05754625555795,19.34693989924765,10.601343466592791,138.36188981493495,0.8571563285095181,1.5900714471572321,143.12107765941008,-4.146750565047823,5.1794039365153655,114.08103066011189,-5.773556143205452,12.876053318491547,91.901612404851,-8.42400553825204,17.092710381442558,81.95458359979436,-8.42400553825204,17.092710381442558,81.95458359979436,-2.5859036932303843,15.565594953174061,87.54949522283748,-2.5859036932303843,15.565594953174061,87.54949522283748,19.34693989924765,10.601343466592791,138.36188981493495,38.681936277764734,8.868784585186459,146.66135628002723,43.06937855986577,17.287876694107077,118.53457260462733,39.30399491072371,33.318515434070875,135.3468303293812,40.650037458334545,41.35431804866319,142.9206343029599,40.650037458334545,41.35431804866319,142.9206343029599,37.33588733579425,34.07255234196296,140.9942781801844,37.33588733579425,34.07255234196296,140.9942781801844,20.304055514604364,7.272057198530028,142.51515476387925,20.564758845498044,9.31138521754949,149.6732052321704,21.26876938450248,12.964373941490095,156.1249146216449,22.69793240337232,18.04640482975976,164.2959607971703
3.333332,19.2032,4.38268,92.3686,9.187059046888615,2.0264702848313982,91.78828026437999,3.6025839688705705,5.0618798609615085,47.54097493334166,0.9589718602935071,1.39176939439279,7.7032241952218214,2.0895661067230904,2.0569907898653863,4.331469905753828,-8.382171119247595,11.456903166122697,2.674687545603752,-10.476493452242853,13.407497987434862,2.1940586934865958,29.219340953111384,6.738889715168601,92.94891973562001,29.66420411234775,12.017582883433604,48.56241731140476,30.98439620343873,6.574974055218369,8.861789083684556,30.883099347518577,6.124400489186318,5.273445140836568,34.38207104882484,19.735043183619588,3.4656388796658018,35.298762888770646,23.297297936950184,2.761301771066272,19.61356719092217,0.6097788472521555,100.6044920958636,20.105963198529686,0.8620359230656205,110.51303848672207,20.351800928841502,2.4284204125955036,120.30953696738929,20.502776642480168,4.278707570326449,130.0583329344935,19.311791933981773,10.642439985983556,138.36071252784132,0.8203801597962013,1.6554403773160633,143.1593078922497,-4.2017987363072775,5.15507885895707,114.1114685358819,-5.827489300795989,12.794509293028302,91.91219523535428,-8.462726858434758,16.998949240300597,81.95595756365041,-8.462726858434758,16.998949240300597,81.95595756365041,-2.6339087726429065,15.482409733659267,87.5634113888108,-2.6339087726429065,15.482409733659267,87.5634113888108,19.311791933981773,10.642439985983556,138.36071252784132,38.6663193864822,8.900182504396605,146.61248777915915,42.9914234448029,17.18102403900241,118.4350524806185,39.3591163060688,33.29037685740768,135.20128637085276,40.786992318863966,41.3108097240796,142.7763961096062,40.786992318863966,41.3108097240796,142.7763961096062,37.41892243915483,34.051880708683235,140.85738449197672,37.41892243915483,34.051880708683235,140.85738449197672,20.272583358705415,7.314979047841984,142.5145915144416,20.551685360237656,9.34576388960545,149.67437688145537,21.276486684930322,12.986045166408752,156.1309647394481,22.73539453500328,18.04071700556767,164.31371616973178
3.34166533,19.1465,4.4051,92.3695,9.132407930954317,2.0391865120750805,91.7933158190897,3.56719809131073,5.071136745900374,47.543346107570784,0.9562907227637378,1.3910480747467378,7.704359049974634,2.0880652305965293,2.056929891235025,4.333131126281236,-8.383848342189365,11.45624716095307,2.6740886351790047,-10.478231992855667,13.406716242833808,2.193216750630729,29.160592069045684,6.77101348792492,92.9456841809103,29.62718955311697,12.034048796339363,48.5575455808266,30.980970057296755,6.577129134530893,8.860013090241367,30.879407399426665,6.126106932415169,5.271733022670686,34.38210771381549,19.73553196938895,3.4619811969853016,35.29990902754581,23.298042755448336,2.7603892448325804,19.56313550263084,0.6355916023361421,100.60663082647042,20.05696641106726,0.889451825570531,110.51506486325607,20.30297817646886,2.4586216336770947,120.31111321782286,20.456409468977085,4.313454851986651,130.05900691908647,19.27865859430056,10.682244269143109,138.35939642700203,0.7856270226328839,1.7197244033332755,143.19737222109885,-4.255011799298399,5.129641922109563,114.14206041031316,-5.87974270380076,12.711782528257277,91.92308438628,-8.499867394784907,16.90400273415067,81.95770947211554,-8.499867394784907,16.90400273415067,81.95770947211554,-2.680298973294412,15.398071172801274,87.57761554551982,-2.680298973294412,15.398071172801274,87.57761554551982,19.27865859430056,10.682244269143109,138.35939642700203,38.65256371750891,8.930094570821062,146.56346618240948,42.91456631805181,17.072471551145544,118.33610795349887,39.41551042190125,33.259939360383456,135.05537815289753,40.925025915754944,41.26455731949777,142.6313873353962,40.925025915754944,41.26455731949777,142.6313873353962,37.50313937005195,34.02883817567865,140.7199450281658,37.50313937005195,34.02883817567865,140.7199450281658,20.24309250836511,7.356602271025741,142.51388792630252,20.540594273237957,9.378826327559256,149.6753552387724,21.28621039564857,13.006363132424026,156.136744008213,22.77490268941842,18.033585560902207,164.33103289715729
3.34999866,19.0896,4.42647,92.3697,9.07754671182728,2.0509428965226606,91.79765564382268,3.53160189175121,5.079537111428685,47.54503746835074,0.9533719164210659,1.389583264251561,7.704834776973641,2.08633118780726,2.056121283184485,4.334134522976404,-8.385677744880262,11.45493630113649,2.672850028366097,-10.480106087447563,13.405298369872158,2.191738810883155,29.10165328817272,6.80199710347734,92.94174435617731,29.590048149011537,12.049413127355717,48.551991059022676,30.977389537309875,6.578230795218964,8.857580527427316,30.875557964076062,6.1267624751653065,5.2693641835761476,34.38210495299576,19.73493893073783,3.4576736005847337,35.30104657243121,23.297695742635018,2.7588289691039387,19.51246787316771,0.6603634105003149,100.6080691877015,20.00774207995363,0.9158136603946956,110.51639032048286,20.253944901116604,2.4877583330128656,120.31198898301895,20.40984993290145,4.347128835760033,130.05897897967833,19.245391105882547,10.720971262779532,138.3573649734547,0.75076807474478,1.7831016469810415,143.2346997484209,-4.308473419737342,5.103252480016731,114.17222573834387,-5.93235872966097,12.628014647091582,91.93369042081063,-8.537480767667606,16.80802534003174,81.95925757453502,-8.537480767667606,16.80802534003174,81.95925757453502,-2.7271207163451825,15.312723027382242,87.59151625303564,-2.7271207163451825,15.312723027382242,87.59151625303564,19.245391105882547,10.720971262779532,138.3573649734547,38.63852485764588,8.958678948417907,146.51369245124516,42.8366473906605,16.962455277994607,118.23716414057904,39.47101952846618,33.22739061829651,134.90857469005022,41.06200287691296,41.21569166227522,142.48513586558346,41.06200287691296,41.21569166227522,142.48513586558346,37.58633029581068,34.0036117605544,140.58141467960786,37.58633029581068,34.0036117605544,140.58141467960786,20.21343764098788,7.3971339975101635,142.51246049965832,20.52934727988014,9.410767399861863,149.67555990728127,21.295811114656438,13.025511630016304,156.1416768906837,22.814339664324866,18.02518000986604,164.3473412526822
3.35833199,19.0359,4.4456,92.3682,9.025912575973228,2.0603929000933383,91.800297128568,3.4991796816739127,5.085717212807799,47.545051805917616,0.9536569590749662,1.3860202281339102,7.703649521606302,2.0877896687743944,2.053229866351707,4.333476805103613,-8.384367329475165,11.451492111688895,2.6699998524882904,-10.478851568660744,13.401737466405333,2.188658899410166,29.045887424026773,6.830807099906661,92.936102871432,29.55605137754145,12.062727613901632,48.544765397485875,30.977002632603277,6.5774216275930515,8.85349311430874,30.87490592943216,6.125514281459799,5.265339570031072,34.385205374654674,19.732468986662916,3.4517402605304093,35.30526257562795,23.295477444781547,2.7556518366126435,19.465024878694315,0.6828963692512375,100.60780048668234,19.96173639884951,0.9399465786792669,110.51600829112296,20.20811308625149,2.5146713002767416,120.31115605006435,20.36647130936058,4.378584434928351,130.0572388293171,19.215253841116866,10.757470142983834,138.35359689839632,0.7191693360297329,1.8441892283229198,143.27022889164303,-4.35890494780839,5.074459596596724,114.20091110543288,-5.982195171311695,12.541733750089191,91.94296313607006,-8.572466873040815,16.70949184064395,81.95953958296461,-8.572466873040815,16.70949184064395,81.95953958296461,-2.771261436397294,15.224927614532097,87.60406217519245,-2.771261436397294,15.224927614532097,87.60406217519245,19.215253841116866,10.757470142983834,138.35359689839632,38.62750614105104,8.985146317695248,146.462130535375,42.7607998315888,16.85017967499213,118.13716177640956,39.52850047529421,33.191893336298975,134.75980108920086,41.20064311885873,41.16349294573713,142.3364757870642,41.20064311885873,41.16349294573713,142.3364757870642,37.67146815281097,33.97532518852275,140.44076507418384,37.67146815281097,33.97532518852275,140.44076507418384,20.18693382652534,7.435445618361495,142.509293970581,20.52122297802813,9.440473856916244,149.6739728906922,21.308502511871808,13.042398893392413,156.14474088759155,22.856827648792745,18.01444503497958,164.3616129763311
3.36666532,18.9831,4.46553,92.3656,8.970908522943464,2.087893670864148,91.80484860844592,3.4692490082184007,5.105024010337946,47.545919912095144,0.9483193604363063,1.3869413993102584,7.704665475286717,2.083887695442299,2.054136032365524,4.334973245756849,-8.386683797358916,11.453456484850586,2.667499514139287,-10.481230781669481,13.403727432282214,2.186535433339416,28.995291477056536,6.843166329135853,92.92635139155408,29.524289142672004,12.088641926673493,48.53683405383784,30.969451352593484,6.583095907938774,8.849238398361194,30.86741643999303,6.131026964460847,5.261103452382523,34.38414171648916,19.736252121302464,3.4469775578269126,35.30597251365645,23.299109402371535,2.7524636301573295,19.414000312953046,0.7072952503218071,100.60714715093643,19.917928958477418,0.9688174078535501,110.5148734855573,20.173039161083445,2.5489171009639824,120.30893203065283,20.34364584222015,4.417640817976763,130.0538868314831,19.219595117501708,10.802627669183787,138.34927679363517,0.7196492118010696,1.9260810513624271,143.3175672911599,-4.404888648061408,5.073628420506708,114.24732857659428,-6.074942925033287,12.439045862873993,91.95892246822396,-8.652632789525303,16.55797126427023,81.95200339534783,-8.652632789525303,16.55797126427023,81.95200339534783,-2.8561172062252806,15.088860842271483,87.6053804758457,-2.8561172062252806,15.088860842271483,87.6053804758457,19.219595117501708,10.802627669183787,138.34927679363517,38.65147438099069,8.984010723554743,146.40034439577698,42.687431354457395,16.788311796833057,118.04455737256157,39.60847798312431,33.14681483487547,134.67978886273067,41.31089752366983,41.082115164198214,142.28776081472176,41.31089752366983,41.082115164198214,142.28776081472176,37.75113909081833,33.91692567040929,140.36247377856236,37.75113909081833,33.91692567040929,140.36247377856236,20.192352773938502,7.480695087508611,142.50479523982796,20.543866014246355,9.482164510325827,149.6696448609935,21.341261926981105,13.076750912889224,156.14325435302806,22.89687223324026,18.031488355749225,164.3692007383251
3.3749986499999998,18.931,4.48466,92.3632,8.916573090737513,2.1147750861007797,91.80959907522454,3.440043505401821,5.123708091057132,47.5469958065212,0.9436384653288568,1.3871943849556656,7.7059214373476905,2.080653639066269,2.0543478566313786,4.336708979884978,-8.388155516765941,11.454919700015873,2.665229133721617,-10.482729204833715,13.40525432525672,2.1846397042282,28.945426909262487,6.85454491389922,92.91680092477547,29.493344423188343,12.113519353986772,48.5291103283225,30.962639287129775,6.587672099284506,8.845222358385705,30.860660089552745,6.135439264969213,5.25710648087719,34.38408297372586,19.738859506789662,3.442441249019004,35.30775855372995,23.301544945522718,2.749498605545833,19.363614158731593,0.7308958279118145,100.60669455537591,19.87476055641886,0.9969017861979415,110.51393177019456,20.138628807644928,2.5823902354221873,120.30688734876078,20.32151200234761,4.455931617489247,130.0506943802643,19.22474114354329,10.847004935600907,138.34504892246943,0.7209476867940303,2.007601848330781,143.36496621369272,-4.450223001130175,5.072461238379196,114.2941500525392,-6.167312025581157,12.335887944041541,91.97586741221086,-8.732575474248048,16.405690433372932,81.94568336765666,-8.732575474248048,16.405690433372932,81.94568336765666,-2.9406961575460304,14.952169641149796,87.60783508242892,-2.9406961575460304,14.952169641149796,87.60783508242892,19.22474114354329,10.847004935600907,138.34504892246943,38.675920526543436,8.981697567799294,146.3386237093827,42.61378985812396,16.72556354478652,117.9524924742556,39.68864759988849,33.10023857918996,134.59956616685304,41.42120579778588,40.99920904711689,142.2384776382985,41.42120579778588,40.99920904711689,142.2384776382985,37.830777802043905,33.85730956449772,140.28382950082712,37.830777802043905,33.85730956449772,140.28382950082712,20.198510512861432,7.525153746964868,142.5003954769622,20.567266264368858,9.523040713223331,149.66537826607515,21.374846041629834,13.110250558380946,156.1418164795273,22.937884418180307,18.047581797544517,164.37681567531416
3.38333198,18.8782,4.50158,92.3619,8.861580773584498,2.1393130455899225,91.81544879531154,3.410124706453427,5.139975449632906,47.54918902406926,0.938275901612168,1.3850059650828253,7.708318710456602,2.0767269464269997,2.0521354903911786,4.339586417943309,-8.390455270851993,11.453806929301878,2.6641069089521334,-10.48508440365925,13.404174551164564,2.1838931851948775,28.8948192264155,6.863846954410077,92.90835120468847,29.461557662818294,12.136359544511425,48.52250300076286,30.95506433078125,6.59026613566261,8.842343406539023,30.853147376600322,6.137872119796947,5.254246078921025,34.383060700252884,19.739539868839813,3.4390581073469386,35.308526621895695,23.302066819806534,2.7476912213062628,19.31258832172111,0.7522870797521968,100.60733584891861,19.83095523563328,1.0227707330601274,110.51407665385815,20.103566593808747,2.6136381001027607,120.30592035707731,20.298705757501963,4.491978147087765,130.04856570703672,19.229137034372684,10.889060147188964,138.34184047497277,0.7218243972993683,2.086549938563431,143.4133473339516,-4.496350292672019,5.068798934022471,114.34233831338224,-6.261046662102238,12.230291092775442,91.9948467533919,-8.814210448440488,16.250699663201626,81.9416815583979,-8.814210448440488,16.250699663201626,81.9416815583979,-3.0268477280341965,14.813053394434627,87.61249778731202,-3.0268477280341965,14.813053394434627,87.61249778731202,19.229137034372684,10.889060147188964,138.34184047497277,38.699338208051586,8.977209242727048,146.27790254728424,42.53909106634807,16.66105536411262,117.86203500096302,39.76730215348537,33.05120142992179,134.52012013713554,41.52942245432885,40.91389541710983,142.18963355977561,41.52942245432885,40.91389541710983,142.18963355977561,37.90854971945442,33.79545559273047,140.20578733128488,37.90854971945442,33.79545559273047,140.20578733128488,20.203959991166577,7.56729599487449,142.4970095703654,20.589921799290593,9.5615623397782,149.6620948267147,21.407646189246776,13.141359442092021,156.14136106841494,22.978112728443133,18.06120428286454,164.38540753106838
3.39166531,18.8262,4.5155,92.3611,8.80736171030181,2.1610154844262746,91.82178858643543,3.381044323810775,5.153466410624223,47.55188437007912,0.9337043618523406,1.3800496106159335,7.711243907681734,2.0735972015386475,2.04713375807669,4.3429902210009885,-8.391813502023659,11.450064178799298,2.6635143179845655,-10.486468678589029,13.400496262925005,2.1836761563082034,28.845038289698188,6.8699845155737265,92.90041141356456,29.430698841359312,12.156046863687376,48.516420506706226,30.94837682998817,6.589639388061262,8.840022723790945,30.846520076589123,6.13708099878409,5.251944415046577,34.38314785509082,19.73693300930202,3.4362213501654084,35.31046294579996,23.29928395401108,2.7464271135458436,19.262303469776956,0.7706667680749342,100.60847175003153,19.787894017075363,1.0456078999486835,110.51470922906435,20.069273765821695,2.641834147172797,120.30543270820868,20.276697157026735,4.524946015793521,130.04690304216962,19.234436832672976,10.927989114163317,138.339054406122,0.7236510253448891,2.1627022948415693,143.46209496913195,-4.541724500761766,5.062479599582087,114.3912533268267,-6.354324211863249,12.12203413836017,92.01517962652503,-8.895563222461254,16.092810367973158,81.93929250646362,-8.895563222461254,16.092810367973158,81.93929250646362,-3.112655507978456,14.671165666762427,87.61868115869186,-3.112655507978456,14.671165666762427,87.61868115869186,19.234436832672976,10.927989114163317,138.339054406122,38.72331915006197,8.969162220817086,146.21759818405874,42.46425077679887,16.593425569926772,117.77251494305727,39.84623769996166,32.99831426227402,134.44096228410277,41.63775763035585,40.824704460472795,142.14073719220252,41.63775763035585,40.824704460472795,142.14073719220252,37.986433588017896,33.72999225185045,140.12791773471662,37.986433588017896,33.72999225185045,140.12791773471662,20.21025350845926,7.60628775626277,142.49404044655327,20.61343801927839,9.596880918105676,149.65919868742694,21.441370765641125,13.169190590627705,156.1413003893139,23.019402667659172,18.07140572545603,164.39439935724548
3.3999986399999997,18.7755,4.53187,92.361,8.749476523207209,2.20600491097138,91.83111355892262,3.3585254974616534,5.165886485069354,47.554699404710355,0.9279816505237437,1.3787916660290769,7.714328558924912,2.0690033888459394,2.0445090318361507,4.34618669357258,-8.393862959032043,11.44916567038188,2.6605348026116413,-10.488433630121408,13.39968973936612,2.1807016597115165,28.801523476792795,6.857735089028619,92.89088644107738,29.409307737166497,12.172675120243115,48.51064181571016,30.937431456792115,6.5931238330386535,8.836491225924718,30.835694077358777,6.140047732553718,5.24847486637514,34.38255255538271,19.73699476287284,3.430952544210773,35.31255094934466,23.298448849687034,2.7401404175492123,19.207722598602466,0.7894620788966527,100.60967683521547,19.74474460275773,1.0674361942658837,110.51521653775757,20.042161354827197,2.666642394630328,120.30497965259872,20.269409740276387,4.551035222272592,130.04575995413725,19.2635832916557,10.958090777891094,138.3393113049443,0.7423476128046218,2.240917680493217,143.5064876091221,-4.584290758923465,5.0788784223061825,114.44070662658592,-6.480769589972542,12.006767928330166,92.03045858521642,-9.0240945185018,15.900296902921859,81.92499514889641,-9.0240945185018,15.900296902921859,81.92499514889641,-3.2352786137051415,14.496351365194458,87.60276743221604,-3.2352786137051415,14.496351365194458,87.60276743221604,19.2635832916557,10.958090777891094,138.3393113049443,38.766774657608366,8.934567904205771,146.16592427370043,42.42206355257144,16.56200612440042,117.71055973673704,39.89581335630007,32.93975827837161,134.41980258520059,41.68823242380486,40.72196682387046,142.1640213883901,41.68823242380486,40.72196682387046,142.1640213883901,38.03537470118874,33.63970675267243,140.1105429989246,38.03537470118874,33.63970675267243,140.1105429989246,20.24022515150124,7.634426086732681,142.49253304118042,20.664364640221127,9.626575997472957,149.65604865362562,21.49691515976074,13.199955886738389,156.13696890478653,23.06631091372333,18.103478141230948,164.3909380683793
3.40833197,18.7255,4.5488,92.3618,8.692381345910206,2.2515797807460936,91.84133468203305,3.336682815376923,5.17863957222881,47.5584608313317,0.9228789006911544,1.3776745371923322,7.718393121124706,2.0650197584802426,2.042009905074579,4.35035769619973,-8.395328490786657,11.448353805108061,2.6585037018013367,-10.489820956910219,13.398961824878942,2.1786704521643747,28.758618654089794,6.846020219253907,92.88226531796695,29.38867459455365,12.189658630425914,48.50577762129888,30.927279887309826,6.596743393635766,8.833913881399006,30.82566662514997,6.143131419020261,5.245961712676763,34.38276924174387,19.73715314935437,3.426578528675975,35.31545476343178,23.297703837311797,2.7347330721471077,19.15384915033748,0.8088402809200987,100.61178916723925,19.702306651838636,1.089837581976553,110.51661697625471,20.01576183308097,2.691999293767763,120.30539640675688,20.262827165521223,4.57763052578726,130.04545454922908,19.29344240077456,10.98859347551716,138.34032579482823,0.7619855001136528,2.3195409006050447,143.55162327552887,-4.626111783708962,5.095811689974276,114.49121292391548,-6.607360364414127,11.892228864984547,92.04806541995163,-9.153559349516778,15.70795282460443,81.91368915778783,-9.153559349516778,15.70795282460443,81.91368915778783,-3.3586217412457717,14.322004367530171,87.58963804271833,-3.3586217412457717,14.322004367530171,87.58963804271833,19.29344240077456,10.98859347551716,138.34032579482823,38.81057692902898,8.900339404222304,146.1150054396586,42.380310445218726,16.531304601065322,117.64972668767794,39.945891843384466,32.881539135292044,134.3995009842714,41.73920602828383,40.619247289234266,142.18797693207523,41.73920602828383,40.619247289234266,142.18797693207523,38.08470336055819,33.54976209162614,140.09380882847188,38.08470336055819,33.54976209162614,140.09380882847188,20.270892497115042,7.662957928472988,142.49177934863323,20.715978113585056,9.656600940596334,149.65360857284148,21.553149339777747,13.230933486120302,156.13340816037064,23.113932611978225,18.13550598709617,164.38838633395113
3.4166653,18.6746,4.56626,92.3642,8.634472270134355,2.297728031235467,91.85314943041203,3.3138927216559324,5.191803944418017,47.5638746550553,0.9167383393773725,1.3768589403624545,7.724137894208681,2.059988076818642,2.0398005158916774,4.356204054467274,-8.39781843627554,11.447855393548833,2.6581618424842155,-10.492228442137176,13.39855245470445,2.178330634823125,28.71472772986565,6.834791968764533,92.87525056958796,29.367203474417593,12.207025067083618,48.50253948281644,30.916300217012584,6.6006606896681035,8.832982421516547,30.814813569144842,6.1465073257490825,5.2450951565727895,34.38219810151058,19.73758312904009,3.423835398208983,35.31758081160081,23.297224301264407,2.7309519085299807,19.09907807703731,0.8287562375434305,100.61550213616236,19.65898135933278,1.1127318699483868,110.5196045788411,19.98848563943634,2.7177870693036215,120.30738286488825,20.255369500550273,4.604576898631478,130.04669373296417,19.322451655122894,11.019312683301536,138.3428296318364,0.7809714269760946,2.3984373864032147,143.59820867664084,-4.668817339741643,5.113354348734621,114.54350596045731,-6.735765998775529,11.778582281683049,92.06876542618724,-9.285646113539048,15.515996479537655,81.90617189181461,-9.285646113539048,15.515996479537655,81.90617189181461,-3.4843582739590984,14.148301454682468,87.58006125230554,-3.4843582739590984,14.148301454682468,87.58006125230554,19.322451655122894,11.019312683301536,138.3428296318364,38.85315970069948,8.866188137413932,146.06555497774545,42.3369762644535,16.501218251157532,117.59072295098292,39.994860992149775,32.823504529310185,134.3808679457491,41.789252433865414,40.51638709304687,142.21337572074157,41.789252433865414,40.51638709304687,142.21337572074157,38.132971381659814,33.4599846259151,140.07858209069136,38.132971381659814,33.4599846259151,140.07858209069136,20.300688721739427,7.6916811676280705,142.4924980317684,20.766720876789442,9.686725951150343,149.65260430505094,21.608522850668766,13.261890430948965,156.13134491427888,23.16072768782061,18.167252985594303,164.38747105414652
3.42499863,18.6265,4.58713,92.3674,8.579453531684246,2.347312145190815,91.86575465637377,3.2938678503839736,5.208231542865409,47.57013606428677,0.9132995891459497,1.379179565446567,7.730758114853238,2.057658574791253,2.040722157589583,4.362925910845213,-8.397630021767508,11.450450830949919,2.658664294658125,-10.491962774051348,13.401229760252503,2.178828722195791,28.673546468315756,6.826947854809186,92.86904534362624,29.348597961956777,12.227663802647129,48.500129704614935,30.908214531013076,6.60782869640914,8.83289096499228,30.806857953261993,6.153133707632647,5.245068623386144,34.384538781130445,19.741251814275596,3.421937466879693,35.32262267904396,23.299980237396323,2.728017997093704,19.0471132332113,0.8520909770844796,100.6200160070517,19.61846881899084,1.1390013428479153,110.52337979300928,19.964026676752397,2.7468905880877017,120.31013926601062,20.250724754238263,4.634758391295956,130.04867808917993,19.354285543312088,11.053129602351294,138.34602401930783,0.8029772970306155,2.480488189522955,143.64543628846653,-4.708699335082286,5.134345622979334,114.5967670751289,-6.862207497390472,11.668715220483708,92.09174721737087,-9.416545520371786,15.32734279253313,81.90164111467224,-9.416545520371786,15.32734279253313,81.90164111467224,-3.608693881611983,13.978143033399599,87.57324319044176,-3.608693881611983,13.978143033399599,87.57324319044176,19.354285543312088,11.053129602351294,138.34602401930783,38.89819853674603,8.835029309262229,146.016779186492,42.296663982557305,16.474531339509475,117.53283348047233,40.046615482481876,32.76845279467985,134.36307137540558,41.841973085890494,40.41618316124752,142.23945202561706,41.841973085890494,40.41618316124752,142.23945202561706,38.183825732318056,33.37319455176451,140.0639474542572,38.183825732318056,33.37319455176451,140.0639474542572,20.33329281782917,7.723478223536796,142.49389016276055,20.820267640669552,9.719833558423373,149.65223720668692,21.666705375254608,13.295710146770206,156.12998074042486,23.21035966619998,18.201601531137694,164.38739568950152
3.43333196,18.5813,4.60549,92.3712,8.525198868141295,2.404915234844793,91.87736243683555,3.2852052537000453,5.220741298101249,47.573438313208534,0.9123388712501157,1.3795840529530188,7.734766198803371,2.057051403019639,2.0390692171497986,4.366650645350052,-8.394627035751105,11.45192602096833,2.657526424194098,-10.488387781090365,13.403187932740932,2.1771586714859077,28.637401131858702,6.806064765155206,92.86503756316445,29.339764239885504,12.225990671132273,48.49888840090109,30.90153623244722,6.60956626040525,8.831251405841257,30.800163074052428,6.154757303871678,5.243443977980349,34.38805185151301,19.74013043456589,3.419916621348679,35.32884733927392,23.298207801480388,2.726329625464582,18.993512872578414,0.8697567757194116,100.6239256575744,19.57926852019652,1.1506796264488872,110.52661982197338,19.94690248445692,2.7511801477241127,120.31378603033625,20.258905433158596,4.633550254652691,130.0526112151798,19.402997123060572,11.0565272480397,138.35067299207242,0.832511595544414,2.5427394856194994,143.677724150901,-4.7667544598172045,5.147057606524994,114.6413251247408,-6.998308205418178,11.548384502572556,92.10569369159847,-9.578132821022187,15.121996046087082,81.8918664794489,-9.578132821022187,15.121996046087082,81.8918664794489,-3.752565137482799,13.796685111730799,87.55091788808102,-3.752565137482799,13.796685111730799,87.55091788808102,19.402997123060572,11.0565272480397,138.35067299207242,38.956637990451995,8.786649819665406,145.98138554918248,42.29869933620184,16.449948577745722,117.49715833927472,40.09396638498909,32.711946567324574,134.36422910573475,41.88776947176821,40.330657002559064,142.26903666953888,41.88776947176821,40.330657002559064,142.26903666953888,38.234583479797685,33.29280944929529,140.06869926839934,38.234583479797685,33.29280944929529,140.06869926839934,20.37940329194485,7.7242300482270725,142.49702722892746,20.88713230448525,9.732071546335202,149.65071825320294,21.73590038211053,13.318272823677031,156.12244635714057,23.26775303396341,18.243200083981936,164.37072250553163
3.44166529,18.5325,4.62226,92.3749,8.467454420132958,2.461193807925422,91.88886996114317,3.272742512501247,5.231706613548011,47.57675729157402,0.907360697431582,1.3783529160229677,7.7388179141324756,2.0524320131607374,2.035747817454623,4.370415701054892,-8.395429590178814,11.451958174031429,2.6564345348343394,-10.488575865997783,13.403748447893426,2.1755357099419332,28.597545579867038,6.783326192074577,92.86093003885682,29.32747847032645,12.22230339071472,48.497557452249985,30.89133985846635,6.6091753250321945,8.829536193723207,30.78994409309726,6.154249032060708,5.241744280815151,34.388354418,19.736783717946217,3.417804687421077,35.33194392191361,23.294185132406767,2.724545973737548,18.936225559184294,0.8858439495103205,100.62773610191093,19.536349468265325,1.1606553231191192,110.52974140604425,19.92604517268359,2.7536070629852736,120.31728558488786,20.263358867700433,4.630297144650711,130.0563632028624,19.448141636999352,11.057675865118904,138.3551140363578,0.8585128322125648,2.6031623248600635,143.70972798489052,-4.828854004601638,5.158931353010056,114.68614059845162,-7.140164431538634,11.428033473962687,92.12139586363577,-9.74667627419901,14.9167352658268,81.88501385374676,-9.74667627419901,14.9167352658268,81.88501385374676,-3.902972970407264,13.615044972498527,87.53083397408999,-3.902972970407264,13.615044972498527,87.53083397408999,19.448141636999352,11.057675865118904,138.3551140363578,39.01123698949508,8.735443990094991,145.94573510368707,42.29678404171112,16.422961918266914,117.46145926048351,40.13808106364245,32.65268755649039,134.3655270963764,41.930730022680535,40.24199443666663,142.29882978939358,41.930730022680535,40.24199443666663,142.29882978939358,38.282138241936465,33.209622993868784,140.07350269843099,38.282138241936465,33.209622993868784,140.07350269843099,20.42186344791677,7.722680487951044,142.49992992626326,20.9504239717774,9.741850309678114,149.64892205845524,21.801625865019364,13.338166071941528,156.1147151093916,23.321768845605796,18.281732756883596,164.35400235019736
3.44999862,18.4843,4.64152,92.3797,8.410500766541047,2.5198571638228597,91.9014839154247,3.2606675586817238,5.244486036621229,47.58128854484062,0.902701358160884,1.3786128564937434,7.744122485463691,2.048113313985285,2.0339144102906235,4.375428203008556,-8.396081242421404,11.453300106688312,2.6565523580379153,-10.488644414699289,13.405582707060669,2.1751146121042697,28.558099233458954,6.7631828361771404,92.8579160845753,29.315661496662262,12.220937706805088,48.49731291645429,30.881744833890775,6.610992010145193,8.828929133504651,30.78033593231236,6.155934888829466,5.2411541831182005,34.38908495039979,19.735665403332455,3.416760947565776,35.33542080520437,23.292399083041825,2.7238196793962945,18.879587595329948,0.9044764971236603,100.632660470588,19.494026826535684,1.1731422308450683,110.53395645621933,19.90570028656369,2.7584645285344287,120.32183963978653,20.268249074327425,4.629374141541666,130.06112270564145,19.493635881352937,11.060977453473052,138.36048984929903,0.8852188160734933,2.6655236634842474,143.74269746558244,-4.890904119825286,5.173414396018529,114.73246462365142,-7.283922339722723,11.310994851603095,92.1400970586868,-9.918454831277518,14.714797011891775,81.88232779654115,-9.918454831277518,14.714797011891775,81.88232779654115,-4.0561483022538205,13.436672447599165,87.51422894195217,-4.0561483022538205,13.436672447599165,87.51422894195217,19.493635881352937,11.060977453473052,138.36048984929903,39.065991336379895,8.686625376334963,145.91100923513378,42.295123607044246,16.398673662121872,117.42691301186832,40.18225608907394,32.59586380617033,134.3679379079319,41.97368716076856,40.15560370887271,142.3296945074343,41.97368716076856,40.15560370887271,142.3296945074343,38.32977190570341,33.12877733564622,140.07932931747158,38.32977190570341,33.12877733564622,140.07932931747158,20.46470790960949,7.7232966172319015,142.50376546689031,21.014096667451163,9.753706483174817,149.64800225408732,21.8676977669533,13.36001512221847,156.10791050927082,23.376036620995595,18.321949282925303,164.33832142079868
3.45833195,18.4401,4.66339,92.3855,8.357700164844747,2.581201963570361,91.91509447812486,3.2524042753935136,5.259632766725,47.58693114414647,0.9017330639494152,1.3810998505210548,7.750564505563439,2.0474693265685824,2.034292832989503,4.381571007829518,-8.393047640561672,11.456863206229126,2.6578152187421367,-10.485026197860996,13.409640001548773,2.1758413726042245,28.522499835155255,6.745578036429638,92.85590552187513,29.307854004414217,12.22197809801757,48.49808362489435,30.87621260340242,6.615073083389362,8.829359834584224,30.77479369652198,6.159874647557322,5.241603093535128,34.39393786487254,19.736772763303453,3.416721167671624,35.343035180143815,23.292830614489105,2.724088173391278,18.82693209772962,0.9257385995841476,100.638585840559,19.455641638116116,1.1881634805010934,110.53915332611774,19.88923882673667,2.7657223711395105,120.32734419394353,20.27698246639517,4.6306972720614,130.06679502698518,19.5430008373132,11.066321517560883,138.36673799575968,0.9159892985344023,2.72999860702347,143.77646537386764,-4.949409801165623,5.19083854442936,114.78011936538398,-7.425930390769779,11.197633586768232,92.16161452247715,-10.089728331175763,14.516599933109315,81.88362329094713,-10.089728331175763,14.516599933109315,81.88362329094713,-4.208390543409427,13.261878446736604,87.50092607534378,-4.208390543409427,13.261878446736604,87.50092607534378,19.5430008373132,11.066321517560883,138.36673799575968,39.12437648901407,8.639742391519073,145.87715943347106,42.2973517338373,16.376708293390053,117.39350959063975,40.230291498577394,32.54108603258251,134.3714852216891,42.02053755523258,40.071016583206884,142.3617058563317,42.02053755523258,40.071016583206884,142.3617058563317,38.38122476743074,33.049910166527845,140.08618001117537,38.38122476743074,33.049910166527845,140.08618001117537,20.51140045542028,7.7259303364897525,142.50845455161817,21.081649900551987,9.767447220236821,149.647889815433,21.937677611615815,13.383580017437815,156.10198244363397,23.434203947022926,18.36354321129776,164.32365599599746
3.46666528,18.3936,4.68236,92.3911,8.303077280286796,2.638601133312581,91.92636809041322,3.2444947753150943,5.2670722944247945,47.5898596053555,0.898411290201651,1.3792210475672961,7.754130860255501,2.044479806773907,2.03117254255372,4.38500989966254,-8.39242758905615,11.457278931877493,2.6587296941288594,-10.483787079799141,13.410675784546715,2.1765818938007926,28.484122719713202,6.726118866687419,92.85583190958677,29.297169351725355,12.199807994946479,48.49817434348717,30.869307398619103,6.613924432077652,8.826634589230324,30.768749212119104,6.159529231691131,5.238751801764501,34.392354497559744,19.735765171776173,3.4178005573678147,35.34263942876205,23.291524257278727,2.725262114394533,18.771207221349044,0.9415737592671354,100.64319270682465,19.412953601867827,1.1952852350793615,110.54315084363171,19.866870513609268,2.7644115619585143,120.33177592828633,20.277371387053403,4.6244743022768455,130.07123354539115,19.57641245280055,11.06324788015142,138.37158854571226,0.93585782337761,2.7702489513091333,143.80121843307288,-4.975923945475681,5.249405602202209,114.81585419079042,-7.588829064411718,11.09926785596712,92.17157586951433,-10.289435433293612,14.32526301066187,81.87360804410797,-10.289435433293612,14.32526301066187,81.87360804410797,-4.386099276147389,13.105624215053702,87.47554111919388,-4.386099276147389,13.105624215053702,87.47554111919388,19.57641245280055,11.06324788015142,138.37158854571226,39.163930758645435,8.582643744366651,145.84826685761783,42.31707540845653,16.3285666621938,117.36484925002642,40.33133264535129,32.50838388021431,134.337823141193,42.16260465082839,40.039236799446535,142.31787063364013,42.16260465082839,40.039236799446535,142.31787063364013,38.50362089597435,33.0230215856466,140.0588636152534,38.50362089597435,33.0230215856466,140.0588636152534,20.5413265637949,7.720393190533089,142.51213082595777,21.129587201954187,9.767810720956073,149.64841433911846,21.99420362559391,13.395176370902568,156.0950544240046,23.494178957639406,18.39826718108549,164.3020451535423
3.47499861,18.3487,4.70392,92.3959,8.25021106566979,2.69858404650393,91.93685341540723,3.2378751223766082,5.276665489735085,47.59213460117142,0.8962588266526046,1.3793141668028048,7.757071334254952,2.0426428416814337,2.030014592659381,4.3878158542599355,-8.39070425852044,11.459598911001219,2.659010234766841,-10.481455250197861,13.413603880177115,2.176687566695156,28.447188934330214,6.70925595349607,92.85494658459277,29.287884078857235,12.18008122671484,48.497451110277716,30.863892770150223,6.6150595857081305,8.823133089294721,30.764201072173016,6.1614507111940755,5.235126623593118,34.392244878040856,19.73702029945611,3.4180494383973112,35.34371216114262,23.292478710968812,2.725590693929085,18.717082610051087,0.9600342017634524,100.64700394655615,19.371809334532298,1.204977766835069,110.54633294435091,19.84598503794663,2.765578372428248,120.33536058720256,20.279203899349362,4.620622104699436,130.07479143350392,19.611245392045614,11.062411338503571,138.37552782528059,0.9573066089226465,2.812663078456401,143.82504251572317,-5.000790343375433,5.310247171445786,114.85074569862228,-7.750665625828678,11.00328967628457,92.18272956996533,-10.488648256076658,14.13596794308705,81.8658386223965,-10.488648256076658,14.13596794308705,81.8658386223965,-4.563209707343267,12.951562103445756,87.45197427828349,-4.563209707343267,12.951562103445756,87.45197427828349,19.611245392045614,11.062411338503571,138.37552782528059,39.20469169459658,8.52779024272628,145.81848064858215,42.33812088746634,16.282863538180287,117.33537721311697,40.43349612262968,32.47776558145597,134.30326024412224,42.3056846630767,40.00935492891422,142.27311173590905,42.3056846630767,40.00935492891422,142.27311173590905,38.62709550176683,32.99811788034511,140.03054900884217,38.62709550176683,32.99811788034511,140.03054900884217,20.572680786870443,7.717093494830241,142.51488980490728,21.17895579075372,9.770330458770008,149.64799292291124,22.052127877666205,13.408835144621742,156.08719828228377,23.555441002012028,18.43488386926238,164.27953765233602
3.48333194,18.3049,4.72576,92.4011,8.198566902838419,2.7590164377059003,91.94775035635715,3.2320585140917304,5.286377333942856,47.59495626652915,0.8947264776484891,1.3793948595300867,7.760584844526676,2.0414257259052357,2.028819178013842,4.3911904282837035,-8.388248094837301,11.462001744438027,2.6598523153119507,-10.478367681970205,13.416638653110097,2.177353660764318,28.41123309716158,6.6925035622941,92.85444964364285,29.279629948508543,12.160289888671207,48.49711313830639,30.859501381418827,6.6160054865477225,8.820045499507216,30.760673103629035,6.163174562026056,5.231916882957085,34.393319097106925,19.73802712551589,3.418681662258321,35.346012124741165,23.29317129838172,2.7262948304689925,18.663993015483296,0.9788035926790277,100.65121956533767,19.331651228109838,1.21489659316633,110.54989986357103,19.82605552067659,2.766853539915884,120.33930092141554,20.28198892023461,4.616749049870478,130.07867412392798,19.64712343170364,11.061419035792994,138.37977142067265,0.9798177818961449,2.855164509748805,143.8491475524124,-5.024467162616654,5.3714976436724555,114.8860097475368,-7.91182449194906,10.90790717069964,92.19630196092587,-10.687709283796984,13.946982244531679,81.86155730279017,-10.687709283796984,13.946982244531679,81.86155730279017,-4.740079381083595,12.797880397002928,87.4314598367776,-4.740079381083595,12.797880397002928,87.4314598367776,19.64712343170364,11.061419035792994,138.37977142067265,39.24626304878939,8.472508183594575,145.78897216767294,42.360131935942476,16.236829339314887,117.30624302904485,40.536881341983936,32.44651990242538,134.2689430311034,42.450054067311804,39.97869636114976,142.2285001009763,42.450054067311804,39.97869636114976,142.2285001009763,38.75190724409894,32.97249299197961,140.00243290128233,38.75190724409894,32.97249299197961,140.00243290128233,20.60503007845265,7.713615328810714,142.5179415824265,21.22936166967606,9.772570437333655,149.64783817549062,22.11112251868154,13.422096815641584,156.0796315895934,23.617758327988007,18.47089817517633,164.25735705921363
3.49166527,18.2613,4.74599,92.4051,8.147276721122434,2.8178489327900706,91.95746180987176,3.226119835201674,5.294082729526572,47.59672936170253,0.8929359076612187,1.377302318814749,7.763076959938886,2.039939299911135,2.025442232545222,4.393538755081039,-8.386094127985896,11.462181876972739,2.659660776772375,-10.475589480986155,13.417442228252446,2.176984473848897,28.375323278877563,6.674131067209929,92.85273819012825,29.27137471183785,12.138717214788493,48.49555734739228,30.85517614025755,6.615070668236897,8.815768013852413,30.757215569028048,6.1630066276781275,5.227518904144718,34.39443694548026,19.73714187215925,3.4180897059679873,35.34834922998244,23.29197113296609,2.7257647103284137,18.611099899980825,0.995997698004484,100.65423939265472,19.29164460214791,1.2231511257309293,110.55225127732248,19.80622987359166,2.766337332998204,120.34199884140774,20.284853046866928,4.61094224649165,130.08128688579373,19.683078751883478,11.058330374429282,138.3827383113955,1.0025577652346271,2.8955086273211776,143.87195188278358,-5.0478957621749,5.430857702596729,114.92008253347977,-8.073333151638773,10.810874900221386,92.21075304545444,-10.887689370670383,13.756071339841155,81.859246979412,-10.887689370670383,13.756071339841155,81.859246979412,-4.917759538789271,12.642390922702738,87.41246266806147,-4.917759538789271,12.642390922702738,87.41246266806147,19.683078751883478,11.058330374429282,138.3827383113955,39.287712499981794,8.415076957270704,145.75813903377014,42.38207830386401,16.188968379978864,117.27589484445618,40.6400425424217,32.41301665678028,134.23340265538974,42.59410900658711,39.94555653184983,142.18267483056246,42.59410900658711,39.94555653184983,142.18267483056246,38.876462518843766,32.94448473695892,139.97300311994195,38.876462518843766,32.94448473695892,139.97300311994195,20.63746250041778,7.7080247589694615,142.5196974646326,21.27986489495711,9.77259255466096,149.6463650226841,22.170195899100833,13.433024946577794,156.07077603924947,23.680064112635716,18.504382095782752,164.23393566830026
3.4999986,18.2228,4.7654,92.4078,8.102821398001932,2.8679176241110405,91.96376335929111,3.2154855891702825,5.305783982266554,47.59716715717655,0.8903620580948557,1.3787201468487011,7.764055931868121,2.037777626408513,2.0269051888627803,4.394666742638024,-8.385926884561965,11.466229117299225,2.6608533034177215,-10.474818972870924,13.422066479884215,2.1779036793192827,28.342778601998067,6.662882375888959,92.85183664070888,29.262593786698524,12.119843634200434,48.494203519663266,30.84998802269208,6.61397760867019,8.812086659061606,30.752025994450605,6.163510983329289,5.223636700642679,34.395103954356166,19.736884510034844,3.4202856303906164,35.35050694756939,23.291374207036256,2.7282728168748283,18.564837284611393,1.011154057787366,100.65532998514195,19.253518217338108,1.2296308122859738,110.55297442819214,19.781317071626617,2.765333805710765,120.34319524928694,20.274966621821697,4.605945476778071,130.08248874719135,19.69366065107142,11.05426722670721,138.3846735032517,1.004715329721158,2.9168991320962885,143.88299616642712,-5.115078773306586,5.444132287393174,114.94499460523919,-8.218091280209885,10.728054200751362,92.22357332848946,-11.096297939116251,13.595533661363618,81.86780446266121,-11.096297939116251,13.595533661363618,81.86780446266121,-5.092029077367166,12.521656652867321,87.391760867288,-5.092029077367166,12.521656652867321,87.391760867288,19.69366065107142,11.05426722670721,138.3846735032517,39.30494856589476,8.384556503849659,145.73280386533452,42.40008380194975,16.10973899176751,117.23739344472646,40.847933898235844,32.419326442302086,134.131170112771,42.85927462475885,39.99532859046198,142.02465861683373,42.85927462475885,39.99532859046198,142.02465861683373,39.14484769429684,32.97017334598528,139.8871888221877,39.14484769429684,32.97017334598528,139.8871888221877,20.64421429185322,7.701761285170565,142.52073186598764,21.299260795530326,9.766269416163205,149.64626565354249,22.208576189525832,13.43312012704983,156.06435437845218,23.75069067106307,18.51746528636136,164.21339467245113
3.5083319299999998,18.1857,4.78426,92.4102,8.059834101261492,2.9175930560595327,91.96978073252353,3.206097098970271,5.3169634367204015,47.59739786728858,0.8888599551119643,1.3795377821926382,7.7648499833759885,2.0366839875449343,2.0277426571318227,4.395603736175527,-8.384565872023149,11.469790961651361,2.661868987267283,-10.472828843645166,13.426233085392118,2.178648268852661,28.311565898738507,6.650926943940467,92.85061926747647,29.255158533770985,12.100136200381009,48.49253259020155,30.846098069233182,6.611888721807696,8.808117126465199,30.748130394398604,6.163008343588173,5.21946855292989,34.39724790768604,19.735559525444224,3.4221492184439803,35.354189483636496,23.28969382842497,2.7304369977965326,18.519910542264093,1.0257781568210569,100.65612144653548,19.21669602500983,1.2355324585285792,110.55338733991988,19.757700631467273,2.7636908555647937,120.34406785609237,20.266390593698535,4.600241549500232,130.08335402661484,19.70564340847197,11.049442751742063,138.38626967072824,1.0082082847410447,2.9377736407991275,143.89369491928565,-5.181028408311382,5.457515248399098,114.96981252033541,-8.362484437717374,10.64594900645752,92.23723688731053,-11.305020481953292,13.436061271333601,81.87841378771931,-11.305020481953292,13.436061271333601,81.87841378771931,-5.266354068058956,12.4015320671013,87.37230203021743,-5.266354068058956,12.4015320671013,87.37230203021743,19.70564340847197,11.049442751742063,138.38626967072824,39.32349479145166,8.352973816302635,145.70705864702938,42.418808146368804,16.02924588237013,117.19845285785436,41.056554858893016,32.422488596972215,134.02751585972428,43.12494555879907,40.04074821725502,141.86539446948692,43.12494555879907,40.04074821725502,141.86539446948692,39.41436685806644,32.99222341983535,139.79937059750642,39.41436685806644,32.99222341983535,139.79937059750642,20.65231946767942,7.694723507286344,142.52142266932478,21.3200414554621,9.75911674689289,149.64581312758844,22.248391047874442,13.432305619213276,156.05754940140923,23.822801047586747,18.529498386485376,164.19237573836782
3.51666526,18.1493,4.80269,92.4118,8.01768349356401,2.966623333598486,91.975015186799,3.1972258103336477,5.327118620864471,47.59691977957156,0.8878351852827602,1.3791089247189068,7.764963838768608,2.036050520768056,2.027348940661862,4.395857685990595,-8.382961414280807,11.471876917087886,2.6621787653667512,-10.47064035179332,13.42887422417895,2.17868266527394,28.28091650643599,6.638756666401514,92.848584813201,29.248104458559244,12.080066190024104,48.49003659097666,30.842733467615854,6.609422097698495,8.803338678091812,30.74477278117167,6.162121976476574,5.214492603227882,34.39961835045889,19.73392759228237,3.423192184134571,35.35801687527823,23.287726996369127,2.73177647507328,18.475755785694563,1.040016818138739,100.65612047539327,19.18061112337735,1.2410296237888052,110.55299633827569,19.73476326444046,2.7615997127007406,120.3441229869133,20.2584458230072,4.594038086989624,130.0833891411308,19.718117245567527,11.044040762232456,138.38703606665467,1.0124109184250258,2.9576648367776066,143.90356251315387,-5.246463364609675,5.470325580863338,114.9940528263,-8.5074185491888,10.563789999103543,92.25126729452559,-11.514857896220043,13.27678683053966,81.89060044352561,-11.514857896220043,13.27678683053966,81.89060044352561,-5.441706548629119,12.281380821144849,87.35361704056055,-5.441706548629119,12.281380821144849,87.35361704056055,19.718117245567527,11.044040762232456,138.38703606665467,39.34251487351513,8.321193771409074,145.6804653591596,42.43723377422572,15.948566472571063,117.15867330039944,41.26431013351293,32.423519828024396,133.92207582818878,43.389269983658416,40.082962157880026,141.70448867137242,43.389269983658416,40.082962157880026,141.70448867137242,39.683512544365115,33.01155526307736,139.70921498512692,39.683512544365115,33.01155526307736,139.70921498512692,20.660993076561873,7.687128179332847,142.52127725097097,21.341349365466417,9.751372599356253,149.6445154048621,22.288652466070765,13.430850733851942,156.04987011758905,23.89522698417951,18.54080621975838,164.17038818826768
3.52499859,18.1144,4.81704,92.413,7.9770698720450035,3.011907528574491,91.97986093750252,3.189705111132895,5.333560256566074,47.59613453348608,0.8879112702700436,1.3750036070549072,7.764785647755673,2.03653036211688,2.0232422019686047,4.395816851594262,-8.37996546976895,11.47055816960355,2.6622088820766305,-10.467002896652515,13.428172313953695,2.17844041935146,28.251730127954996,6.622172471425509,92.84613906249747,29.24262642191747,12.055515327138142,48.4871375836895,30.84080455609968,6.602353698433069,8.79817646611123,30.742839083917286,6.156631031261377,5.209134266048735,34.40383509828436,19.727569252160542,3.423831774220914,35.363801126773396,23.28100215429256,2.732706999818625,18.43297025186367,1.05017342215434,100.65571388159486,19.145862398007846,1.242384704038423,110.5521889435289,19.713176034592216,2.7552933746024557,120.34374865752123,20.251892854473734,4.583538655624339,130.08298283792772,19.732182686940916,11.034294542789079,138.387360693732,1.0180115243764654,2.973749585257787,143.91297391995928,-5.310489047318305,5.480049888077819,115.0180736615029,-8.651665055993972,10.479222424277193,92.26601179730342,-11.724400750547362,13.115518573427746,81.90470402288346,-11.724400750547362,13.115518573427746,81.90470402288346,-5.616752601396994,12.158683511099174,87.33606218668032,-5.616752601396994,12.158683511099174,87.33606218668032,19.732182686940916,11.034294542789079,138.387360693732,39.36297741132626,8.284460993580424,145.6533983196111,42.45668263304544,15.862686480688236,117.11839861560452,41.473353021577445,32.41748989931136,133.81519617938764,43.65479776369636,40.11691826676534,141.54232776118374,43.65479776369636,40.11691826676534,141.54232776118374,39.95440404805406,33.023335438294794,139.6170434292923,39.95440404805406,33.023335438294794,139.6170434292923,20.671150186307607,7.675157709077276,142.52068464178322,21.36420485065164,9.739184466945154,149.64276160553027,22.330571823222215,13.424864914748262,156.04169948720303,23.969443913389764,18.54742705564532,164.14780804008572
3.53333192,18.0812,4.8312,92.4124,7.940569288502479,3.044089435920213,91.98179645288538,3.173721709642681,5.342159225540988,47.594634551588385,0.88236611388567,1.3748126564954846,7.763558361948768,2.0314468817045137,2.023939242487737,4.3949179970557,-8.38369083778143,11.473065242783111,2.663015830453017,-10.470300815927141,13.431138859441297,2.179263005396789,28.221830711497518,6.618310564079787,92.84300354711463,29.230722752276677,12.051881683488086,48.48443567133234,30.833327333866993,6.602987897760975,8.795066883747296,30.735174044745033,6.158548302478714,5.205870703321951,34.400452833767275,19.72894615646721,3.425254382154457,35.36148805016673,23.282106532813057,2.734214388806826,18.39538753860246,1.0624850775366146,100.65443718617483,19.11062327682559,1.2495158983003631,110.55084240985342,19.68224309223748,2.7585452706973,120.3427503026122,20.227024646545203,4.585588511643342,130.0818727011756,19.718774647733767,11.036205739800582,138.38706752492953,0.9970355276661387,2.9955590909686602,143.9160343930485,-5.350664338407493,5.528270031899584,115.02764912595651,-8.796731945475008,10.426853107895102,92.26935384412377,-11.92809123002457,13.006189973814076,81.91126178071555,-11.92809123002457,13.006189973814076,81.91126178071555,-5.791035706708358,12.092318261218834,87.31680881597629,-5.791035706708358,12.092318261218834,87.31680881597629,19.718774647733767,11.036205739800582,138.38706752492953,39.35601879115458,8.272608816192076,145.63042056999825,42.45990270772678,15.747062659679699,117.06916769107123,41.71135539635905,32.39960451168335,133.68073080325038,43.95950580302961,40.135604265200556,141.3520141635124,43.95950580302961,40.135604265200556,141.3520141635124,40.266989241691064,33.018387319835554,139.50023254825268,40.266989241691064,33.018387319835554,139.50023254825268,20.65515981042585,7.675494828495318,142.5196976910252,21.36080978993255,9.732849784769279,149.64246823294334,22.35827778966798,13.414874401661493,156.03873775607974,24.054775936656483,18.532731905113774,164.13595759365495
3.54166525,18.054,4.84915,92.4109,7.910107652150028,3.0800314957979937,91.9828315903727,3.1637259348047495,5.354438059505072,47.5922578429405,0.882800033675228,1.3782388547559132,7.761465776905602,2.0323341603189418,2.028252194313907,4.3931510953952575,-8.381468396677594,11.47916444959825,2.662967623387538,-10.467655814959725,13.437692772781716,2.179233039147902,28.19789234784997,6.618268504202006,92.8389684096273,29.224774820842374,12.05201046221842,48.48083428554186,30.831849944887406,6.607279584621511,8.79107496520561,30.733515044317155,6.164113955448218,5.201726233743413,34.40305617490065,19.73397014132803,3.4257667788302353,35.36515528980756,23.28685745299195,2.734803202863403,18.363811166066213,1.0785955640341536,100.65226149196836,19.081372710491948,1.2604437484939002,110.54859493967363,19.657280926575915,2.7655882622024714,120.34084946863172,20.208116735704596,4.591418492601929,130.0798588084743,19.711301857145706,11.041876132040098,138.38586946126404,0.9820356331062747,3.0210624174406515,143.91814954317866,-5.3848712470961155,5.580106381719387,115.0363124754345,-8.934924342092327,10.377320434210013,92.27240765668044,-12.124417147906703,12.899297578745738,81.91792902398426,-12.124417147906703,12.899297578745738,81.91792902398426,-5.958371443213082,12.028530038789242,87.2975382117182,-5.958371443213082,12.028530038789242,87.2975382117182,19.711301857145706,11.041876132040098,138.38586946126404,39.35496947209671,8.264565012064928,145.60652416954275,42.467471868911794,15.634909917251129,117.01916566183141,41.95401451735691,32.38219659569582,133.54418465419943,44.26919746347309,40.15311270413495,141.16003993069188,44.26919746347309,40.15311270413495,141.16003993069188,40.58524387583294,33.0130307932243,139.38063918230384,40.58524387583294,33.0130307932243,139.38063918230384,20.645112869492642,7.679595412619194,142.51780513949404,21.363330850336013,9.730242953542927,149.64125367916895,22.391873098618806,13.408482141205702,156.03477921867682,24.145939575747544,18.521298413123965,164.1229125663548
3.54999858,18.0266,4.85791,92.4104,7.8794447577147615,3.1069823248194393,91.98487964179134,3.1534803238085205,5.35769311370842,47.59091987963188,0.8828385367722809,1.3725902580740565,7.760430040879214,2.0328397311934903,2.0234627698610694,4.392440719365582,-8.379465027509356,11.476334279030429,2.6639469117318164,-10.465196137937648,13.435351706904747,2.1802251557850156,28.173755242285235,6.6088376751805615,92.83592035820865,29.218699825671006,12.042602793543272,48.47821088503908,30.830118629851867,6.601972157969949,8.78806541522765,30.731592115006716,6.160080045664291,5.198564930403263,34.405628116194805,19.729327129716516,3.427250719453105,35.36885160607426,23.28192403723836,2.73636046708976,18.33196428754206,1.0855317976731196,100.65109282918633,19.05184766103374,1.2621972952342346,110.54735152987426,19.632069430724165,2.7634580986411468,120.33994759723717,20.188998463846147,4.588073076408202,130.07883815393683,19.703746569859735,11.038377956413008,138.38565097838213,0.9668105845131194,3.037805457099429,143.9212682343212,-5.419317743991448,5.623192705711613,115.0460217524886,-9.072372100581061,10.31830149516848,92.27712521438279,-12.319466256381054,12.782582201170035,81.92665851107603,-12.319466256381054,12.782582201170035,81.92665851107603,-6.124855998875028,11.954909492011916,87.28019121368278,-6.124855998875028,11.954909492011916,87.28019121368278,19.703746569859735,11.038377956413008,138.38565097838213,39.35376052557535,8.247009304997832,145.58358133592782,42.47342944276227,15.512716874930716,116.97022988952507,42.195099980565566,32.351926044478056,133.40723294649098,44.577549021058196,40.156009525520425,140.96823013080743,44.577549021058196,40.156009525520425,140.96823013080743,40.90246649901285,32.99405729042867,139.25979242571395,40.90246649901285,32.99405729042867,139.25979242571395,20.63491934190865,7.674518951027161,142.51689739471695,21.365728872133033,9.718422465542748,149.6410034689121,22.42540889713076,13.392714274006599,156.0317130893984,24.237109033433974,18.50010274383329,164.11056610952448
3.55833191,18.0003,4.86657,92.4091,7.849921320004743,3.1338040146879145,91.98612304691248,3.1443332454074655,5.3608248193003805,47.58880419252634,0.8839763764011459,1.36683288931092,7.758619721726866,2.0344372023417097,2.0185698177588027,4.390954550176482,-8.376406554058489,11.473362807159072,2.664170600919779,-10.461688866316551,13.432862029815455,2.180465360620789,28.150678679995256,6.599335985312086,92.83207695308751,29.213683726344982,12.033151347554801,48.474802768006086,30.829493633499577,6.596591879214253,8.784277964457097,30.730780797076207,6.155970599374636,5.194626378679203,34.40929127131381,19.724610224921296,3.4279514218834493,35.37363382568209,23.276917474509858,2.737132876999911,18.30122278148827,1.0923626246134646,100.64911863600193,19.02341025438175,1.2638280467067142,110.54530092532048,19.607928155215916,2.7611827674247267,120.33823953966642,20.170940145022946,4.584554685919491,130.07701314759973,19.69722580313607,11.03467273531685,138.38463697256492,0.9526845515100959,3.0542392225035773,143.92357577468752,-5.452691264972716,5.665953959321534,115.05496256893922,-9.20784317099667,10.25825645169363,92.28170864638265,-12.512052846541675,12.664468843829512,81.93565620234244,-12.512052846541675,12.664468843829512,81.93565620234244,-6.2892914590772095,11.88004127968549,87.26298807346295,-6.2892914590772095,11.88004127968549,87.26298807346295,19.69722580313607,11.03467273531685,138.38463697256492,39.35355451607323,8.229249310322764,145.5598254561838,42.479291765532395,15.389954437823834,116.92067759238863,42.436023174910254,32.318125760179896,133.26835772597417,44.885947190391,40.15373204236653,140.7749952781537,44.885947190391,40.15373204236653,140.7749952781537,41.220348080800036,32.97066823559332,139.13623712962942,41.220348080800036,32.97066823559332,139.13623712962942,20.625768706767253,7.669233453109372,142.51518821978252,21.369139231225912,9.70634695781833,149.639939467005,22.459926385475374,13.37654083617475,156.02776944140942,24.32919725702662,18.47813965069544,164.09715953179736
3.56666524,17.9784,4.87987,92.4065,7.8278571964128805,3.1481271703151057,91.98327148680568,3.130008251013132,5.373692585572472,47.58506008005397,0.8830296820405859,1.3678609082674846,7.755307638271482,2.0337266424276566,2.021045220227645,4.388003582566816,-8.377549935817509,11.475911798458071,2.6642347468046492,-10.462775681224228,13.435539133940718,2.1808047295093025,28.128942803587123,6.611612829684895,92.82972851319431,29.203171121809333,12.038349768585,48.471858163432174,30.827843647382682,6.599061541751316,8.782069017354871,30.728888816642815,6.159326115354872,5.19231546873274,34.40740270957215,19.728368235381886,3.428741686760877,35.3717021074326,23.28071663758284,2.738074530841117,18.27867471472976,1.1059661029244165,100.64668127384535,18.99892559126074,1.2761211421275107,110.54302731558673,19.58145459667761,2.773240669798578,120.33612039786232,20.143334279122637,4.596664901376133,130.0749496054494,19.67677663208135,11.04561008247958,138.38388887343723,0.9253401796600897,3.0857804962802016,143.92913303122435,-5.539656811233738,5.647571040105383,115.06933807773756,-9.319915074617867,10.214152472882496,92.29506566960272,-12.673206688948262,12.604954153562042,81.96123949031244,-12.673206688948262,12.604954153562042,81.96123949031244,-6.4270960996062385,11.846891456579032,87.26501118665422,-6.4270960996062385,11.846891456579032,87.26501118665422,19.67677663208135,11.04561008247958,138.38388887343723,39.33294497704135,8.211134686486211,145.54809043844784,42.46888277199548,15.253287408072872,116.88067512363392,42.632172302081685,32.22512716686707,133.18225461677437,45.12841695394243,40.05739626162593,140.67710513537753,45.12841695394243,40.05739626162593,140.67710513537753,41.4307893476523,32.88766866393764,139.0519568301721,41.4307893476523,32.88766866393764,139.0519568301721,20.602621753289682,7.678482830581885,142.51366997817664,21.361176664171268,9.705660706584284,149.6396545283089,22.49130129182825,13.364563356097582,156.02712360689142,24.430045961866686,18.444814113041954,164.0935888697785
3.57499857,17.9572,4.8888,92.403,7.806490076810036,3.1580977703780055,91.97952313211435,3.116360704036273,5.382220911027365,47.580423310475254,0.8827431213270773,1.3645630699391713,7.751110516301232,2.0336686017306045,2.0191905348585095,4.384164828540412,-8.378015846622016,11.47416236626204,2.66343951190849,-10.463180129166235,13.433924400561574,2.180290499056342,28.107909923189965,6.619502229621994,92.82647686788566,29.193357228170182,12.039149324464056,48.46801283039354,30.82687279059263,6.597121372181683,8.778962219880057,30.727675166875855,6.158272106938347,5.189106930673495,34.40621389624968,19.727710253874914,3.4286347800958468,35.370475617165965,23.280098333505496,2.7381191141807997,18.25682284879759,1.1151990476826321,100.643343740139,18.975142154573,1.2840413954011882,110.53985265373915,19.555690174599025,2.7809220363808955,120.33309988759902,20.116446300051532,4.604392993102593,130.07198510502303,19.657058684578196,11.052150512059509,138.38224549453457,0.8987497115623739,3.1129166320418253,143.93376769220734,-5.626114959890555,5.625185343316558,115.08309406780862,-9.431700377388802,10.16628285657155,92.30794411780315,-12.834115648062205,12.541516723667362,81.98659269304517,-12.834115648062205,12.541516723667362,81.98659269304517,-6.5647757996411515,11.80989040219129,87.26661651349212,-6.5647757996411515,11.80989040219129,87.26661651349212,19.657058684578196,11.052150512059509,138.38224549453457,39.31303543185389,8.188618175840153,145.53540909604567,42.4578293516406,15.111912074742893,116.8400262891987,42.82796010739352,32.125279829762725,133.09486627906318,45.37056320534785,39.9538311234469,140.5780083303203,45.37056320534785,39.9538311234469,140.5780083303203,41.64099682516944,32.79760519011146,138.96638934288433,41.64099682516944,32.79760519011146,138.96638934288433,20.580200079627847,7.683332182491652,142.51125265353943,21.353907389661927,9.700505796700769,149.6384469900956,22.523319322317782,13.347838007459671,156.02546154923218,24.531383540918583,18.406115252749238,164.08877661750037
3.5833319,17.9362,4.89793,92.4,7.785295981580223,3.1684280718202418,91.97627190410395,3.1029488558807756,5.3911826372880824,47.57628215426115,0.8826627582580056,1.3617383030049206,7.747414637199903,2.033832811509391,2.017793013539339,4.380830378803449,-8.378125637931603,11.473012581246003,2.6631269196547818,-10.46320035807438,13.432938113666031,2.180254676002705,28.087104018419776,6.627431928179758,92.82372809589606,29.183866608560844,12.03996805503359,48.4646741525761,30.826149778474132,6.595171361936485,8.776365110105445,30.72670247423349,6.1572090982332925,5.186408406626802,34.40548074596644,19.726983991554334,3.4290351474643046,35.369760850663496,23.27939625663845,2.7386695934529643,18.23510930838959,1.124627602490535,100.64050636774267,18.95149641968331,1.2921466974023816,110.53717782333885,19.53008373041786,2.7887817778285635,120.3305786218508,20.089741838714477,4.612294563068819,130.06951916814654,19.637619621826328,11.058866011908783,138.38109806760949,0.8723306574515739,3.140567035863743,143.93892680277926,-5.712682333893829,5.603692522499861,115.09768309899812,-9.54379740047648,10.11950137891722,92.32178509345493,-12.995362454493709,12.47902104923903,82.0131563566095,-12.995362454493709,12.47902104923903,82.0131563566095,-6.702912844336454,11.773813744786167,87.26923011133765,-6.702912844336454,11.773813744786167,87.26923011133765,19.637619621826328,11.058866011908783,138.38109806760949,39.293303882616044,8.165936162363465,145.52322813963653,42.445350169902945,14.970214385820734,116.80018645355136,43.02312912656844,32.02287305309285,133.007731181077,45.612376814494084,39.847180226654295,140.47930895924344,45.612376814494084,39.847180226654295,140.47930895924344,41.850671174001775,32.70479066407422,138.8810621809268,41.850671174001775,32.70479066407422,138.8810621809268,20.558000538027592,7.688345724043305,142.50933244203395,21.346851813548906,9.695444563319159,149.63771089838613,22.55554754076561,13.330918582999855,156.02417273525126,24.632837216640546,18.366579403764536,164.08410624534417
3.59166523,17.9166,4.90776,92.3978,7.765532198085188,3.179281199153075,91.973820842551,3.0909185677024595,5.400589495976215,47.57294383424063,0.8840346803502399,1.3593283052493081,7.744528711541243,2.0354357118609334,2.016829784930911,4.378305707571867,-8.376964162656598,11.472112554318606,2.6636285939241002,-10.46198419312498,13.432164791149415,2.181034575788597,28.06766780191481,6.636238800846924,92.821779157449,29.175647472888564,12.041687598244355,48.46213976985452,30.826796249781854,6.5940860910239385,8.774583467846028,30.727108153839957,6.157002887641003,5.184526309464285,34.40588822285596,19.727175387001346,3.4302297149812215,35.37012445470669,23.279627720559475,2.74000907881936,18.214861821312024,1.1347615328092076,100.63846899025944,18.92931320920647,1.3009721195184498,110.53530243816597,19.505913414831223,2.7973740036289962,120.32885606514448,20.06444171481405,4.620938680141816,130.0678517551062,19.619469910715107,11.066304657785942,138.38075132467785,0.8473578438171003,3.1686088082894504,143.94485032241934,-5.7981118970845476,5.582841718151126,115.1133409443153,-9.655066279870072,10.073502091086727,92.33683167392758,-13.155861082288046,12.417083633062392,82.0411761756925,-13.155861082288046,12.417083633062392,82.0411761756925,-6.84041045697981,11.738465127767418,87.27310804425969,-6.84041045697981,11.738465127767418,87.27310804425969,19.619469910715107,11.066304657785942,138.38075132467785,39.27486436721319,8.144319021527355,145.51184223287433,42.4327575643601,14.829405295884275,116.76146738836461,43.2180607681692,31.91916251530638,132.92113939305878,45.853818587915484,39.73883719626911,140.38129551946932,45.853818587915484,39.73883719626911,140.38129551946932,42.0601352432742,32.61043063413412,138.79626008792022,42.0601352432742,32.61043063413412,138.79626008792022,20.53714674742236,7.69409910720513,142.50821132327297,21.341068419112133,9.691072136009927,149.6377498897241,22.588922730183896,13.314422804389258,156.02357020153954,24.73517360578667,18.326870224139448,164.07990426422674
3.59999856,17.8991,4.91793,92.3958,7.749920469354382,3.179150151621786,91.96874695458553,3.072482041827124,5.41426973249076,47.568860553087745,0.8813916773660857,1.3581239846799136,7.741086520670592,2.033088328162098,2.016989763836703,4.375231420818347,-8.380797716120632,11.470993066342967,2.6625259549270286,-10.46601646316996,13.430876528480383,2.1801051047409237,28.04827953064562,6.656709848378214,92.82285304541446,29.162720157237285,12.03148406576401,48.45964839953786,30.824411484074695,6.5907771810656,8.771586337765328,30.724319186503234,6.154608325882048,5.181429223468694,34.402761934321184,19.72526508555406,3.4301739416226167,35.366850881386654,23.27776863312146,2.740011159181244,18.198871228154395,1.1443123465064264,100.6361306954583,18.909327917340352,1.308870899671578,110.53327931593336,19.480042722730186,2.806064008035203,120.3270567509978,20.03392450643702,4.629956907507804,130.0662563434351,19.595875608493426,11.073318054967025,138.38107757016172,0.8139855751240219,3.211044247188936,143.96231812992488,-5.860000506768485,5.59906249326311,115.13521282475901,-9.754119838613606,10.056654330057412,92.35853150622853,-13.271902958209383,12.397108641988668,82.06795638293666,-13.271902958209383,12.397108641988668,82.06795638293666,-6.9495714823283485,11.73535056914959,87.29373400123235,-6.9495714823283485,11.73535056914959,87.29373400123235,19.595875608493426,11.073318054967025,138.38107757016172,39.25066532697798,8.11846607524116,145.50028256370305,42.39892798907575,14.689943323375934,116.72267233234979,43.32202355630291,31.754369246397182,132.90181831511063,46.01913007495979,39.5419764162903,140.3735819506462,46.01913007495979,39.5419764162903,140.3735819506462,42.14210955704549,32.462603639327305,138.7705399230528,42.14210955704549,32.462603639327305,138.7705399230528,20.510894332050484,7.699064330444802,142.50745365943035,21.332853762287876,9.684308527945866,149.63821095959366,22.62165539816572,13.293852889506732,156.02371730974184,24.83588453403673,18.280179004246868,164.07786417317317
3.60833189,17.8837,4.92866,92.3935,7.7364170792861096,3.179599872303963,91.96336884942836,3.056123666492134,5.42859846798201,47.564484165950155,0.8808673572528947,1.3576653375203556,7.737350913273978,2.0328605275608913,2.0178989932799367,4.371865346677968,-8.382494031443837,11.470644328033474,2.661147355156668,-10.467907784628927,13.430363739756498,2.1789030288629903,28.030982920713893,6.677720127696037,92.82363115057164,29.151955303570848,12.02188956749334,48.456893878538565,30.824192031076855,6.588073642389834,8.768330683214003,30.723695958061732,6.152818768397033,5.178073926716768,34.401825761405206,19.723952379853646,3.4298592231551455,35.36577367778783,23.276505396416074,2.7397540872412125,18.18497408045578,1.1544110680551198,100.6334867647138,18.891439705000952,1.3172974453845814,110.53094873179488,19.45626972696243,2.815261216259602,120.32494947857026,20.005506256959745,4.6394626594789,130.064354356132,19.574385303926896,11.080791749366679,138.38111189892604,0.7827975364133515,3.253973893047238,143.97951705216695,-5.9197668186982275,5.615923892036229,115.15689494889774,-9.851006345822068,10.040492710964106,92.3801513540168,-13.385857319006421,12.377849477334365,82.09472220521874,-13.385857319006421,12.377849477334365,82.09472220521874,-7.0566567958174815,11.732913671377858,87.31428438007825,-7.0566567958174815,11.732913671377858,87.31428438007825,19.574385303926896,11.080791749366679,138.38111189892604,39.22851712330407,8.093027040243111,145.48838657417684,42.366260524516726,14.550930919032947,116.68392918507719,43.42561624938195,31.589236896716226,132.88224382268803,46.18327800784144,39.344510245726255,140.36552503743124,46.18327800784144,39.344510245726255,140.36552503743124,42.22382454244725,32.31506177196819,138.74437323580307,42.22382454244725,32.31506177196819,138.74437323580307,20.486736556692264,7.70448076159475,142.50639569491244,21.326686494058453,9.677894628771318,149.63834026242372,22.656365319614814,13.273314616191039,156.02343390601501,24.938369906530895,18.23287492002791,164.07518881685894
3.61666522,17.871,4.94111,92.3924,7.725621869952231,3.181788868903565,91.95919500692392,3.0424448271096507,5.444558107172324,47.56131408440987,0.8830664892844378,1.3587776108769773,7.734837179965723,2.035356782913723,2.0203705126360925,4.3697202792994645,-8.381467507445278,11.47185059752972,2.6609613996894588,-10.467076607846135,13.431404239396166,2.1788882829601794,28.016378130047766,6.700431131096435,92.82560499307607,29.14394182500179,12.013918927996432,48.45534975608181,30.826708598885485,6.586997372672028,8.766288314582987,30.72580697002117,6.152655442296412,5.175932372282821,34.40364563153223,19.724258578341832,3.4307526974135563,35.3674579511584,23.27685929727836,2.740703739767442,18.173772321632672,1.1662463832871341,100.63205026872929,18.87625016671873,1.3274708874544212,110.52982327970601,19.435196537639875,2.8262132915016425,120.32404245231722,19.979790155495238,4.650730330070848,130.0636489334725,19.55560555109797,11.090020385630826,138.38234190459235,0.7543828647171722,3.2987005286431934,143.99788722301253,-5.976642844269046,5.634595408810312,115.17977469540628,-9.944827022270518,10.026078430760055,92.4030345107928,-13.496766817850178,12.360310012526433,82.12278415187032,-13.496766817850178,12.360310012526433,82.12278415187032,-7.160740270714216,11.732200634588999,87.33611293078877,-7.160740270714216,11.732200634588999,87.33611293078877,19.55560555109797,11.090020385630826,138.38234190459235,39.20900887142442,8.069347690586815,145.47771104495405,42.33541198578078,14.413601561476757,116.64677682442903,43.529596024800036,31.42504351579285,132.86393654356255,46.347029813923264,39.14772795352396,140.358646194376,46.347029813923264,39.14772795352396,140.358646194376,42.30604229058982,32.169086492053964,138.71927621103504,42.30604229058982,32.169086492053964,138.71927621103504,20.46527924317269,7.711652721436815,142.50653307274587,21.32317465655733,9.673153175982984,149.6396279781154,22.693659756604433,13.254136013828287,156.02420658661467,25.043234584552568,18.186293532023083,164.07335938861732
3.62499855,17.8594,4.95337,92.3924,7.71596572100332,3.1836308487393117,91.95612121966543,3.029837615269817,5.4600808206158575,47.55925104673322,0.8864508095427701,1.3594520748297994,7.733436345960705,2.0390274116865124,2.022423191621499,4.368688759871853,-8.379401937338251,11.472489841233116,2.6618990196642986,-10.465234252707514,13.431848407797734,2.17999877615829,28.00283427899668,6.7231091512606875,92.82867878033456,29.136962239124518,12.005927799658343,48.45492884697645,30.830348407297564,6.585857131797349,8.765382906882444,30.72904850371077,6.152419836257374,5.174928857048593,34.406387943605246,19.724544992446635,3.4327594081914476,35.37001003506319,23.277206961857086,2.7427601215549475,18.16373087804147,1.1778992417418621,100.63171466960137,18.862222969165103,1.337471198547995,110.52979653578326,19.415261848054627,2.836996782871516,120.32423118311212,19.955183486319147,4.661836219862091,130.06403737698156,19.53782892782098,11.099065648397623,138.3846704179765,0.7271822239984331,3.3429487468974672,144.01736160729567,-6.032341031017294,5.652849232360392,115.20382439382325,-10.037457638279655,10.011253534749782,92.4271948113072,-13.606586523652936,12.342335667783999,82.15218454758937,-13.606586523652936,12.342335667783999,82.15218454758937,-7.263746917832018,11.731135968118355,87.35923471209924,-7.263746917832018,11.731135968118355,87.35923471209924,19.53782892782098,11.099065648397623,138.3846704179765,39.1904886909238,8.045762076744033,145.46812228659587,42.30413064586066,14.276537332180038,116.61107123953454,43.6315757373384,31.260387135157025,132.8467799594836,46.507976422773694,38.95025068233385,140.3528294233156,46.507976422773694,38.95025068233385,140.3528294233156,42.38640420878854,32.02325677905483,138.69513563295354,42.38640420878854,32.02325677905483,138.69513563295354,20.44487626035207,7.718654715586691,142.5077656332099,21.32063655734854,9.66816692902581,149.6419759983699,22.73179046043357,13.234430078229412,156.02593427791248,25.148634009451623,18.13859775785346,164.07227177494184
3.63333188,17.8488,4.96508,92.3932,7.707361989119489,3.1848782619714133,91.95309586074664,3.0187993264085504,5.465281131076749,47.5566855873652,0.8843065977494748,1.3607070063012339,7.7307996369494205,2.037127896360597,2.024849687705676,4.366366936507118,-8.382421828104928,11.474007775092499,2.6613871774006777,-10.468444782593274,13.433238971799208,2.17979436588984,27.99023801088051,6.745281738028588,92.83330413925334,29.126350551482187,11.98510836538315,48.45450776688252,30.82935801902344,6.585886486372044,8.762531898242443,30.727254847197575,6.153516538078185,5.171971912151769,34.403636849905205,19.72631268429679,3.4330121244163294,35.366914985607146,23.279059366820135,2.7429687470131734,18.15404894921552,1.1892534006957511,100.63231764241107,18.848828732012315,1.345441144467102,110.5307147592433,19.396377723376446,2.8427886310799155,120.3257910553622,19.93287298838483,4.667162833168875,130.06587373682729,19.523022440437305,11.103807879759824,138.3873318313287,0.7089290325641215,3.3770124578918734,144.04873718586953,-6.084687418818541,5.679954347095535,115.24266220494833,-10.114916117416636,10.028618579325935,92.46860068153279,-13.675944384052709,12.358884182161242,82.19059500264132,-13.675944384052709,12.358884182161242,82.19059500264132,-7.337716960109153,11.752097866286318,87.40377390260252,-7.337716960109153,11.752097866286318,87.40377390260252,19.523022440437305,11.103807879759824,138.3873318313287,39.18063190886275,8.041791056460788,145.45326643339686,42.22720616970268,14.171685110545452,116.56746532283589,43.65453443069492,31.088712677605237,132.86434890745758,46.572159495136695,38.714209491697304,140.41999071689224,46.572159495136695,38.714209491697304,140.41999071689224,42.38503566168695,31.839683990667407,138.70901324982532,42.38503566168695,31.839683990667407,138.70901324982532,20.430739170526998,7.722591303833741,142.5096190479838,21.325740100432817,9.660548861692044,149.64458963950747,22.77072018834763,13.214169919418294,156.02803082950166,25.23929541794231,18.09652674141652,164.071927191646
3.6416652099999998,17.8406,4.97424,92.3939,7.70116726897964,3.1835949428202284,91.94997547678614,3.010158021063222,5.467845786393555,47.55402146552969,0.8845574450037246,1.3592533731805423,7.728074266961464,2.0376237831673487,2.0245582568576586,4.363955173476617,-8.383044264946424,11.472804593933706,2.660758301429875,-10.469257411969416,13.431907450541338,2.179467342320688,27.98003273102036,6.764885057179772,92.83782452321387,29.118236129624673,11.961605603085797,48.45401338850886,30.83079753002999,6.583208582102546,8.759621358594607,30.727885934999023,6.151902246143442,5.168956532720475,34.40335610162551,19.72535378080239,3.4331876856376233,35.36630153132935,23.278181138623438,2.7430953117261256,18.146761931596718,1.1980751996305417,100.63282876693273,18.837837311128585,1.3508960479583523,110.53153775591312,19.37990366846022,2.8460821541117354,120.32724914471052,19.912979283072918,4.670008868450074,130.06760338725366,19.510646955883953,11.106080435095311,138.389871902119,0.6931703197727259,3.4086901862223815,144.08001647374144,-6.134537466601875,5.704746246666952,115.28145306180758,-10.1898780472882,10.043723678593263,92.51000185948249,-13.74281440089475,12.373247413482447,82.2290280113165,-13.74281440089475,12.373247413482447,82.2290280113165,-7.409201917310861,11.770828031100576,87.44831862875533,-7.409201917310861,11.770828031100576,87.44831862875533,19.510646955883953,11.106080435095311,138.389871902119,39.17317380424696,8.035330222911352,145.43831285822952,42.15250067416399,14.06438552788035,116.52428814405638,43.67756416693832,30.91433315113149,132.88170079632815,46.634794776842924,38.47534689783644,140.4865886372398,46.634794776842924,38.47534689783644,140.4865886372398,42.38321663815596,31.654049945859285,138.72234886403712,42.38321663815596,31.654049945859285,138.72234886403712,20.419028399494945,7.724063317788968,142.51135591435906,21.33324096801036,9.650420372510482,149.64703215279596,22.8120075471145,13.191248375310233,156.02984485266532,25.332211789525925,18.051503454474798,164.0711153759338
3.64999854,17.8333,4.98275,92.3953,7.695913047311878,3.18150549853928,91.94755137920245,3.002416195781297,5.469572095618338,47.5520567789392,0.885792992967795,1.3569774017316458,7.7260445408161615,2.039093947376281,2.0234667425849153,4.362240338623435,-8.382842455076286,11.470637009371819,2.6608360440563024,-10.469276884941195,13.429578841788537,2.179848983957878,27.970686952688126,6.78399450146072,92.84304862079756,29.11100469240639,11.937684698759153,48.454274645244304,30.83316195305087,6.580131940171041,8.757479025212774,30.729445759344543,6.149884281858493,5.1667103404769215,34.403767027886225,19.724052604489135,3.434117322935552,35.36631701364668,23.276976832108133,2.7439719923634316,18.140433714771127,1.2062412993318006,100.63403496779259,18.82780988759588,1.3556870547875515,110.53305305059297,19.36437542631544,2.8486973908063007,120.32939913470003,19.894007091915427,4.672163388373703,130.0700275073929,19.49909664399362,11.107631254551496,138.3931183291679,0.6784471647529919,3.439348844542849,144.11199819325944,-6.183472370245255,5.728501784403601,115.32101764807591,-10.264068604579347,10.057790426538054,92.55223427114898,-13.80899204629922,12.386591001037353,82.26833099916996,-13.80899204629922,12.386591001037353,82.26833099916996,-7.479971793734045,11.788600062596117,87.4936979943126,-7.479971793734045,11.788600062596117,87.4936979943126,19.49909664399362,11.107631254551496,138.3931183291679,39.16657296846493,8.028434521625885,145.4240436840768,42.07736959414567,13.956997441971524,116.48227237782415,43.698360950154424,30.739563106579165,132.89962231552352,46.6937357136277,38.235974588289245,140.55337993868463,46.6937357136277,38.235974588289245,140.55337993868463,42.37878665866218,31.468644681820017,138.7359610701176,42.37878665866218,31.468644681820017,138.7359610701176,20.408196396704234,7.724817350925951,142.5137899764918,21.341556726491532,9.63951695188636,149.6501248505964,22.854010659230777,13.167391366953735,156.0322167267256,25.425655373674097,18.0052554464131,164.07070259769364
3.65833187,17.8264,4.99036,92.397,7.691036521950535,3.1787130594089295,91.94542792328572,2.99507939994987,5.470640537785787,47.55039264464006,0.887360683144991,1.3540693364589202,7.724318986228333,2.040907830406999,2.0217197295039653,4.360829462636728,-8.382103176941733,11.468028322536112,2.66122465389612,-10.46871878378957,13.426852116646682,2.1805429111751127,27.961763478049463,6.80200694059107,92.84857207671429,29.104398058645522,11.912610674938776,48.45487637635952,30.8360000162384,6.575848116169453,8.755691249435593,30.731467407773312,6.146657835956022,5.164819700530257,34.40492364859769,19.721463283488536,3.4353870454696285,35.367151858440344,23.274463596215483,2.745184705901585,18.13443348526148,1.2135053297175347,100.6355427792798,18.818118112249575,1.3595637321471845,110.53486706502274,19.349213354780147,2.8503882361914528,120.33184410806527,19.87543648408652,4.673386387667273,130.0727447850201,19.48807176442684,11.108255059161717,138.39665345226183,0.6641914428316404,3.46945009623039,144.14427706698788,-6.231882977640655,5.751895450546498,115.36092558680289,-10.337649747468358,10.071618916666406,92.5948505924603,-13.874526014372496,12.39983347076818,82.30804428080347,-13.874526014372496,12.39983347076818,82.30804428080347,-7.5501124833549085,11.806114721216916,87.5394726028659,-7.5501124833549085,11.806114721216916,87.5394726028659,19.48807176442684,11.108255059161717,138.39665345226183,39.160420356434486,8.020234306805444,145.41005616047357,42.00258607030497,13.84838724349256,116.44108225663149,43.717543696552035,30.563330987379555,132.9177651211789,46.749505299346126,37.9950336316343,140.62006772997213,46.749505299346126,37.9950336316343,140.62006772997213,42.372240018487645,31.282437488008668,138.7494655736232,42.372240018487645,31.282437488008668,138.7494655736232,20.397824581621673,7.724626971668512,142.51651241454843,21.35033396645827,9.627596989279072,149.65345451087887,22.896492966085,13.142320488602946,156.03472574580329,25.51955106126955,17.957435336483115,164.07025782012238
3.6666651999999997,17.8192,4.99788,92.4002,7.684867509532518,3.1811371621492484,91.9459696137716,2.992682988823839,5.467866037697301,47.55026736993546,0.889167279133185,1.3539344234480533,7.723698750201663,2.0426418924855954,2.021769465121178,4.360221008776136,-8.380670805836417,11.46785110057241,2.6612050790714994,-10.467318658304121,13.426649578951835,2.1805601521343947,27.95353249046748,6.814622837850752,92.8544303862284,29.105413305615,11.880762322839637,48.45587744183243,30.8415489139951,6.574661127817094,8.752780548170655,30.736245516937664,6.14647008732363,5.161812228760236,34.407941926112215,19.72213158416846,3.4353646037395285,35.36962684183969,23.27530941430212,2.7453189169122814,18.126808014074783,1.2219972523367248,100.63920417162632,18.810997337816204,1.3642512088397047,110.53854898941792,19.343228314475702,2.851078149491067,120.33607188433567,19.874557648839335,4.671753641736862,130.07712978021024,19.498575497239973,11.106350446382644,138.40177050094533,0.6797377185784299,3.4808432291352673,144.18346343469142,-6.2632379159664895,5.78468788289511,115.41309481019414,-10.398392660165758,10.128378728703382,92.65690120674702,-13.916644130045052,12.460242316814053,82.36453609313004,-13.916644130045052,12.460242316814053,82.36453609313004,-7.599449125219504,11.847116452560158,87.60244356647797,-7.599449125219504,11.847116452560158,87.60244356647797,19.498575497239973,11.106350446382644,138.40177050094533,39.17904268666081,8.008155711082168,145.38785591613217,41.90114318005639,13.825707340271832,116.4052234686548,43.6415522232828,30.41456987934594,133.00619085799568,46.67507031177072,37.78721178017078,140.7644368092325,46.67507031177072,37.78721178017078,140.7644368092325,42.25784789467202,31.118822521753657,138.8307146032598,42.25784789467202,31.118822521753657,138.8307146032598,20.411525484211424,7.722179854124738,142.52047646468998,21.37668417098922,9.618021818182669,149.65761619003894,22.94210308163982,13.123765716079237,156.03913128122522,25.593570103705154,17.924361204757272,164.0740268045898
3.67499853,17.8118,5.00558,92.4026,7.678469917921353,3.1839180090324826,91.94571506010354,2.990081475093711,5.465512942989191,47.5493476341924,0.890679421288278,1.3542354249300566,7.722287889893188,2.044091721178506,2.022233232431768,4.3588211011118805,-8.379360675575992,11.468266303821299,2.6603923134353664,-10.466007231833164,13.427075101329756,2.1797838147968522,27.94513008207865,6.827241990967518,92.85948493989648,29.106363192725027,11.848879842125754,48.456120279044995,30.846943475970775,6.573331747567115,8.749146681582616,30.74086263423993,6.146134112338377,5.158082928448644,34.41100632841229,19.72259125793557,3.434592969705081,35.372201891102684,23.27593065003306,2.7446974164272473,18.118918087130925,1.2306661545754287,100.642066420508,18.80362152624444,1.3691087656582854,110.5414297275244,19.337021046988106,2.8519343211220756,120.339495473565,19.873494437580177,4.670284453311874,130.0807057750805,19.50901082204167,11.104616552716323,138.40606245660337,0.6951552131484675,3.4927187763530023,144.22180301219151,-6.294584927876638,5.818167350754756,115.46449883866448,-10.45893457970427,10.185932020671167,92.71823923393929,-13.958549477018627,12.521283396975736,82.42031272660046,-13.958549477018627,12.521283396975736,82.42031272660046,-7.648640911444332,11.888749801008068,87.66469123104008,-7.648640911444332,11.888749801008068,87.66469123104008,19.50901082204167,11.104616552716323,138.40606245660337,39.19751839810296,7.995916077997483,145.36477208022328,41.79897833321914,13.802938504416796,116.3689513747311,43.563862003587225,30.264932159743857,133.0931689277899,46.59874404796022,37.57825885758028,140.9068239251851,46.59874404796022,37.57825885758028,140.9068239251851,42.14188754786149,30.954938213812557,138.91017559833034,42.14188754786149,30.954938213812557,138.91017559833034,20.4251029702695,7.719889513473097,142.5236133230495,21.402941076331903,9.6085814746641,149.66092281728922,22.987672118768547,13.105284928824046,156.04263136432454,25.66760839285794,17.891255319004298,164.07680646059532
3.68333186,17.8034,5.01249,92.4068,7.671078705386552,3.1858920815683422,91.94725670812859,2.986500430294039,5.462407059948198,47.550226309826684,0.8912254629328076,1.3538412421695725,7.722669399791002,2.044569896234513,2.022006425824095,4.359212584381609,-8.379022799652887,11.467995881224121,2.6614023715738258,-10.465668403566342,13.426816199014999,2.180836693254723,27.935721294613447,6.839087918431657,92.86634329187142,29.10633312324731,11.816292676917413,48.458222379263894,30.85138121494548,6.57136672773507,8.7473883583666,30.744525402514856,6.145167715535449,5.156228924291044,34.41311287907323,19.72242351200996,3.4357197078268156,35.37381800625662,23.275925725420606,2.745979686159803,18.11003251257384,1.2385337893191215,100.6467231778334,18.79525272353355,1.3731525707182197,110.54610346584067,19.32982130971819,2.8519628940888913,120.3447123209056,19.871437970851055,4.667974988655855,130.08607416128345,19.518442954926574,11.102026602343734,138.41214262708007,0.7096678788501585,3.503693614391957,144.26195499858147,-6.326832945913433,5.850735072878874,115.51781169641912,-10.520344271411382,10.242543323438325,92.78154143735424,-14.001395769126134,12.581124806563789,82.47805766011149,-14.001395769126134,12.581124806563789,82.47805766011149,-7.698811207287042,11.929333401239397,87.72888107730776,-7.698811207287042,11.929333401239397,87.72888107730776,19.518442954926574,11.102026602343734,138.41214262708007,39.21495181837476,7.982890122135361,145.34348557415322,41.696120975902495,13.779320837001428,116.33500556882564,43.48355832203885,30.11386171397538,133.18135070099316,46.51922823038809,37.36781326930238,141.04985474378148,46.51922823038809,37.36781326930238,141.04985474378148,42.02337923309993,30.79020600519178,138.99049192327934,42.02337923309993,30.79020600519178,138.99049192327934,20.437684658278556,7.716738723202029,142.52853033454335,21.4281917054355,9.598263292033764,149.6659859448372,23.032214090377195,13.085883167663697,156.04784549313635,25.740576913779154,17.857156012828533,164.08123000654084
3.69166519,17.7931,5.01965,92.4116,7.661761811518238,3.1882746141776224,91.94940359497822,2.9810220892649673,5.459680045219388,47.551706635897624,0.8897980946953163,1.3537660698091276,7.723663345760123,2.0430896810727988,2.022074872870511,4.360216943014634,-8.380510620753434,11.468159848539639,2.6629849670590504,-10.467127713086272,13.427019137447179,2.182454342493765,27.92443818848176,6.851025385822378,92.87379640502179,29.104530899434415,11.783682832108624,48.46095621255996,30.85396293478547,6.56934152123819,8.746287487548067,30.746325144378506,6.144141340385015,5.155033005354033,34.413566979995494,19.722137389329905,3.4374994208388707,35.37383646642825,23.275787276440287,2.7479135937900976,18.09918761409541,1.246663496872722,100.65198750145993,18.78492982258376,1.3774715267657325,110.551382731635,19.320693610934352,2.8522839945575384,120.3505288366963,19.867484626267675,4.665974524972976,130.09203412519417,19.52607981629941,11.09976879935354,138.4187847361275,0.7223508552060522,3.515257989230774,144.30265776066412,-6.3608208114674625,5.88400403189068,115.57176075124555,-10.583343809269731,10.299896135292787,92.84552703986824,-14.045844184164864,12.641510306469154,82.53648270695061,-14.045844184164864,12.641510306469154,82.53648270695061,-7.750641862931634,11.970493680136267,87.7937362842178,-7.750641862931634,11.970493680136267,87.7937362842178,19.52607981629941,11.09976879935354,138.4187847361275,39.23049652052366,7.969878232567982,145.3227499899679,41.590864422155256,13.755758188967611,116.30208531565209,43.39962848675832,29.96223056177269,133.26941062131257,46.43580958383552,37.15667140014774,141.19216810843386,46.43580958383552,37.15667140014774,141.19216810843386,41.90142276248304,30.62552675948035,139.07036779012148,41.90142276248304,30.62552675948035,139.07036779012148,20.448420216810575,7.713916072685429,142.53401457064453,21.45161870438718,9.588265640232335,149.6715854456454,23.07497260666916,13.066766307108288,156.05353395068596,25.81180412503295,17.823267890008786,164.08602960386597
3.69999852,17.7824,5.02648,92.4168,7.649597424389647,3.203114452990696,91.95503723008056,2.984976847799861,5.4481153678829095,47.55430088462578,0.8905065899874325,1.3536659707081,7.725247943799857,2.043993957154484,2.0213170613217795,4.361738057001784,-8.378111814399261,11.46875611139638,2.662865583367656,-10.464520347470163,13.427821544996354,2.1822697605573955,27.91520257561035,6.849845547009305,92.87856276991943,29.10979642376542,11.745119541438193,48.46197419867254,30.857557025118414,6.566603705139001,8.742544616872692,30.749280496665474,6.142702197342247,5.151155811873458,34.416912799331236,19.721130853332262,3.437881307705523,35.37720260392489,23.274824468260764,2.7485491656942354,18.08536647275902,1.25569367188498,100.65830985794379,18.777428376659913,1.3860680099181804,110.55727101018353,19.32261864123418,2.8586200334175986,120.35623713696961,19.8832023748395,4.663678165235466,130.09856181123374,19.564523824035845,11.087904928118274,138.43359607788904,0.7604972239643573,3.51673956599899,144.3336831554879,-6.370096956349812,5.924486889550728,115.61776246501378,-10.623342978956828,10.382069014244093,92.90540102651971,-14.077230925648397,12.737684311500352,82.59665738561492,-14.077230925648397,12.737684311500352,82.59665738561492,-7.785387953938859,12.050503100165267,87.85584408660789,-7.785387953938859,12.050503100165267,87.85584408660789,19.564523824035845,11.087904928118274,138.43359607788904,39.275571022662824,7.91702301466705,145.29982612533485,41.545770895427374,13.870570153696864,116.30589243842286,43.249806080994645,29.945824965586798,133.40834691312205,46.20109479176835,37.099269340468034,141.40000439777464,46.20109479176835,37.099269340468034,141.40000439777464,41.71601080533037,30.558074940668472,139.20561422909623,41.71601080533037,30.558074940668472,139.20561422909623,20.490714914057136,7.696108838871632,142.54306276418015,21.507555105570177,9.565492565949096,149.68000552760216,23.131664683853582,13.04114866669819,156.06331143046737,25.860680296843764,17.799094156265205,164.09761096364167
3.70833185,17.7703,5.03361,92.4225,7.636010842715791,3.2184141363561523,91.96117358284835,2.987510514908772,5.43697234734967,47.55741758837405,0.8897561677385779,1.3539542287565354,7.727363992726346,2.043450347270419,2.0209233326030285,4.363789733366437,-8.377012102156687,11.469876329602624,2.6632572871685003,-10.463181209325043,13.42917974457745,2.1825922590414626,27.904589157284207,6.8488058636438485,92.88382641715165,29.11369695628444,11.706582403960946,48.46351386011597,30.859788082812248,6.5638068546450565,8.73936748644018,30.750870891443107,6.141200567125137,5.147845411501354,34.4190810287719,19.7200079656162,3.43881497786869,35.37944008262105,23.27373130085397,2.749732570694841,18.0700893732184,1.2650365622026016,100.66513814140431,18.76847291267616,1.394972262516533,110.56366107091245,19.32311015688742,2.865254751025086,120.36243782986143,19.897501156942305,4.661661288738176,130.10555732880619,19.601649754609866,11.076290963537973,138.44882046914378,0.7972263192911484,3.5187762885880884,144.36512168216137,-6.380591385146907,5.965644171180573,115.66427688262641,-10.664335764574497,10.464972006567653,92.96588298875291,-14.109534437027612,12.834573390111274,82.65743712037394,-14.109534437027612,12.834573390111274,82.65743712037394,-7.821099490069949,12.131148443804113,87.91855202280273,-7.821099490069949,12.131148443804113,87.91855202280273,19.601649754609866,11.076290963537973,138.44882046914378,39.31913288015019,7.864097102046907,145.2772652869798,41.498530668541434,13.984899606999823,116.3112037042358,43.09923320895341,29.92667018923086,133.5480596913534,45.966114075808015,37.03756478821707,141.60812376853266,45.966114075808015,37.03756478821707,141.60812376853266,41.53027944278133,30.48755811967619,139.34111373232307,41.53027944278133,30.48755811967619,139.34111373232307,20.53161407073301,7.6785393008797325,142.55251113751058,21.562110693166474,9.542925576697343,149.68880233309642,23.187019416686752,13.015664225455382,156.07349256991682,25.908258824178255,17.774909055397842,164.10965989160576
3.71666518,17.7554,5.03879,92.4285,7.61963405227846,3.2317476282104662,91.96760811510107,2.9872032876156593,5.423832830195886,47.56085806594929,0.8861911655594712,1.3522501934845064,7.729805574389353,2.0400906803322902,2.018539703887004,4.366167062043734,-8.37874691004697,11.468985540723345,2.663975019316844,-10.464680435244187,13.42852280759899,2.1832408796056657,27.891165947721543,6.845832371789533,92.88939188489893,29.114723306792367,11.666080237633516,48.46538688590215,30.859250327285736,6.559045909652093,8.736561009246955,30.749700339869154,6.1377344803530836,5.144906053185746,34.41847999575929,19.716922296437005,3.440125981726498,35.37890629310624,23.270676314442483,2.7512955770009526,18.052021059774876,1.2724331541481062,100.67226582704183,18.756722546194236,1.4019214120795662,110.570346835323,19.320797158001064,2.8699222649415432,120.36892695535627,19.908974121342872,4.6576553450775755,130.11281926461243,19.6359344487892,11.062640476814853,138.46426563906974,0.8311460006739892,3.5187427186485563,144.3967631633816,-6.393808220357377,6.004843816334093,115.71112111938879,-10.707957338917002,10.54599081262069,93.02681809767468,-14.14445385247717,12.929544484509666,82.71868420077669,-14.14445385247717,12.929544484509666,82.71868420077669,-7.859451773588164,12.209882001003173,87.98170477188964,-7.859451773588164,12.209882001003173,87.98170477188964,19.6359344487892,11.062640476814853,138.46426563906974,39.35973455256661,7.8092212694329675,145.2548445368714,41.44753164239514,14.096868846918486,116.31778675808116,42.9460068417,29.902955834578968,133.6882700114503,45.72883826921476,36.96980251669321,141.8162456541544,45.72883826921476,36.96980251669321,141.8162456541544,41.34226248344833,30.4121804741617,139.47656687774162,41.34226248344833,30.4121804741617,139.47656687774162,20.569652511386614,7.65893138865967,142.56216291874733,21.613781655613927,9.518298154965558,149.69778209727923,23.23946586219308,12.988079437263533,156.08388264581382,25.952878831869295,17.748530244476427,164.12198183993297
3.72499851,17.7421,5.04476,92.4343,7.604870307856277,3.245838277696558,91.97383326315091,2.988484983145587,5.411474799178347,47.56411465066002,0.884274357816254,1.351383808438909,7.732057981675837,2.0383789607136884,2.0170025734310264,4.368357033484795,-8.37886573669066,11.468906384464306,2.6645118934044385,-10.46457023753132,13.428670812255865,2.1837100551843256,27.879329692143724,6.843681722303442,92.89476673684908,29.117282370639877,11.626455811381245,48.46711040176147,30.86036621994178,6.555310309268318,8.733624251151646,30.7501920489056,6.135306193762719,5.14183527647693,34.41946834469353,19.71489970084294,3.441361034498086,35.379942844736384,23.26869221223049,2.7527964838761623,18.035564352331964,1.2806097952461104,100.67918658893872,18.746575825019328,1.409624391966188,110.5768225167722,19.32007223185296,2.8753124247977127,120.37520194921731,19.922007357932845,4.654331301598381,130.11984894027748,19.67175143689291,11.049607203102434,138.47944581235367,0.8666375857948232,3.519254405105479,144.42809848543337,-6.4053651105725855,6.044630043076356,115.75777975139819,-10.749823154335546,10.627617095920796,93.0876801437775,-14.17760403422482,13.02506493769733,82.7798664611244,-14.17760403422482,13.02506493769733,82.7798664611244,-7.8960602003588765,12.289185378253167,88.04477283170469,-7.8960602003588765,12.289185378253167,88.04477283170469,19.67175143689291,11.049607203102434,138.47944581235367,39.40172357383897,7.755031401437581,145.23214590953083,41.397255817268544,14.209261970457193,116.3252699028198,42.79454210031211,29.877379094003466,133.8286752596655,45.49362443884715,36.8986752619341,142.0240895556529,45.49362443884715,36.8986752619341,142.0240895556529,41.15639584480516,30.334585739415406,139.61167839311264,41.15639584480516,30.334585739415406,139.61167839311264,20.609206745501105,7.639931887397804,142.57152583085733,21.666942866356003,9.49424346472163,149.70645641043143,23.293377268913577,12.961004272367912,156.09400618630363,25.99891167597793,17.722539933494957,164.1341182630353
3.73333184,17.7276,5.05226,92.4403,7.585520087258937,3.279921983269141,91.9835639624195,2.9913492612326165,5.401315994779393,47.56940648848764,0.8826990810473796,1.3521107893640014,7.73647650195462,2.037307976859436,2.016575300595811,4.372720408741984,-8.37773452738702,11.470242999044643,2.6652024199509903,-10.463219849751924,13.43021609601749,2.1843004400806474,27.869679912741063,6.82459801673086,92.89703603758049,29.12105570973704,11.588689304396802,48.467748455316936,30.85849029883172,6.552228021363518,8.729603575577976,30.747645046356748,6.133978105440693,5.137630554878306,34.42264492852893,19.712767663248812,3.443106724772747,35.38451585347751,23.266209060148615,2.7546793995325647,18.013793861615568,1.2895697758453033,100.68610852949692,18.735740956252815,1.416637080797023,110.5829780008478,19.325768398900316,2.8784967482565755,120.38094784005317,19.949266616391974,4.64702598199848,130.12614836967722,19.723052024161966,11.030850639959674,138.49517767065765,0.9138585717209686,3.5119557071465435,144.4454255224675,-6.404608618412569,6.087094643305607,115.79136090527197,-10.769856905176301,10.727261456312824,93.13689199553205,-14.215287417981054,13.159925027415905,82.84322319562762,-14.215287417981054,13.159925027415905,82.84322319562762,-7.924341436823417,12.402402437136736,88.09381449005697,-7.924341436823417,12.402402437136736,88.09381449005697,19.723052024161966,11.030850639959674,138.49517767065765,39.45630925141746,7.708954528681511,145.2248548002712,41.410659972708224,14.409507256824309,116.37126181715092,42.61587707634658,29.96981534467185,133.98477271601388,45.2205510733693,36.98396557566616,142.2167731252182,45.2205510733693,36.98396557566616,142.2167731252182,40.955634096674295,30.387355857431253,139.76447335542017,40.955634096674295,30.387355857431253,139.76447335542017,20.662640439754092,7.614024949792864,142.5807991538963,21.722285422283093,9.465516617220663,149.71617879473857,23.335192984323346,12.931289406817852,156.1076934563584,26.012355352157,17.698046617128558,164.15420623150553
3.74166517,17.7131,5.0594,92.4458,7.566237853895469,3.3136770497355057,91.99279362160038,2.9941191507228986,5.390672211821215,47.57426230964938,0.8809866385610547,1.352260006555527,7.7404741702267685,2.0360946730157616,2.015559478902651,4.376659507924131,-8.376735645278185,11.470998319123503,2.665460483479177,-10.46199982817964,13.431181569096221,2.18445611870198,27.859962146104532,6.8051229502644945,92.89880637839963,29.124705390585238,11.550404651176734,48.467884394329474,30.856585113965664,6.548550366020601,8.725126236096308,30.745074550574326,6.132047959219355,5.132970757420459,34.42584095996199,19.71001403320668,3.4443746147111574,35.38911927222907,23.26309959068941,2.7560785055230226,17.99202240792809,1.298200634141537,100.69253781413727,18.72489285135396,1.4232872688553768,110.58862963300035,19.331431062995392,2.881266504321365,120.38616947661257,19.97644564405689,4.6392320526223205,130.1318809622664,19.77425941808862,11.011525661358899,138.51030782177193,0.960937790876244,3.5041513754381057,144.4620512236802,-6.403809748235396,6.129212400326848,115.82437900786002,-10.789639435690589,10.826634661948336,93.18569034688278,-14.25259186253998,13.294540160238991,82.90630010369478,-14.25259186253998,13.294540160238991,82.90630010369478,-7.952322614780346,12.515357550065053,88.1425232291451,-7.952322614780346,12.515357550065053,88.1425232291451,19.77425941808862,11.011525661358899,138.51030782177193,39.51071133635211,7.662208513115525,145.21698577427242,41.42138343794365,14.60869461914602,116.41868053700324,42.43560330164726,30.05799523066102,134.14160272616581,44.94585298725059,37.0635063533951,142.41021332626312,44.94585298725059,37.0635063533951,142.41021332626312,40.75350109754322,30.435513770827832,139.91773449745347,40.75350109754322,30.435513770827832,139.91773449745347,20.7159260849407,7.587536135544563,142.58944825912553,21.77744243682253,9.43615944284813,149.72529343716027,23.37679361974451,12.900823842347847,156.12081436160616,26.025504589429605,17.672553556344365,164.17379307895246
3.7499985,17.6961,5.06352,92.4518,7.544527009160543,3.344427429739441,92.00251016422166,2.9943112437195474,5.377019396312826,47.579675848575455,0.8766768936487228,1.3494473073058346,7.745029276561638,2.03227896287658,2.011585305685817,4.381155472106773,-8.378361288411654,11.468771068965085,2.666288714284108,-10.46340929447953,13.429159926311673,2.185185164844161,27.84767299083946,6.782612570260558,92.90108983577835,29.125744774784245,11.50912127181438,48.468548267022456,30.852193600626247,6.5419434751869465,8.72120497368472,30.74002673252436,6.127194897011111,5.128867008765309,34.42653471105574,19.704342864913603,3.4462283125783313,35.391213690353176,23.25707530607689,2.758071144478185,17.967751639179358,1.303814393147551,100.6994616135262,18.711529228268613,1.4268510035950062,110.5947653446331,19.334551875350495,2.880860225995529,120.39186078168981,20.0010293551349,4.6281508691027575,130.1380478421689,19.822844631519917,10.98880173589245,138.5258611746816,1.0053328787267368,3.4929875468167744,144.47892844427824,-6.4053512881469405,6.168268701838049,115.85775878682999,-10.81143273894543,10.923134803022844,93.23500040398167,-14.291726367948039,13.426354158181347,82.97001574998691,-14.291726367948039,13.426354158181347,82.97001574998691,-7.982240822482713,12.625482757191758,88.19184951834886,-7.982240822482713,12.625482757191758,88.19184951834886,19.822844631519917,10.98880173589245,138.5258611746816,39.56239880029292,7.612007643399359,145.20959154887987,41.4274153073091,14.803935731225474,116.4685998219388,42.251325729732706,30.139031606463043,134.30024327825245,44.66692034280063,37.134389294051,142.60556291803064,44.66692034280063,37.134389294051,142.60556291803064,40.54741617118819,30.47618208401676,140.07247924746628,40.54741617118819,30.47618208401676,140.07247924746628,20.766538363647243,7.557621301610828,142.59848564292645,21.82988268692559,9.403302893734246,149.73482012311644,23.41564299548973,12.866705680122465,156.13440736648775,26.035815674433618,17.64311508985662,164.19394511809105
3.75833183,17.6805,5.06839,92.4582,7.524284416629884,3.3759588335437947,92.01262556074462,2.9958069087270784,5.363999507569358,47.585553994087896,0.8736251721377077,1.3471813914276556,7.750063579274098,2.029716075566138,2.0081474277665112,4.386127259214437,-8.378707540179292,11.467107535253318,2.6675951762535157,-10.463534013285404,13.427707627723308,2.1863923714584965,27.836715583370115,6.760821166456205,92.90377443925539,29.12806135389955,11.468422615485785,48.469609465127306,30.84917345167485,6.535836591031713,8.717727145565988,30.736355388737476,6.122834625407966,5.125208348862764,34.42862652196185,19.699150394336108,3.448501749272057,35.39471146749787,23.251526388462814,2.7604768267867192,17.94488001576251,1.3102090765766103,100.70679274716494,18.69955272244516,1.431158919029513,110.60129724621889,19.339040180788267,2.8811411231039292,120.39792862842826,20.02693448686627,4.617676361032726,130.14454988050824,19.87273782895178,10.96660014841601,138.54171796735076,1.050969395441296,3.4824780446269683,144.4960389371075,-6.4055124623602655,6.20819707400457,115.89152782929158,-10.83166640127682,11.020625272828411,93.28486513042826,-14.329184685364332,13.559208182061989,83.03442984716908,-14.329184685364332,13.559208182061989,83.03442984716908,-8.010554783399915,12.736609070661903,88.24180899772927,-8.010554783399915,12.736609070661903,88.24180899772927,19.87273782895178,10.96660014841601,138.54171796735076,39.61528783787746,7.5621937204933545,145.20255311458178,41.43319793734157,14.998888355667802,116.52089525780102,42.067265352052004,30.216740672772243,134.46041675667053,44.38791501146281,37.20051451543498,142.80247578928834,44.38791501146281,37.20051451543498,142.80247578928834,40.34158625388985,30.513213607207845,140.22841656265297,40.34158625388985,30.513213607207845,140.22841656265297,20.818404532361182,7.528213804584659,142.60780219282088,21.883538636344436,9.370901938018328,149.7446433207944,23.45567833586231,12.832931293145501,156.1483329613015,26.04723281737401,17.613782072558664,164.2144876635584
3.76666516,17.6723,5.0823,92.4668,7.509995291761248,3.4253401393031657,92.02677517462307,3.002758670458471,5.362524077944848,47.595297158722495,0.8756206943959044,1.3528534374643622,7.759351016128356,2.0323051810160204,2.0118486424328115,4.39523208811155,-8.372587796802044,11.473690703978122,2.6711938279431786,-10.457021375677229,13.434655411907364,2.1897747231980778,27.83460470823875,6.739259860696834,92.90682482537694,29.13483704306663,11.44422467027285,48.472639739273255,30.85277721201982,6.539341739367201,8.71719250622094,30.740183373326452,6.127467492326708,5.1245372102437265,34.436003775983835,19.703371504800543,3.452322273281892,35.40297509263719,23.25547771638429,2.7641496539502026,17.928125952034883,1.322864358028815,100.7150907132716,18.69836335919369,1.4349868885570856,110.60849972711314,19.36077399426862,2.8733429981228955,120.40532180843188,20.071270275045954,4.599412086190841,130.1521807680464,19.93115960053954,10.944364479044278,138.55259682186855,1.106316715465244,3.459889675033023,144.49674655924804,-6.384216578349272,6.262006778732625,115.90851869616756,-10.824945301417399,11.142553543330202,93.31932451118846,-14.354791531775092,13.72572587401107,83.09113468449388,-14.354791531775092,13.72572587401107,83.09113468449388,-8.019749755349666,12.880421035235619,88.27488392363068,-8.019749755349666,12.880421035235619,88.27488392363068,19.93115960053954,10.944364479044278,138.55259682186855,39.673713351497824,7.5372222626542,145.2120218832245,41.473300735310396,15.206597064842047,116.59054573276033,41.911155523386704,30.35404096265915,134.5953986559875,44.19312139990108,37.32794747797235,142.95636274423475,44.19312139990108,37.32794747797235,142.95636274423475,40.15468709284997,30.646718286415403,140.35429134027905,40.15468709284997,30.646718286415403,140.35429134027905,20.875428675530127,7.502774057851733,142.61629444580322,21.93775290103292,9.346613538426226,149.7532570148717,23.490947506487917,12.807928614313749,156.16195391560896,26.045380980139306,17.589401900375133,164.23957258262777
3.7749984899999998,17.6545,5.08825,92.4709,7.486207620811022,3.466941565146069,92.03643036884169,3.000001520306431,5.353153063748463,47.600631025785695,0.8677371690622326,1.3505441778314848,7.764248778739322,2.0250121520548885,2.0075392893206647,4.399941735555144,-8.376196137915853,11.472429760516583,2.670411314629118,-10.46020530119983,13.43379297394933,2.1887782206237536,27.822792379188975,6.709558434853932,92.90536963115831,29.131984502359707,11.411743029395247,48.47115333027722,30.84673326538807,6.5345113633011005,8.712166577029329,30.734360599707532,6.123763485703518,5.119375404604062,34.43396857782921,19.699187351527417,3.451643810060938,35.401888931112374,23.25100615032633,2.763321916032541,17.90170673227193,1.3275987537994847,100.7188993932147,18.687454429876414,1.4308085649023425,110.61118564721086,19.372735839966232,2.8574177857494676,120.40815224715287,20.105793142474656,4.5729029750006225,130.15520906432076,19.979830427566483,10.913822174208338,138.55889390191265,1.1517512024571488,3.4293036182979515,144.49272938322144,-6.372464409497203,6.308160121002049,115.92097608907338,-10.827404636800598,11.25702843492859,93.3494517226827,-14.389354186739313,13.884825028352052,83.14378362607347,-14.389354186739313,13.884825028352052,83.14378362607347,-8.038047377212964,13.016792572766194,88.30381969388131,-8.038047377212964,13.016792572766194,88.30381969388131,19.979830427566483,10.913822174208338,138.55889390191265,39.72231095378731,7.503611921881802,145.21696551062328,41.50119380916982,15.405120382366174,116.65740561422922,41.74406069980678,30.47967346369809,134.72700348777192,43.98813784536058,37.442519218179235,143.10741860845485,43.98813784536058,37.442519218179235,143.10741860845485,39.95708104016023,30.768049064113264,140.47671909131222,39.95708104016023,30.768049064113264,140.47671909131222,20.92261901657971,7.468993415334564,142.6201906887115,21.98212091426063,9.313920426065181,149.75729174981376,23.516395189749975,12.774382367514367,156.1710049568299,26.03372986544634,17.55618597812517,164.2600667594425
3.78333182,17.6405,5.09311,92.4769,7.466372863257996,3.507313579749492,92.04799263362509,3.0009153342138877,5.342369255121502,47.607961558314294,0.8634721526069522,1.346735910811347,7.771156584606388,2.021312582148931,2.0017447107940214,4.4066567918789,-8.376388583161695,11.469486165236255,2.6716515386493374,-10.46001083812596,13.431208823832513,2.189808416598538,27.814627136742004,6.678906420250509,92.90580736637492,29.132684175864775,11.378287857024091,48.47155659061268,30.84436733469844,6.528642149000031,8.70906349774426,30.732224948274812,6.119009706205575,5.1161377831521175,34.43538285464496,19.694011786206026,3.4528575757090705,35.40419016438432,23.245558070600264,2.764377361032518,17.87914449066417,1.331275426959532,100.72461194978662,18.68035031492047,1.4254944566792807,110.61574793318188,19.388410714254587,2.8402386585962978,120.41281526756501,20.14393931328857,4.545026371322295,130.16003304655098,20.03199171953571,10.88182880408764,138.5670208787268,1.2007314435798762,3.396998254514182,144.49035920296424,-6.3568734013688974,6.35270296895044,115.93526963405085,-10.825802653170953,11.369956643366113,93.38161496016373,-14.419704586648836,14.042300554718153,83.19874170440396,-14.419704586648836,14.042300554718153,83.19874170440396,-8.052255784026965,13.151712688024922,88.33498544389414,-8.052255784026965,13.151712688024922,88.33498544389414,20.03199171953571,10.88182880408764,138.5670208787268,39.77441036078369,7.468756416275545,145.22380928675506,41.530057312124136,15.601981850548249,116.7279311732884,41.57871083850413,30.6011561390807,134.86170920591573,43.785516797849915,37.55179733489817,143.26212915111282,43.785516797849915,37.55179733489817,143.26212915111282,39.76150140849916,30.88467319654225,140.6021842975897,39.76150140849916,30.88467319654225,140.6021842975897,20.9733281087638,7.433748798298728,142.62589475801815,22.029944740140063,9.27971479727903,149.76315489951557,23.545220683875044,12.739216860608458,156.1819005550668,26.025335093235913,17.5211206784455,164.2823924462939
3.79166515,17.6272,5.0991,92.483,7.447367946285246,3.5488181073462037,92.05965590653534,3.002429308450359,5.332603730809452,47.61548045456628,0.8597207266960973,1.3438944284123764,7.77826446593766,2.018118393381751,1.9969163117146436,4.413570258532537,-8.376102325667935,11.467475492268584,2.6730974919246515,-10.45934348073831,13.429551647877934,2.191045903077273,27.80703205371475,6.649381892653796,92.90634409346467,29.133950395226055,11.34592445053396,48.47205690477465,30.842642120843614,6.523849245350797,8.706082215445534,30.730734276309786,6.115329500907753,5.113022503120677,34.43742072761826,19.68991250282012,3.45418770848982,35.407109684927015,23.24118728624815,2.7655482104491687,17.8572817110612,1.336111190058157,100.73042872518386,18.673888707446544,1.4212514380346337,110.62038743045807,19.404649284970663,2.8240075783444696,120.41751166308673,20.182576841497916,4.517978660604458,130.16485333811087,20.084593918093915,10.850587714652278,138.57517459602445,1.2501450047908484,3.3653859672548396,144.48789628513984,-6.340592017856895,6.398190592812292,115.94968454725756,-10.823286432400014,11.483989558864725,93.41412149898375,-14.448986110955799,14.200861105544224,83.2543295881901,-14.448986110955799,14.200861105544224,83.2543295881901,-8.0655146750367,13.287810452202073,88.36668537442021,-8.0655146750367,13.287810452202073,88.36668537442021,20.084593918093915,10.850587714652278,138.57517459602445,39.82691615757216,7.434624213701229,145.23076583893993,41.557389671835814,15.798933999140441,116.8003155282319,41.41246614134078,30.720299069918397,134.9976604948713,43.582508672709686,37.6575897847519,143.41866837877683,43.582508672709686,37.6575897847519,143.41866837877683,39.565201128772465,30.998431439185094,140.72879831130942,39.565201128772465,30.998431439185094,140.72879831130942,21.024455574532535,7.3992328746652,142.63160614693888,22.0781428578038,9.246181127788121,149.76904523682668,23.574385508643623,12.70460087461564,156.1928371300204,26.017220479275323,17.486343387313653,164.30474420141337
3.79999848,17.6162,5.10576,92.4878,7.431819480614527,3.584181536477121,92.0697482978087,3.0113288456179657,5.315386994874747,47.62105548849515,0.8548787210916848,1.3408717834492898,7.783162329034795,2.0141773410840473,1.9934001975909026,4.418682692891691,-8.377177901302286,11.466591172749881,2.6754242568884012,-10.460033386472908,13.429088719823216,2.193421465894618,27.80058051938547,6.627338463522879,92.90585170219128,29.13222828302185,11.331630852500265,48.472525812690144,30.83984761310612,6.521821423192263,8.705019615201948,30.728155206409674,6.114054030913138,5.111867739246767,34.43658531753924,19.688534935183334,3.456097438005856,35.406727168485645,23.23975500172564,2.7678137409524313,17.84018042071278,1.340820139297346,100.73450622557452,18.66792875516047,1.418928043886225,110.623596724223,19.414597804698218,2.814231591386311,120.42058566885268,20.207960493794488,4.502018161996489,130.16775608780083,20.112749569822988,10.830500015833877,138.58121518924105,1.2777325411908826,3.329321111796956,144.47183802734315,-6.315992686523296,6.4469999912437315,115.94356893840913,-10.79263227616153,11.614600054189518,93.42541826358845,-14.456393497360315,14.37778647541743,83.29180511987482,-14.456393497360315,14.37778647541743,83.29180511987482,-8.054190975211093,13.445432677639346,88.37718318005078,-8.054190975211093,13.445432677639346,88.37718318005078,20.112749569822988,10.830500015833877,138.58121518924105,39.858373042898,7.43996134461516,145.2400131302,41.59088763995016,15.921493054286419,116.8444371601859,41.394985277311925,30.825359592407402,135.0556393917298,43.57435896487544,37.762892810474995,143.4740373396192,43.57435896487544,37.762892810474995,143.4740373396192,39.5332398159404,31.119319455914702,140.78129898239789,39.5332398159404,31.119319455914702,140.78129898239789,21.052770812662498,7.376976908607276,142.63576390677576,22.09830798688217,9.222284602991746,149.77482568216826,23.57712000234821,12.67698081802013,156.20465465246613,25.98814821704628,17.449704562383733,164.33137548526935
3.80833181,17.6059,5.11213,92.4922,7.41705987925951,3.6192303218573327,92.07945025137444,3.0206797747645293,5.297572660295567,47.626338872959025,0.8505270244866048,1.3371549625562347,7.7877858320930216,2.010730768298311,1.989186122836121,4.423521799281483,-8.377794267780192,11.464959440322414,2.677432279702086,-10.460271353200952,13.427868210355301,2.195468967690233,27.794740120740485,6.6050296781426665,92.90494974862555,29.13112640637392,11.316968394146762,48.47257633146279,30.83772366096812,6.519268363087685,8.703563521077534,30.726250669918713,6.1122379618277085,5.110321270920076,34.436377787816745,19.686622042110784,3.4575615757450486,35.40696057233051,23.237787957187976,2.7696202108021604,17.82378615290759,1.34527328483586,100.73819412237808,18.662646017377106,1.416324989801139,110.62640148384678,19.425187044282254,2.8041329895459595,120.42323256223793,20.233952107482466,4.485693243257576,130.17021328583044,20.141474562131236,10.81001949059274,138.58682704475234,1.305902559156607,3.2928582762830363,144.45525983714555,-6.290784658023317,6.495427208932128,115.93718456555742,-10.761355929816954,11.744805658426085,93.43675077778785,-14.463128040448748,14.554105035864675,83.32966509101662,-14.463128040448748,14.554105035864675,83.32966509101662,-8.0422785524392,13.602682945908935,88.3879294784163,-8.0422785524392,13.602682945908935,88.3879294784163,20.141474562131236,10.81001949059274,138.58682704475234,39.890350821699805,7.444938954894948,145.24889191328347,41.62466222701036,16.043654495547592,116.88869133852822,41.3777876575902,30.929849270420476,135.11372248559408,43.566720016829436,37.867215322412434,143.5297778690982,43.566720016829436,37.867215322412434,143.5297778690982,39.50164943316013,31.239566519471257,140.8338507097664,39.50164943316013,31.239566519471257,140.8338507097664,21.08165363075542,7.354318977505674,142.6394835037642,22.119014421276503,9.197952386094766,149.78017044183423,23.58036715654589,12.648863725642785,156.21602086055898,25.959546743298343,17.412431484986875,164.35748677171514
3.81666514,17.5961,5.11881,92.4946,7.402863445092187,3.65474353533239,92.08715339892595,3.030306587758594,5.280166101479091,47.62972600753446,0.8464414941302603,1.3339203938826967,7.790515953140705,2.007551521507472,1.9854345476155681,4.4264644292472575,-8.378017240087637,11.463928353488505,2.677556864449096,-10.460090299448332,13.42727597354822,2.1956355190095675,27.789336554907813,6.58287646466761,92.90204660107406,29.130566535294975,11.302497096914802,48.47063445293974,30.836110337867066,6.517004237220547,8.700105689578756,30.72485382029545,6.110723185314026,5.106771925821265,34.43687131106273,19.684961992653058,3.4570665128554046,35.40794581640078,23.236061865226144,2.7694782496528747,17.807830724332295,1.3500381909401127,100.7398793831446,18.657770061541232,1.413962536467318,110.62718922159478,19.436166979351167,2.794189782971573,120.4238442643505,20.260326604563502,4.469442363810574,130.17062161601717,20.17064897465434,10.789564046769359,138.59042337029192,1.334432124650462,3.256655430557398,144.4365512682625,-6.265170293352052,6.544390211623454,115.92894588412581,-10.729607093845104,11.875713140277774,93.44656829355928,-14.469305889155915,14.731032390531215,83.36637654288573,-14.469305889155915,14.731032390531215,83.36637654288573,-8.029904385205365,13.760662919363554,88.39738460430934,-8.029904385205365,13.760662919363554,88.39738460430934,20.17064897465434,10.789564046769359,138.59042337029192,39.92266944863461,7.449618513475292,145.2558145718714,41.65822617050148,16.165578014346032,116.93150320364282,41.36169242302662,31.033754952535155,135.17049672059187,43.56099239008279,37.97044950026522,143.58440242705558,43.56099239008279,37.97044950026522,143.58440242705558,39.47162806585051,31.359111330716754,140.88516961284117,39.47162806585051,31.359111330716754,140.88516961284117,21.110923232480193,7.331650250814462,142.64116942402262,22.14010869588792,9.173540257439939,149.78348907438155,23.584031266302688,12.620564589088188,156.22535389523674,25.931403844343187,17.374779555746905,164.3815063286493
3.82499847,17.5888,5.12802,92.496,7.391276338831618,3.692620219903275,92.0938638772638,3.042182425551978,5.26494125751454,47.632225457856016,0.8447006815213198,1.3328833474675164,7.7923613232145925,2.006706793222223,1.9839026466713896,4.428523409159601,-8.37609057362965,11.464910063458055,2.6767876409199647,-10.457798018560444,13.428655117265288,2.1949061593632133,27.78632366116838,6.5634197800967256,92.89813612273619,29.132328478005082,11.29077899514839,48.467691063802576,30.836923904403733,6.517487252390934,8.695655409830529,30.725892420757457,6.111950164967649,5.102230647300563,34.439565436715846,19.686105611250994,3.4555680678147827,35.41107039792912,23.2371556405009,2.768330539952525,17.794437718417367,1.3573411686404908,100.740561676281,18.655427304434486,1.414087819745889,110.62695918956958,19.449625699163374,2.7866642606549297,120.42342089082027,20.289125278389434,4.455541103123965,130.1699828272956,20.202121323394348,10.771395718765813,138.5930139047576,1.3653719818301404,3.222441329933159,144.41668548876754,-6.237151078090904,6.595299597341543,115.91980510035758,-10.69551178523045,12.00852799173579,93.45580099612098,-14.473121116262984,14.909625489687931,83.40285307621531,-14.473121116262984,14.909625489687931,83.40285307621531,-8.01524236924967,13.920642881591153,88.40647838627999,-8.01524236924967,13.920642881591153,88.40647838627999,20.202121323394348,10.771395718765813,138.5930139047576,39.95726914217691,7.456836757105383,145.26180857753974,41.69376442207503,16.290145115717195,116.97393185933109,41.34735071238144,31.140051233129505,135.22692580788038,43.557094060936976,38.07568717060573,143.63896773045582,43.557094060936976,38.07568717060573,143.63896773045582,39.443477539644945,31.480896270846998,140.93610945485634,39.443477539644945,31.480896270846998,140.93610945485634,21.14253862440268,7.311257077021222,142.64182644325209,22.16349786193037,9.151356733316348,149.78578801878632,23.589917159454963,12.594416553656359,156.2336697301478,25.9053799177131,17.339126618726635,164.40446522997158
3.8333318,17.5841,5.13892,92.4955,7.38508787820367,3.7134828303129206,92.09568075993514,3.0431510878203136,5.268282080205475,47.632726669469555,0.8445547846434018,1.3338346723131922,7.79315993512634,2.0068001138811953,1.9852294663127472,4.429477360831433,-8.375313310326767,11.46710468037277,2.6783850526206128,-10.456781907908766,13.431079009219935,2.1964062171834566,27.78311212179633,6.564357169687079,92.89531924006488,29.133019671995953,11.300689594682266,48.46594824501417,30.837128954078267,6.51921037394948,8.694875243315792,30.725733566300313,6.11418470066803,5.101404064195983,34.43985590561409,19.688405842450138,3.4562971854169473,35.41146363462358,23.239545264360576,2.7696671200377674,17.788270540266893,1.3658654531420695,100.73901118950062,18.652088579170794,1.4180583810646181,110.62518705959008,19.450265615634308,2.7873357261959795,120.42178708260685,20.292862143053064,4.456120210776654,130.16809758845494,20.19489237956689,10.771388391660576,138.59144795959335,1.3650290228349995,3.187048710938683,144.3913640291786,-6.204385582663658,6.643938966884058,115.89573991022984,-10.632438722793928,12.148567118601996,93.44795791423974,-14.430376617340908,15.099772833621927,83.41727930271689,-14.430376617340908,15.099772833621927,83.41727930271689,-7.96315951834318,14.093606814872464,88.40539354468342,-7.96315951834318,14.093606814872464,88.40539354468342,20.19489237956689,10.771388391660576,138.59144795959335,39.95815729621309,7.50477133314776,145.2598481925949,41.711986725301635,16.280359642288843,116.9550808591203,41.47786603305302,31.21589109369453,135.13987093229775,43.752964685607225,38.19683268424852,143.49683458312714,43.752964685607225,38.19683268424852,143.49683458312714,39.60365017435532,31.59920984458197,140.8561693817075,39.60365017435532,31.59920984458197,140.8561693817075,21.13623193518552,7.311907348255479,142.64060810008527,22.14428758433305,9.145892225130561,149.78797368343942,23.561070805920714,12.579263513515667,156.24314203148586,25.868346431070268,17.30202600942916,164.42895500779943
3.84166513,17.579,5.14629,92.4936,7.378489991910287,3.7309591362351426,92.0960966277675,3.043705539229168,5.2683438291582085,47.63183913588127,0.8439346471741209,1.3315804834373122,7.792566024135681,2.00643426665557,1.983339682858455,4.4290419162578445,-8.374877270468861,11.46620909389314,2.678579262434594,-10.45608210559974,13.430438262624932,2.196499920592339,27.779510008089716,6.5616208637648565,92.89110337223251,29.13340426069709,11.306961362707248,48.462814904727324,30.836958253537578,6.517321005822864,8.692700135780761,30.725193173794928,6.112812969626439,5.099182129814653,34.439980382894525,19.687042724967903,3.4556482724473767,35.41174738512873,23.23825697145857,2.769630861232115,17.781646641348136,1.3708458595963946,100.73605466083632,18.648288139627155,1.4184551298085504,110.62200655790978,19.450459968814737,2.784401694830879,120.41874526925457,20.296174513215135,4.453062656153481,130.1648068607872,20.18732507269837,10.767712125052947,138.58848750705025,1.3643244152369007,3.148245466746098,144.36459025303353,-6.172348725667659,6.68938138166831,115.87063236650579,-10.570478775391239,12.285519186866374,93.4396003801938,-14.388938911605097,15.286654621214712,83.43155316189448,-14.388938911605097,15.286654621214712,83.43155316189448,-7.912310124496443,14.263447300113263,88.40396475847456,-7.912310124496443,14.263447300113263,88.40396475847456,20.18732507269837,10.767712125052947,138.58848750705025,39.958538654402915,7.548767470660428,145.25650802730812,41.72969643709929,16.266369783423183,116.93490617174021,41.60813091727313,31.286628980073047,135.0508808275473,43.948605818188476,38.31213495313439,143.35226046538634,43.948605818188476,38.31213495313439,143.35226046538634,39.76377343715805,31.712306715854265,140.7738896745878,39.76377343715805,31.712306715854265,140.7738896745878,21.12953707691788,7.308865243743876,142.63798647393037,22.12472382487655,9.136676892310067,149.78873604418894,23.531927350736517,12.560301093737857,156.25117266412613,25.831086816507334,17.26101594986296,164.45194616903171
3.84999846,17.5725,5.15738,92.4918,7.370529563267175,3.7519599229511282,92.09661849099771,3.0428203677761614,5.271824936922816,47.63106951531804,0.841923400182409,1.3326911994646906,7.792092901624059,2.004657678627007,1.984834627145375,4.428724383149937,-8.3760375472225,11.468497727679157,2.6789067287644177,-10.457017263159159,13.432941478482949,2.1967299388956882,27.774470436732827,6.5628000770488715,92.88698150900228,29.132255444061247,11.317159762322191,48.45977603637637,30.835327287222672,6.519310352360888,8.690630118638026,30.723199919323257,6.1153107224697765,5.097066205749348,34.43839318848015,19.6896164111126,3.455078068127632,35.41025177333376,23.24092251774497,2.7696661863791836,17.773694984007815,1.3795532521443503,100.73319846118949,18.643154652068013,1.4225923574403543,110.61892385497987,19.449292513582538,2.7852209320234707,120.41579907906853,20.298091506238876,4.453771359241141,130.16161145066164,20.178240006619138,10.7677788147148,138.58562398723006,1.3623398074377278,3.112834066864666,144.33790261763443,-6.1420516833099335,6.738203027470337,115.84601728350691,-10.51080902192174,12.425831234010282,93.43226376160665,-14.350077380524493,15.476596587852292,83.44720942738829,-14.350077380524493,15.476596587852292,83.44720942738829,-7.863933684120474,14.436701054397734,88.40373118996168,-7.863933684120474,14.436701054397734,88.40373118996168,20.178240006619138,10.7677788147148,138.58562398723006,39.957341314826586,7.596901552479,145.25328307175909,41.745094040187425,16.2564626213877,116.9149227817422,41.736622090057345,31.360423715157175,134.96157869756104,44.14261079847792,38.42979124598285,143.20680288371415,44.14261079847792,38.42979124598285,143.20680288371415,39.922588089547915,31.828228379758702,140.69098754606128,39.922588089547915,31.828228379758702,140.69098754606128,21.12138955549208,7.309579865946162,142.63545806422584,22.10368111633065,9.131202093442552,149.78956927752805,23.501249069259465,12.545075573255405,156.2592511231273,25.792212512798326,17.22373050700584,164.47491999411167
3.85833179,17.5687,5.16429,92.4891,7.365286757111678,3.7687287664009093,92.09623634919147,3.04463105138204,5.271105131530733,47.62940711907832,0.8426321281301052,1.3296449811370903,7.790721494238042,2.005598686056703,1.9821834906962648,4.42750991565922,-8.374516080728895,11.466604246758088,2.6783554483970455,-10.455278052824443,13.43125564610663,2.196085006197994,27.772113242888324,6.559851233599091,92.88196365080852,29.133793312779485,11.323297537977618,48.45585073348742,30.83641278607117,6.517373321852517,8.687660442149912,30.723926335465723,6.113893105764428,5.094049395131092,34.439432540038695,19.68830544533537,3.45365179726525,35.411358381348876,23.23971210220528,2.7688565460159698,17.768456558481137,1.3840708226205374,100.7294363549564,18.640725326181116,1.4225284535706078,110.61493316836527,19.45081566041672,2.781824683889835,120.41194528681332,20.3026847286083,4.45024984718477,130.15751123269573,20.17179343310152,10.763580841370583,138.58186645862332,1.3631011338256833,3.073090142828458,144.31025503193078,-6.109407968960638,6.7827094283346785,115.82083499386444,-10.449253867040419,12.56180761956906,93.42486964478891,-14.309568370253597,15.66192439415918,83.4631575052493,-14.309568370253597,15.66192439415918,83.4631575052493,-7.813824298662537,14.605614785564997,88.40360988544134,-7.813824298662537,14.605614785564997,88.40360988544134,20.17179343310152,10.763580841370583,138.58186645862332,39.958672373914126,7.640880325532434,145.2491861682226,41.76331788365517,16.242064922441564,116.89412313260115,41.867549927207556,31.428896320691614,134.87079662916952,44.33874258359579,38.54149843870573,143.05935931114846,44.33874258359579,38.54149843870573,143.05935931114846,40.083975437616154,31.938662213369916,140.6061856384034,40.083975437616154,31.938662213369916,140.6061856384034,21.11589567785967,7.306024545191352,142.63202725817115,22.085287098634325,9.121417483599618,149.7894807337451,23.473206197671068,12.52549675618509,156.2663963872783,25.75595155808791,17.182022191046382,164.49691186204566
3.86666512,17.5691,5.16235,92.4847,7.3676340965738785,3.7528818416675165,92.09091358342229,3.0416033998073697,5.270300554721773,47.62511772739485,0.8423671778838768,1.3277734112672026,7.786385073690823,2.0054557750326456,1.9823236262539483,4.423606642862632,-8.376483561244266,11.465521399054229,2.6786548899989953,-10.457458442502574,13.430062770251856,2.196855108632381,27.770565903426117,6.5718181583324835,92.87848641657772,29.129936654588853,11.347426251847214,48.45360846797734,30.834635299125914,6.517347810404077,8.688433698201472,30.721406167000314,6.113708517422849,5.094863839634687,34.437314102382786,19.6878453475473,3.4530969460652754,35.40934721451699,23.239360439794552,2.769016689037874,17.77332019778628,1.3820451302118975,100.72488762873593,18.639560837633542,1.4227701138740483,110.61090541498245,19.440577351660227,2.7862507804766237,120.4080821540465,20.281476815897907,4.461647890078859,130.15340470676796,20.13118229997348,10.778165026434497,138.57504733576906,1.331253356368073,3.0541874723343057,144.287125004984,-6.087552327391049,6.808581553736103,115.78953617806465,-10.357829823698374,12.688457370549909,93.40643333857031,-14.206554511363768,15.847836738185123,83.45886574036923,-14.206554511363768,15.847836738185123,83.45886574036923,-7.717334425124818,14.769349467936445,88.40309860644953,-7.717334425124818,14.769349467936445,88.40309860644953,20.13118229997348,10.778165026434497,138.57504733576906,39.92533017228001,7.694129742014077,145.23878691754388,41.74965861593585,16.105865007681857,116.82820337566658,42.068887979679,31.46132449772381,134.6584994669547,44.65111147494272,38.64648214174174,142.74886980965118,44.65111147494272,38.64648214174174,142.74886980965118,40.327231780436605,32.0509325923784,140.39911635809614,40.327231780436605,32.0509325923784,140.39911635809614,21.07554032586946,7.323635408083753,142.62773041329478,22.03508396038057,9.130829154530128,149.78858499070202,23.42417666993983,12.52105499010315,156.27251140380716,25.720606908419946,17.146111411926427,164.51695206046455
3.87499845,17.5752,5.1563,92.4788,7.37572532376352,3.732749684529591,92.08409043825253,3.0442676051178896,5.265132325755699,47.61933608469229,0.8478549595312082,1.321503919510262,7.780556658437767,2.0110571124367205,1.9780877758528799,4.418213987818629,-8.372871699862037,11.459878346802086,2.677458120452255,-10.454093283208481,13.42427333827298,2.196127336690214,27.77467467623648,6.579850315470409,92.87350956174748,29.131632870978976,11.367645647860574,48.44986965501692,30.838497292955495,6.513378599751325,8.68773333212009,30.72453179622601,6.10957220950137,5.0942055239142725,34.44058681720181,19.68350021518693,3.451045587223428,35.41266085300107,23.235140562221236,2.7676741407589365,17.78395006575381,1.3759185626443884,100.71883898975273,18.644157086090583,1.4189085985182968,110.60537401368194,19.43606591551541,2.7865640582697475,120.40270926311028,20.265948930371852,4.468917025408272,130.1477778475797,20.09613465106686,10.788572736929416,138.56669443728305,1.3051678066347847,3.0308190727595337,144.2624658492617,-6.060294542431761,6.829992458791578,115.75697571828256,-10.261695445887845,12.81072336501699,93.38756377885602,-14.099251092242767,16.02917648650547,83.45462931834665,-14.099251092242767,16.02917648650547,83.45462931834665,-7.61639331223985,14.928699847757603,88.40236182178597,-7.61639331223985,14.928699847757603,88.40236182178597,20.09613465106686,10.788572736929416,138.56669443728305,39.89753514526164,7.743578246730255,145.22683977076937,41.739962213914964,15.965026813955467,116.76177403058244,42.2751466785013,31.485597861805033,134.4433167850346,44.96863217124741,38.7410796632468,142.4340351857904,44.96863217124741,38.7410796632468,142.4340351857904,40.5763988148447,32.15453385909986,140.18809412099336,40.5763988148447,32.15453385909986,140.18809412099336,21.040799031140985,7.33708053972231,142.62189331201628,21.99047289285883,9.13606272173581,149.78613047780496,23.380679947528037,12.5124347725253,156.27704317343535,25.690682319857718,17.105981262540276,164.53529723651081
3.88333178,17.5791,5.15804,92.473,7.381636078992635,3.720410405506013,92.07736691393649,3.0447115192046192,5.267743763053808,47.61366320975404,0.8511045245733002,1.3230026206695218,7.774839364631738,2.014416724626881,1.9816186029889495,4.412932233754992,-8.371503851398039,11.461997773103384,2.6763765682600855,-10.452972834844804,13.426245845514927,2.1955162289965635,27.776563921007366,6.5956695944939865,92.86863308606351,29.1310894497915,11.395653829867776,48.44623429691622,30.84011870613011,6.517272974903641,8.687142268489588,30.725416406054226,6.113305820800117,5.093655971818512,34.44161794263346,19.687027838360468,3.4491263340425493,35.41373311581543,23.2387945384022,2.7664704777400897,17.792380177838165,1.377587634366161,100.71289043807106,18.64654711787675,1.4228249159693955,110.59993911132528,19.42933619137447,2.7946310408997004,120.3974269659958,20.248183178400847,4.483910286455632,130.14223092927654,20.058841373290054,10.806659033510492,138.5584081914576,1.276920769277961,3.0150954759461763,144.23784342685047,-6.035415538051619,6.859320258488641,115.72471670967343,-10.168489584526846,12.941166838272302,93.36984378795172,-13.995224812928523,16.21860534715853,83.45203379062654,-13.995224812928523,16.21860534715853,83.45203379062654,-7.518597630155306,15.096221714630143,88.40300400570152,-7.518597630155306,15.096221714630143,88.40300400570152,20.058841373290054,10.806659033510492,138.5584081914576,39.86742227669957,7.800734996487199,145.21494874318006,41.72604500420907,15.831163542174968,116.69645543498812,42.47844884239285,31.513176078672814,134.22699659917959,45.28355666411843,38.83661999996776,142.1166734031435,45.28355666411843,38.83661999996776,142.1166734031435,40.823598654428274,32.26090663155487,139.9748706573145,40.823598654428274,32.26090663155487,139.9748706573145,21.003801553797725,7.358198365038026,142.61611645687705,21.943614140770638,9.148939472482589,149.7837178750626,23.334937599201744,12.511409958124664,156.2816038982016,25.658485038578156,17.073336118009163,164.55357449142357
3.89166511,17.5777,5.16058,92.468,7.382268973166024,3.708856498301381,92.07143996458672,3.039863752842571,5.2711212769444895,47.60879330568978,0.849073271657494,1.325266879808809,7.769924724439207,2.0124871730779152,1.9859148650541734,4.4084515091401535,-8.375445205259185,11.464860798816146,2.676110351078884,-10.457165921226617,13.4289579320031,2.1957234267992654,27.773131026833976,6.612303501698619,92.86456003541329,29.12521004296937,11.42447187086552,48.443404938197325,30.836429838409707,6.521908327731586,8.687381781860033,30.720992649036383,6.117773375196598,5.093937885115696,34.43732178923516,19.691291445267765,3.4480138518866505,35.40947357460781,23.243184229322484,2.766066510534845,17.795514534991067,1.3800629163716671,100.7077421296568,18.643633028769397,1.4275350104665945,110.59530100236108,19.41728607173253,2.8034746137125044,120.39293491151146,20.225072053206226,4.4996591421509144,130.13746254983343,20.016181338253432,10.825461138223794,138.5508825156789,1.2433915806990967,3.00010177481225,144.21401807755012,-6.016087283040838,6.889550547541356,115.69351884434545,-10.081418475455843,13.07268581639657,93.35401520655134,-13.89769659005227,16.408988487544516,83.45181511417755,-13.89769659005227,16.408988487544516,83.45181511417755,-7.427159108968669,15.264779806644713,88.4057511204467,-7.427159108968669,15.264779806644713,88.4057511204467,20.016181338253432,10.825461138223794,138.5508825156789,39.831868672716666,7.858642252090488,145.2038149518063,41.70524169925474,15.697256852039416,116.63296763680867,42.67595028935068,31.537077681024897,134.01023160956203,45.592950344624875,38.92609081282342,141.7975325827172,45.592950344624875,38.92609081282342,141.7975325827172,41.06585357304116,32.36310343253973,139.76009737620942,41.06585357304116,32.36310343253973,139.76009737620942,20.961432207987695,7.380030797664754,142.61109650679091,21.89138563756747,9.162509344467875,149.78204263345367,23.283814362017942,12.511061912507248,156.2868754098517,25.620859082953885,17.04129819343217,164.57244851602468
3.89999844,17.5802,5.16442,92.4614,7.389569681836363,3.6804669949395494,92.06076050207686,3.02854949508969,5.277905944457034,47.601185672987995,0.8469080944889202,1.3231122669013806,7.762701421486284,2.0104272133299785,1.9867387024432208,4.401851371611794,-8.38069375324935,11.463317355945653,2.6756928962980373,-10.462840465072105,13.427136787814396,2.1960173868539745,27.77083031816364,6.64837300506045,92.86203949792313,29.116134645569005,11.46243115878739,48.44088347279025,30.832745618537487,6.5222063241126325,8.689755123517607,30.716970687288413,6.1175190946641544,5.096384247137659,34.4317585914387,19.691163751154047,3.448026711127331,35.40350688142918,23.243145137224985,2.7659657801936204,17.806948905027344,1.3828991041801908,100.70044045402418,18.643370795307874,1.4354930475921295,110.588969734912,19.39885150094756,2.820299296643025,120.38677252923256,20.18662581930848,4.52722565541394,130.13106280967187,19.956627931948336,10.85866253592155,138.5396922905063,1.1898844418019223,3.019864718083877,144.2042819831593,-5.9983030644950395,6.903146625931734,115.66489159656382,-9.973877648924276,13.167532755755321,93.33187175194553,-13.744571078606103,16.565038739226242,83.43301904153016,-13.744571078606103,16.565038739226242,83.43301904153016,-7.298212082690212,15.401247942465861,88.413842008763,-7.298212082690212,15.401247942465861,88.413842008763,19.956627931948336,10.85866253592155,138.5396922905063,39.77444672890351,7.911868422483263,145.19517509974378,41.67341148588557,15.504105530026767,116.55955758947206,42.82403279419213,31.509079064593745,133.77374926386332,45.84566160073936,38.9482346298089,141.47291705414017,45.84566160073936,38.9482346298089,141.47291705414017,41.247262754944096,32.40862507729024,139.52181846376615,41.247262754944096,32.40862507729024,139.52181846376615,20.902385930081408,7.417684650794373,142.6035623788621,21.827559286824197,9.194873439475755,149.776439470508,23.230385817084088,12.528558219341248,156.2866725705584,25.594642282123736,17.019032343913725,164.5861589396335
3.9083317699999998,17.5881,5.17275,92.453,7.402397691497082,3.6564237653472773,92.04828029123577,3.0225387021242067,5.2887733178076175,47.59182550206267,0.8501181047531454,1.3249156918295633,7.753738184031278,2.013723515068092,1.9915301285651401,4.393509399346893,-8.380741548213479,11.465564343961836,2.673528953611638,-10.463346821112019,13.429071060999306,2.1945645140715695,27.77380230850292,6.689076234652722,92.85771970876424,29.112254243693663,11.504951643499108,48.436553664707574,30.83441642078478,6.526958254473505,8.69037750970351,30.718314227585402,6.121703502581022,5.097081152540236,34.43135255637799,19.695525495121124,3.4462438244695,35.402643195845656,23.247607911660044,2.764057178896957,17.823847598918327,1.390268328418311,100.69134682616925,18.64854159309913,1.4479500421526812,110.58083274184064,19.38577399524811,2.841560390624838,120.37877730293368,20.153447267909318,4.559157573035758,130.12279683831105,19.902209974545727,10.896153046604061,138.52662988855653,1.1416124545650845,3.0436549034948186,144.19260221868328,-5.975359409772574,6.921069303762911,115.63457198740122,-9.862033875549244,13.267178567404326,93.30897768285908,-13.587754111020837,16.726025666576508,83.41434043319653,-13.587754111020837,16.726025666576508,83.41434043319653,-7.1654685102356055,15.5425465560253,88.42155279244389,-7.1654685102356055,15.5425465560253,88.42155279244389,19.902209974545727,10.896153046604061,138.52662988855653,39.72216148298683,7.969713452529746,145.18474240978037,41.64502793189892,15.314794379636975,116.48632620898815,42.97610007748827,31.481607972907153,133.5354871098563,46.10230507351216,38.96879320625706,141.14583272849978,46.10230507351216,38.96879320625706,141.14583272849978,41.43313369704777,32.454261070935964,139.2808232194521,41.43313369704777,32.454261070935964,139.2808232194521,20.848496245980247,7.459628298117066,142.59414350716077,21.768835774287858,9.231501996506397,149.76895711115708,23.181962355452868,12.550280918254492,156.28457613291283,25.573222202877204,17.000849526897845,164.5978099133532
3.9166651,17.5975,5.17847,92.4448,7.416803250573935,3.6299659352901106,92.03599238289574,3.017937608402259,5.297195957650993,47.5827087318013,0.8546776100728617,1.3243156900565443,7.745021697424079,2.0183720843406707,1.9938974231667856,4.385413786246994,-8.37929626263835,11.465537623914903,2.6716209592685765,-10.462330861945318,13.428762642820187,2.1933692806155816,27.778196749426066,6.726974064709889,92.85360761710426,29.109895987975428,11.54463352279207,48.43243207284385,30.837615457154826,6.528851697119263,8.69124817247333,30.72118465291282,6.123031072910536,5.098026312861764,34.43271732168596,19.696963595574356,3.4447138442705554,35.4036146159549,23.24912963207266,2.762402688910192,17.84218140015937,1.3950487468667592,100.6824548597435,18.65511656483338,1.4577346563250686,110.57288386637369,19.37407016585333,2.860038330707547,120.37094638734149,20.12160912021693,4.5881878743314815,130.1146655800821,19.849209007475405,10.930656465078092,138.51370910300605,1.094565158177545,3.0648290409527688,144.18090257595824,-5.950917567590946,6.936976883933463,115.60443733123286,-9.749180664959132,13.365463306952783,93.28719596962574,-13.430359631834676,16.885925158694036,83.39761910329159,-13.430359631834676,16.885925158694036,83.39761910329159,-7.032114444485362,15.682443115188109,88.43077320855045,-7.032114444485362,15.682443115188109,88.43077320855045,19.849209007475405,10.930656465078092,138.51370910300605,39.67119034568432,8.024119181671162,145.17449627029063,41.61603453545612,15.121480151088495,116.41529304789064,43.12925342832334,31.44659075271883,133.2976043430542,46.360493848970215,38.97956566698677,140.8183646181761,46.360493848970215,38.97956566698677,140.8183646181761,41.62091292912803,32.49187472408724,139.0393790399739,41.62091292912803,32.49187472408724,139.0393790399739,20.79593007879313,7.498545722581282,142.58484680104098,21.711438187441345,9.265034649884537,149.76160604705268,23.13487662688263,12.568787218663275,156.28261467117738,25.55307828588116,16.979184296448928,164.60945313719054
3.92499843,17.6064,5.18245,92.437,7.430839739475246,3.6016076621046476,92.02410086322814,3.0127532561058787,5.303451637510658,47.574035158452816,0.8587420644045007,1.3214331952699658,7.7367593404242925,2.0225062704995356,1.9939947725574925,4.377770855631808,-8.378521536189224,11.463064477909112,2.670170059286402,-10.46201819062868,13.425973037763969,2.1926326665220954,27.781960260524755,6.7632923378953524,92.84989913677185,29.106834588311525,11.582664416348429,48.42870528704513,30.840289954553718,6.529058850389236,8.692563262850683,30.7235419029542,6.122663122890815,5.099416696299474,34.43333671801159,19.69676625788333,3.4436064684171255,35.40378027441989,23.249031224151445,2.7611648717586292,17.860083343529244,1.3981330769461708,100.67397111453016,18.66122430861343,1.4657880840516277,110.56532971658669,19.361817378642566,2.876719268975046,120.36348370507032,20.089125914054463,4.615348497175454,130.10686965357735,19.795416823142144,10.963211050265611,138.50111873988587,1.0468442001336697,3.0837201100224885,144.1694197165811,-5.927186086615052,6.9508946155138185,115.57475964614855,-9.63789499012608,13.462215439206316,93.26680494823074,-13.27516023290455,17.044406075952736,83.38314810339108,-13.27516023290455,17.044406075952736,83.38314810339108,-6.9008417548785985,15.820842615798767,88.44175533794062,-6.9008417548785985,15.820842615798767,88.44175533794062,19.795416823142144,10.963211050265611,138.50111873988587,39.619419913736365,8.076864949033208,145.16466858122507,41.584541500202064,14.92588940673394,116.34669011693607,43.28040296268459,31.405905232213357,133.06029638644043,46.61658542653388,38.98259066907728,140.49078662528623,46.61658542653388,38.98259066907728,140.49078662528623,41.80726838193415,32.523316079877645,138.7976262372525,41.80726838193415,32.523316079877645,138.7976262372525,20.74259785774401,7.535515506663639,142.57586762049945,21.65321403363748,9.29659251443602,149.75457902683115,23.0868585364846,12.585280673997104,156.28096433043675,25.531782268794515,16.95536500256688,164.62124318613317
3.9333317599999997,17.6181,5.18501,92.4288,7.448263927729814,3.56867521931414,92.01230156075044,3.005517342988557,5.315067142961992,47.566421883520654,0.8628961813931095,1.3243503915461465,7.7294022402560145,2.0264655506190605,1.9992462518232368,4.370814479845402,-8.378641415573814,11.46470572442174,2.6680558373244376,-10.4628571718996,13.427018055303563,2.1912065088647164,27.787936072270185,6.80134478068586,92.84529843924955,29.101903409764923,11.630766617224086,48.424872092682754,30.842950874346467,6.5343482386719405,8.694530373452224,30.725744594568546,6.127207134859128,5.101483107806153,34.434335191748076,19.701237930271017,3.4423855375224495,35.40442649908427,23.25342113433526,2.7590181694146128,17.882091960330293,1.4014771863526572,100.66580738420421,18.671928500229036,1.4742591969189467,110.55803868253012,19.354374331299578,2.8938526364370714,120.35622224860663,20.060604688123895,4.643925679833075,130.09911001693683,19.755189147353594,11.001529545428262,138.48556553650081,1.0016232927439184,3.1492621839443418,144.17508694524798,-5.920869852720553,6.9544463798676945,115.55959492560777,-9.525646231299303,13.514796485220874,93.24863582485118,-13.08667948438119,17.149604793917582,83.3564332611984,-13.08667948438119,17.149604793917582,83.3564332611984,-6.752014242142838,15.902531399908042,88.45892039714445,-6.752014242142838,15.902531399908042,88.45892039714445,19.755189147353594,11.001529545428262,138.48556553650081,39.566318373146984,8.113653013148086,145.18663386723887,41.40965714395662,14.787545699746978,116.31955953983616,43.365940392587774,31.381801492087323,132.89107524569434,46.47807003219599,39.032644770302696,140.34276680327525,46.47807003219599,39.032644770302696,140.34276680327525,41.68596560930052,32.586523272004975,138.55340837551026,41.68596560930052,32.586523272004975,138.55340837551026,20.70081407639377,7.579260660931542,142.56523418331312,21.613047717968374,9.33919613948242,149.7440201807515,23.057281173411937,12.6184217789258,156.27283174445088,25.522419981432407,16.95761378434128,164.62328346179706
3.94166509,17.6289,5.1858,92.4199,7.464944945511219,3.533797783440839,91.99980341965738,2.997194714164343,5.324407270036955,47.558189724981396,0.8660583615602699,1.3248777702742318,7.721437832826126,2.0294156881416754,2.0021225729557974,4.363249474271745,-8.379955431983293,11.463760006586803,2.6653180981493856,-10.46492861470039,13.425433842339302,2.189153342655435,27.792855054488783,6.837802216559162,92.83999658034261,29.095790684871254,11.677188811299953,48.42032978308125,30.844655124837786,6.53800020660973,8.695841198002618,30.727005036821424,6.130109975265421,5.102893402728712,34.434136626495985,19.704137275243593,3.440509801905988,35.40380942402964,23.256256474038125,2.7562163832042152,17.903268289273463,1.4031026859175997,100.65695202280372,18.68176649459978,1.4809731498442034,110.55004333823953,19.345980499396482,2.9091575631500195,120.34823133795776,20.031029545505785,4.670590462019005,130.09058428719987,19.713742892056334,11.037856508507106,138.46926521075716,0.955263492174975,3.2125597601626916,144.17970917288278,-5.915483138709915,6.9556086333804465,115.54355811330623,-9.414434401010139,13.564888452837755,93.23019300240998,-12.89938927655872,17.252301180318163,83.33036786640531,-12.89938927655872,17.252301180318163,83.33036786640531,-6.604645323833513,15.981708800134925,88.47627345500814,-6.604645323833513,15.981708800134925,88.47627345500814,19.713742892056334,11.037856508507106,138.46926521075716,39.51194653293113,8.14879078833549,145.20791646297235,41.232570631778344,14.649109627220206,116.29369799967463,43.45040545594843,31.35349393096539,132.72100015083416,46.33767446436397,39.09161996223429,140.17308335139666,46.33767446436397,39.09161996223429,140.17308335139666,41.56809241236632,32.65315083925867,138.29804917690396,41.56809241236632,32.65315083925867,138.29804917690396,20.657834883798717,7.621007506540641,142.55382887177268,21.571597831410852,9.379759150031385,149.73271050017343,23.02629308868976,12.649483551622746,156.2639642503035,25.511433168055035,16.95769088584108,164.62452456871037
3.94999842,17.64,5.18046,92.4115,7.482022886609407,3.49298890396478,91.98780544742873,2.9889894739281937,5.327734531249605,47.55054111347485,0.8692785826074516,1.3194469556206476,7.7140598916315355,2.0324252839176005,1.9990189488416141,4.356268727657665,-8.381047570858595,11.457011523390094,2.663188527955006,-10.466745078730744,13.418082625993463,2.187713690461038,27.797977113390594,6.86793109603522,92.83519455257128,29.08992566177134,11.717227694194332,48.41628761305486,30.846643052825637,6.535248744804675,8.69770483539208,30.728547878043155,6.126609971079506,5.104856699734036,34.43443735119413,19.700573695270506,3.4391877568958558,35.4037487711447,23.252613169308237,2.7539691307398066,17.92467510666733,1.3986252071059027,100.64859831417591,18.69181124811775,1.481498463165884,110.54253651917348,19.337769234230784,2.918156196957537,120.3407063419778,20.001606907467856,4.690816235987354,130.08249134114598,19.67252550702986,11.06765549853126,138.45343323543509,0.9089533936472307,3.2697193928213784,144.18453634715414,-5.909852240672414,6.9508346291133645,115.52794893730176,-9.302950037675634,13.609206827607487,93.21283143265276,-12.711930706423239,17.34941413824078,83.30636077431765,-12.711930706423239,17.34941413824078,83.30636077431765,-6.457379684998751,16.055033445592887,88.4951680454217,-6.457379684998751,16.055033445592887,88.4951680454217,19.67252550702986,11.06765549853126,138.45343323543509,39.45762472775769,8.177041650961534,145.22980315230006,41.0540034249914,14.50551228917918,116.27037021454669,43.536022969601504,31.31558830798254,132.55141518906308,46.19980482519764,39.153327836214544,139.9826039327467,46.19980482519764,39.153327836214544,139.9826039327467,41.4569151876351,32.71727544684822,138.0330454491413,41.4569151876351,32.71727544684822,138.0330454491413,20.61498642295708,7.656174463715999,142.54285760361276,21.53026146448042,9.413649413028613,149.7218592684268,22.99542067025274,12.6737416392132,156.25558857725278,25.50051809761537,16.950730567887852,164.626215379937
3.95833175,17.6487,5.18125,92.4059,7.4968227462931285,3.4583482350737293,91.9786149147432,2.978169161763084,5.336982573688466,47.5457824025705,0.8698654898498961,1.3198602286201409,7.709585754525023,2.0327905098791574,2.001747506770851,4.352187210817982,-8.384773631668962,11.456101893299804,2.6639628505353947,-10.471193754462133,13.416571592689607,2.189178779743009,27.800577253706876,6.904151764926271,92.8331850852568,29.0814894727886,11.763247923700227,48.415029443033255,30.84616214028026,6.538348637181324,8.70242265989269,30.727627047966674,6.12894777544849,5.10967577068624,34.43232804515012,19.702826744867004,3.440675697275295,35.4012925727097,23.254779952392308,2.754519901932903,17.94367532740141,1.400323009801903,100.64305263944502,18.699425439864065,1.4881438674411473,110.53782440562922,19.327081670136316,2.933187469654948,120.33595053692093,19.969650404891993,4.716975692353333,130.07713034421724,19.628749941062214,11.103315398601563,138.44035303503193,0.8600296258564128,3.3328472398049493,144.19187032725222,-5.906683071434624,6.9520082915855586,115.51505052111621,-9.194035198576596,13.659421589727835,93.19879131218785,-12.52720424230913,17.452462618158027,83.28661270638113,-12.52720424230913,17.452462618158027,83.28661270638113,-6.313097745777084,16.134177327280582,88.51782242263018,-6.313097745777084,16.134177327280582,88.51782242263018,19.628749941062214,11.103315398601563,138.44035303503193,39.40062668015567,8.211082750486558,145.25451984861033,40.8715389772293,14.369367431182031,116.25178431477094,43.61976280647705,31.280626276797904,132.3846108582175,46.06260180144449,39.229695599629885,139.77333844666884,46.06260180144449,39.229695599629885,139.77333844666884,41.3500941017229,32.79069527883866,137.76085321624373,41.3500941017229,32.79069527883866,137.76085321624373,20.569535439049147,7.697175355249955,142.53461239953907,21.486277316327847,9.453311632952586,149.71375449362526,22.96184826434279,12.703690288091856,156.2499797405158,25.486786418748245,16.94930106459039,164.6306131853878
3.96666508,17.6561,5.18528,92.4012,7.507780881718137,3.441696422362437,91.97328623379533,2.9712234225091194,5.348221781182337,47.54346618323164,0.8732796225962969,1.3283068739605097,7.7070042966496075,2.0360765715466336,2.010988812713837,4.349722886101516,-8.384718463650763,11.461917785575423,2.6622592911369467,-10.471710634862106,13.421758528430392,2.187392757415888,27.80441911828186,6.928863577637562,92.82911376620467,29.077178711369918,11.805102641273614,48.41260244594819,30.848694818195867,6.550235200884114,8.704254727147415,30.730136131659687,6.139527789945938,5.111657741115266,34.43392683624151,19.71304451541433,3.437698625699623,35.402755147321535,23.265185431271355,2.7523226433773242,17.957676770689392,1.4080522850740418,100.63981063502068,18.706703928631864,1.5053744265329327,110.53500470880451,19.32377774701603,2.9603860932452264,120.33232781222392,19.95610030544086,4.751714102449313,130.07279449436743,19.615672745270725,11.141738381980375,138.43322154860815,0.8387901693348354,3.40400355238718,144.20220146505923,-5.881189172781893,6.993976779420056,115.510727269565,-9.115192926856668,13.68599077256603,93.18205353657834,-12.345575724737134,17.499934605331042,83.24389876566963,-12.345575724737134,17.499934605331042,83.24389876566963,-6.183274744121833,16.15331241210466,88.52889697255502,-6.183274744121833,16.15331241210466,88.52889697255502,19.615672745270725,11.141738381980375,138.43322154860815,39.381522022659766,8.232871061242406,145.25778615698295,40.83373524126596,14.33129137411941,116.24146199117597,43.550399095433015,31.2825728071774,132.3375887774785,45.798626268050576,39.35837646518151,139.6502716427842,45.798626268050576,39.35837646518151,139.6502716427842,41.09799714750386,32.92468076262339,137.59352755765414,41.09799714750386,32.92468076262339,137.59352755765414,20.555738365267985,7.737241537146927,142.5290126755601,21.473811740552225,9.494557300018291,149.70769598725855,22.95092849236047,12.742142284182336,156.24496065794915,25.477368131190275,16.978438833719284,164.629853906055
3.97499841,17.6608,5.18686,92.3966,7.516077843797442,3.4226178194603776,91.96807145735933,2.961417108664407,5.356881783422382,47.54130260393543,0.8738011215885888,1.3341430724074215,7.7045832053277294,2.03646202227357,2.0176112650107845,4.3474146508285845,-8.38754551292644,11.465134924836317,2.6607242218730467,-10.4751062738633,13.424350603652236,2.1857776162650038,27.805522156202557,6.951102180539623,92.82512854264068,29.070054393939955,11.844385072404483,48.4102566751017,30.848435506387503,6.559483730532488,8.706201994054709,30.729854295604575,6.147462853743496,5.11375615074137,34.43276047046225,19.720605304974754,3.434812775047923,35.40145913351711,23.272930675542234,2.7502099840673897,17.96896664919443,1.4133577326990387,100.63667384126495,18.711245010811602,1.5201696609084363,110.53227857701845,19.317710870927492,2.9851266335933264,120.3287819975811,19.939767632657514,4.783975680922702,130.0685236024959,19.59980552376437,11.17767282918046,138.42616108487556,0.8147797557458354,3.472723598425943,144.2124857462107,-5.858436277286104,7.033331276522224,115.50644139351091,-9.039022279631125,13.709793417331648,93.16544257510475,-12.166287044035194,17.544214844257095,83.20221577627518,-12.166287044035194,17.544214844257095,83.20221577627518,-6.056396131289313,16.169481443294718,88.54055745364913,-6.056396131289313,16.169481443294718,88.54055745364913,19.59980552376437,11.17767282918046,138.42616108487556,39.35958539572972,8.25213776823936,145.26116897504494,40.79300966508158,14.290617805343373,116.23137780553205,43.47821602167484,31.281741490963253,132.2907328661339,45.54108883402223,39.48801847882429,139.5122309509806,45.54108883402223,39.48801847882429,139.5122309509806,40.851416042276945,33.05877446602593,137.4169168255988,40.851416042276945,33.05877446602593,137.4169168255988,20.539135951523487,7.7748129030728546,142.52348091163753,21.458526385059915,9.533293732563248,149.70171035249106,22.937175572241618,12.778059877679333,156.2400282361103,25.46509295193227,17.005005480296788,164.6291941708365
3.98333174,17.6651,5.1876,92.3943,7.523985611270097,3.4028828003329985,91.96516332956956,2.9510571725848154,5.364877706072751,47.54148716770161,0.873682709023202,1.3393697372925324,7.704512124139015,2.036222184533929,2.023605328885885,4.347457839997018,-8.39082858544878,11.467907388964512,2.66153618161617,-10.478922738024874,13.426534961097236,2.1865086786660846,27.8062143887299,6.9723171996670015,92.82343667043044,29.062537821681254,11.882608758929479,48.41020901824496,30.84773942153568,6.56765486433264,8.71047224284321,30.72913052715783,6.154322729354779,5.118177945326774,34.431387375403276,19.727025163419057,3.4342528086400743,35.40001778637116,23.27951818783746,2.7504238402519543,17.979782159478837,1.4178301780136104,100.63583587520229,18.71528500766862,1.534093770546716,110.53183998685039,19.311137678926354,3.0089489775442066,120.32750947662736,19.922934899337452,4.815272438353955,130.06651757583467,19.58352768416223,11.212617154673412,138.42138592122865,0.7902750596904511,3.540793452522755,144.22498529712496,-5.836138371871038,7.072024151353726,115.50447387365523,-8.963216073053953,13.732813174874678,93.15124643610368,-11.987020332858675,17.587317854565775,83.1638612776405,-11.987020332858675,17.587317854565775,83.1638612776405,-5.9301417245802455,16.18462778760543,88.55507940106995,-5.9301417245802455,16.18462778760543,88.55507940106995,19.58352768416223,11.212617154673412,138.42138592122865,39.33714404634526,8.270100451846332,145.26691182573586,40.75231703838881,14.248603217264598,116.22381433723652,43.40605074802243,31.279357620388616,132.24637980281744,45.29366310501091,39.61921393288314,139.36200887603042,45.29366310501091,39.61921393288314,139.36200887603042,40.61361956588951,33.193807716823365,137.23365312937702,40.61361956588951,33.193807716823365,137.23365312937702,20.522054476727178,7.811364184142612,142.52022390071664,21.44277251199168,9.570969053182427,149.69800771655355,22.922985800969997,12.812880411754385,156.23738772270048,25.45241573388349,17.03041536080005,164.63083300187276
3.99166507,17.6739,5.16722,92.3899,7.536462927590877,3.3618755807760374,91.9601606127872,2.9450447539165543,5.351522819478212,47.539621610316985,0.8779622841464754,1.3233103028439928,7.702384586723085,2.0403615580461203,2.0083359431654855,4.3454428768121565,-8.389894232374429,11.449240850961086,2.6603198343136008,-10.478555417950018,13.40724546249241,2.185217026500342,27.811337072409124,6.972564419223963,92.81963938721279,29.05930281359295,11.89994214429613,48.408068456730106,30.851450053228213,6.555039537311702,8.712665648806379,30.73282276399802,6.140399648140149,5.1205226711177545,34.434217244406575,19.71272116008382,3.4316388157765836,35.402723533082955,23.265398047213452,2.7485896784158768,17.995150037869557,1.4011854083737392,100.63289004138323,18.7238472824921,1.52686924150834,110.52928246186495,19.309033511033675,3.0115779938609304,120.32410640306027,19.910518723908396,4.825332328236376,130.06237574589667,19.571545714242923,11.226274836446642,138.41450565696158,0.7702201827307782,3.5872757217687354,144.2352306654171,-5.809402026982862,7.088893030186508,115.50033951471266,-8.883024744175769,13.733812014615175,93.13497796335974,-11.803130507494423,17.607921665628684,83.1243477347567,-11.803130507494423,17.607921665628684,83.1243477347567,-5.799831657788143,16.17761517015966,88.56798411165572,-5.799831657788143,16.17761517015966,88.56798411165572,19.571545714242923,11.226274836446642,138.41450565696158,39.31900157674749,8.267028165382133,145.27058580076297,40.71575316649689,14.185683068217287,116.21434153592932,43.33784745571186,31.255886051551506,132.2000943767008,45.061031725450306,39.73182304260693,139.1956350225014,45.061031725450306,39.73182304260693,139.1956350225014,40.38910904358766,33.30967475494102,137.0397823884628,40.38910904358766,33.30967475494102,137.0397823884628,20.509312991768855,7.826623278592887,142.51484575387846,21.431312307970256,9.587327582026306,149.6921954819672,22.91301731516376,12.8263608443862,156.2326637602699,25.44385910430396,17.03446199023117,164.63041733316544
3.9999984,17.6755,5.16345,92.3892,7.537033334888877,3.3629685352931693,91.96336554193246,2.9472682526206126,5.342417075836438,47.54220006628412,0.8804644526245227,1.3151760899781895,7.704850357949539,2.0434099604335474,1.9995069688028697,4.347956132962125,-8.38666913043253,11.43994430908313,2.659123997277693,-10.475539013797539,13.397709331732708,2.1839513851033923,27.813966665111124,6.963931464706831,92.81503445806754,29.06024768117083,11.911278336145504,48.40563629942689,30.85344043005748,6.54972555241366,8.712526176855263,30.735267046528353,6.134217979918215,5.120468500226974,34.4382344205518,19.705760162309083,3.428772186315057,35.40728260129297,23.258519957036036,2.746923901156315,17.997458178807452,1.4006113910766924,100.63362184078393,18.727155038425362,1.5330098257993758,110.52985305210609,19.31324416021923,3.0238486135388385,120.32369184446358,19.914971870989483,4.839231310516718,130.06164278221246,19.576558726313017,11.239932484485067,138.41398034549798,0.7746418958367265,3.5995287959501665,144.23095067515195,-5.763735018113438,7.137743237658145,115.49112834557565,-8.833847783422332,13.748821880834996,93.11525855193369,-11.660698700160706,17.598149429333542,83.06836589052989,-11.660698700160706,17.598149429333542,83.06836589052989,-5.701819198889057,16.138536543168573,88.55287462565191,-5.701819198889057,16.138536543168573,88.55287462565191,19.576558726313017,11.239932484485067,138.41398034549798,39.324602345522464,8.269805463404694,145.26365971992487,40.74724910390487,14.258986276691598,116.22312751015605,42.98133108255372,31.396051142237887,132.1962733414172,44.74046413956391,39.85794162841725,139.1998667846794,44.74046413956391,39.85794162841725,139.1998667846794,40.00159896517373,33.50204105205073,136.99436559990085,40.00159896517373,33.50204105205073,136.99436559990085,20.51178938305824,7.8396885448299605,142.51440859892745,21.426542940066764,9.606561728640207,149.69116946890023,22.900127540707203,12.850331725254117,156.23112483085208,25.418057896791638,17.06404287588842,164.62994650697598
4.00833173,17.6743,5.17088,92.3898,7.534791580749127,3.375351852141094,91.96787287810919,2.946668786318525,5.344632288213529,47.546085813231564,0.8800747155148745,1.3183777149571139,7.708625518330095,2.04356483967151,2.002001236367989,4.351775885778204,-8.386272030751705,11.442043472086688,2.6592433324110205,-10.47533717509431,13.399583480470966,2.1840021061188475,27.81380841925087,6.966408147858907,92.8117271218908,29.058443344653067,11.933698516552457,48.404509098853666,30.85262377354418,6.555537555987453,8.713690501086766,30.734899659865334,6.139169180902446,5.121717748839389,34.43956118346268,19.709900829398187,3.4272306523723226,35.40918220789615,23.26273569389126,2.74658895939496,17.996938440066515,1.4112373138313026,100.63565315560673,18.72764445940087,1.550347619098387,110.53171783186451,19.314657325824744,3.0473130834270856,120.32456671937727,19.916647415059877,4.864320225608611,130.06219846524465,19.578850773158372,11.264784513712765,138.41474251310356,0.7762728756639099,3.623178366132435,144.22799536618982,-5.720838563584653,7.197943638679144,115.48333816120336,-8.787935848448306,13.77539977251355,93.09714850568882,-11.521910039207395,17.59830353947565,83.0145271826561,-11.521910039207395,17.59830353947565,83.0145271826561,-5.607784279340864,16.110394010844903,88.53972333165,-5.607784279340864,16.110394010844903,88.53972333165,19.578850773158372,11.264784513712765,138.41474251310356,39.32746696544423,8.283641382686236,145.25798245936573,40.774665612944275,14.343844089912258,116.23340182739096,42.62096203357392,31.540324090231472,132.19221655047713,44.41506448070873,39.98162839701011,139.21176346181045,44.41506448070873,39.98162839701011,139.21176346181045,39.610916904632006,33.695035015459666,136.94958299242117,39.610916904632006,33.695035015459666,136.94958299242117,20.51151643084027,7.863942185694469,142.51525873949993,21.419045081587882,9.636982568404273,149.69141586235145,22.88454036181722,12.885483041511105,156.23084089536087,25.3895949726528,17.10479742117444,164.63069970659677
4.01666506,17.6691,5.17695,92.39,7.528544253183183,3.386431411978577,91.97197231951675,2.942086768126165,5.345628024674773,47.54956740239678,0.8756862454558396,1.3204233651778994,7.711990969849175,2.0397251935695566,2.003338916182147,4.355187502103279,-8.389805232341129,11.443059442554864,2.6589762891404334,-10.479052422638684,13.400389588866988,2.1836709545695587,27.809655746816816,6.967468588021422,92.80802768048325,29.052696790376906,11.954756431447944,48.40300644210487,30.847860063328568,6.560033812693946,8.714479934055355,30.730585841405784,6.142809657506742,5.1225917669765515,34.43698955312186,19.712719345869132,3.425334103725056,35.40719540716988,23.265626528101727,2.7459043613594454,17.992397923958887,1.4204902331032891,100.63727781916859,18.72411357616447,1.5662949879450618,110.5331715240435,19.31205662424544,3.0693721212884997,120.32502840329951,19.9143133722725,4.887990027552,130.06234295921655,19.577158816861253,11.288210383979608,138.4150998658274,0.773871153016124,3.64548167711704,144.22458003052273,-5.6818127471285065,7.25679122992446,115.47515724787863,-8.746289728856704,13.800881493354598,93.07883242230653,-11.387755581954938,17.595740216555253,82.96101812035732,-11.387755581954938,17.595740216555253,82.96101812035732,-5.518722390296256,16.080555450834595,88.52673597834301,-5.518722390296256,16.080555450834595,88.52673597834301,19.577158816861253,11.288210383979608,138.4150998658274,39.32630376207736,8.295911654643616,145.25194205263114,40.796851936785764,14.427758427453117,116.24358696550757,42.25589865421786,31.67616790406854,132.18645544779,44.083755133744816,40.09034065426071,139.22982810945138,44.083755133744816,40.09034065426071,139.22982810945138,39.21627618649048,33.8760363689598,136.9041837468089,39.21627618649048,33.8760363689598,136.9041837468089,20.50724005168858,7.8867621456985635,142.51570053779204,21.407553673435014,9.665960472713211,149.69124234299017,22.864975753784517,12.919180736017587,156.23012529810075,25.35717258837841,17.144087984928053,164.6309975243725
4.02499839,17.6632,5.18438,92.3909,7.52161935483252,3.39876693363872,91.97677102877941,2.9367925301991535,5.347821292327928,47.55375163179337,0.8706100758721242,1.323627372708576,7.716061775920323,2.0351897973365816,2.005845966193668,4.359304157822616,-8.394146787090973,11.445117351699576,2.65940559629302,-10.483599453108557,13.402212144220973,2.184034357725055,27.80478064516748,6.96999306636128,92.8050289712206,29.04618451081659,11.977275391058269,48.40221214150664,30.842398148540568,6.565928194666669,8.715996426503544,30.725579219386898,6.147839631931059,5.124193935399523,34.43361024282373,19.716954622142588,3.4241394328477006,35.40437023859127,23.269940695209144,2.7459148278586962,17.98719903564923,1.4311094684228949,100.63960219466028,18.719928467798717,1.5836184730536171,110.53531983529497,19.308791328833497,3.092813747933427,120.32618032830447,19.911297063589217,4.9130503427803935,130.06317702229418,19.57471543067766,11.31302486437141,138.41614539727158,0.7708010157947953,3.6689722273188226,144.22185386392144,-5.643501874269115,7.316760641500112,115.46777450533507,-8.705962472687991,13.827767901466999,93.06153381699579,-11.255423241600347,17.592956172350757,82.9090923419889,-11.255423241600347,17.592956172350757,82.9090923419889,-5.431753438743479,16.05160586981043,88.51513016079781,-5.431753438743479,16.05160586981043,88.51513016079781,19.57471543067766,11.31302486437141,138.41614539727158,39.32441332899657,8.30978301264218,145.24658902453032,40.81739181641818,14.513673621132602,116.25470260446478,41.88914416530021,31.80669058928079,132.17997852929588,43.748911838971864,40.18728359672319,139.25496162994267,43.748911838971864,40.18728359672319,139.25496162994267,38.82049631570014,34.04809485833491,136.85920855039026,38.82049631570014,34.04809485833491,136.85920855039026,20.502248752634554,7.910982868930415,142.5168306192699,21.395333593246672,9.696355412148812,149.69174217634787,22.84465018887062,12.954318023746982,156.23006554932184,25.32394104491959,17.18486074744699,164.63192043978864
4.03333172,17.6578,5.19433,92.3916,7.511968500287928,3.431676286409025,91.98327430228532,2.9419002024972007,5.344160956067162,47.55714482433225,0.8676140644084356,1.3199146055548177,7.719881388979154,2.033253026105479,2.001182849622276,4.363298419023089,-8.394421507645681,11.441335158272057,2.6581036478453877,-10.484053642474175,13.398328004928105,2.183101727713294,27.803631499712075,6.956983713590975,92.79992569771467,29.048027963768657,11.98570406263827,48.39961543594599,30.839806926378447,6.564612824165211,8.714529098339277,30.723511539001056,6.146394035996082,5.122724778544407,34.43386312459215,19.71488061426607,3.4227176942624533,35.405329191711054,23.267910971530082,2.7457372068058965,17.977493497104934,1.4430786879009796,100.64138864067948,18.71545845416716,1.595845767625224,110.53671324282875,19.312043822554614,3.1042522766675646,120.3272277718055,19.919406583070092,4.922657955774369,130.06426481105575,19.571215772886514,11.321045205558452,138.41797329935628,0.775616541057353,3.632657924491512,144.19197878712566,-5.608025792443491,7.344559326394824,115.43928117141517,-8.669826717693024,13.856159639774457,93.03312267217808,-11.176178733959272,17.568236730385955,82.85043422193179,-11.176178733959272,17.568236730385955,82.85043422193179,-5.371543170546428,16.015479815161925,88.47304061860858,-5.371543170546428,16.015479815161925,88.47304061860858,19.571215772886514,11.321045205558452,138.41797329935628,39.32669074297576,8.378720421057746,145.25821616117705,40.8068858402037,14.661095450188697,116.28257970384459,41.74312120867486,32.066342174601125,132.09372615301626,43.59172009547955,40.53463597352568,139.0664690223371,43.59172009547955,40.53463597352568,139.0664690223371,38.680722066812024,34.34847781397905,136.7573357777489,38.680722066812024,34.34847781397905,136.7573357777489,20.499008559597467,7.919221811213269,142.51878117471605,21.37968373509053,9.715490642002033,149.69250691698605,22.815672407824785,12.98336907384162,156.2288222849129,25.27350856870524,17.22725013652755,164.63025403304036
4.04166505,17.6518,5.20843,92.3921,7.501794123027199,3.468624096513471,91.98956934823421,2.9463430286567593,5.344375732056563,47.560372603542135,0.864004489892034,1.3200036431372002,7.723541966681701,2.030693617772484,2.0003306982544355,4.367132959936387,-8.395438920025413,11.441225184701713,2.6566264267593267,-10.485275713162089,13.398088298897491,2.1819905502684986,27.801805876972804,6.948235903486529,92.79463065176579,29.04923225664709,11.998375764536732,48.3968365955165,30.836678145697864,6.567538224191413,8.712887441052409,30.720915689432758,6.14918523854794,5.121081533612161,34.43344820598859,19.717080619263665,3.421117342380912,35.40558362373313,23.270164399655318,2.745379228401515,17.967235907672674,1.459214334147564,100.64297783412027,18.710430277105853,1.6122401548390906,110.5379070540715,19.31471132905113,3.1198507619346163,120.32807220630632,19.9268993527884,4.9364218996229114,130.06514949703944,19.567015662206245,11.333190177856533,138.4196022660625,0.7799753372817761,3.600239829797787,144.16186519840198,-5.573172537806948,7.376274953909746,115.41076448106026,-8.63498708749962,13.888822052986558,93.00488301690902,-11.099701847775362,17.546931221121515,82.79254345658545,-11.099701847775362,17.546931221121515,82.79254345658545,-5.313681040724306,15.983366409910293,88.43131806240879,-5.313681040724306,15.983366409910293,88.43131806240879,19.567015662206245,11.333190177856533,138.4196022660625,39.32809435157364,8.452024882925281,145.26968579956144,40.79498983627169,14.812643487039821,116.31044771825196,41.59387821441743,32.32851925580504,132.00654199843666,43.42999998355272,40.8834787854295,138.87602415695918,43.42999998355272,40.8834787854295,138.87602415695918,38.53698903660547,34.65148677278439,136.65357726644731,38.53698903660547,34.65148677278439,136.65357726644731,20.495102206020036,7.931588141466094,142.52052728917815,21.363318594243275,9.738727861786046,149.69304134193277,22.785915088879086,13.016513989996758,156.22732392027748,25.22221040092862,17.273748128937548,164.6282740525615
4.04999838,17.6454,5.22005,92.3941,7.491259303936722,3.5031922520783647,91.99736204119966,2.9502944951686407,5.342159972143055,47.565144691847294,0.8598409575718424,1.3176533639058583,7.728752658212976,2.0275833644934975,1.9970249370674154,4.372516406061347,-8.396928444714892,11.438744299606016,2.65669298311291,-10.486953775494754,13.395494407422381,2.1824215237574407,27.799540696063275,6.936907747921635,92.79083795880032,29.050116896997718,12.008416547833914,48.39556839200898,30.83319244822601,6.567787345815188,8.71276386467305,30.717960710750262,6.149297588464061,5.120956824578815,34.432776593402934,19.716571926656382,3.4210241817309806,35.405607794959074,23.26970078357178,2.7465255538347253,17.956552789476195,1.4728794892645225,100.64606946550188,18.704976113072806,1.6261483366434057,110.54060079495451,19.316959155090792,3.1329440757940907,120.33041296869716,19.933979563795987,4.947668343198697,130.06752962040335,19.562452978691795,11.342799588038886,138.42272597380102,0.7840255322195944,3.565522331857111,144.13320843661072,-5.538645540273658,7.405845318400493,115.38390459272463,-8.600988928974557,13.919702619249716,92.97847627113585,-11.025466146790135,17.523035411186058,82.73707188298118,-11.025466146790135,17.523035411186058,82.73707188298118,-5.257668051999031,15.949153953953473,88.39162341692865,-5.257668051999031,15.949153953953473,88.39162341692865,19.562452978691795,11.342799588038886,138.42272597380102,39.32890098647859,8.522628348871784,145.2826936251268,40.78166020859617,14.961399956891228,116.34001868893067,41.44185451897084,32.58614546763627,131.9202623132782,43.26442117314866,41.226642976574034,138.68550542938152,43.26442117314866,41.226642976574034,138.68550542938152,38.38986198769114,34.94999848028414,136.54986562631794,38.38986198769114,34.94999848028414,136.54986562631794,20.490796639021244,7.941405387244149,142.52376518735727,21.346544191551942,9.759377869803009,149.69504008666885,22.755757159933832,13.04701530370868,156.2272732741344,25.170518655625507,17.317541874464744,164.6276941096516
4.05833171,17.6378,5.2352,92.396,7.479567744708188,3.541373948099232,92.00504531790588,2.9529823607782903,5.343561722506359,47.5698537886937,0.8543811191625243,1.3189711977119138,7.733898627226523,2.0231750199380834,1.9973787237480942,4.377833388032368,-8.399654698588979,11.439990515829559,2.656710439886826,-10.489856541984578,13.396641313095241,2.1828072891004933,27.79603225529181,6.929026051900768,92.78695468209412,29.049882901191765,12.021946443185318,48.39422867100289,30.828570968755034,6.571634376308374,8.712555989247598,30.713870048229545,6.153018642465654,5.120746638821279,34.43106671187457,19.719650046398787,3.42088714062691,35.40461898527099,23.27281868374603,2.7476396191783925,17.944647327977652,1.490070578543083,100.64905720859554,18.698296540598978,1.643551203925658,110.54318858039102,19.317983078013008,3.149499249607123,120.3326465898753,19.939838503280885,4.9623473057692005,130.0698051484967,19.55670780875636,11.35580491082063,138.4257582640499,0.786973554478088,3.5343591528013496,144.10440696934373,-5.505254372248879,7.439166273282684,115.35711021451903,-8.568644601449762,13.954762622373991,92.95233066283978,-10.954302895542343,17.502561490919298,82.6824612126939,-10.954302895542343,17.502561490919298,82.6824612126939,-5.204323842826762,15.918839066765694,88.35239198214153,-5.204323842826762,15.918839066765694,88.35239198214153,19.55670780875636,11.35580491082063,138.4257582640499,39.32829083428699,8.596518628307539,145.29568058644077,40.766568823569614,15.113252397469987,116.36973619308685,41.286557136266296,32.84510853606903,131.83331896923178,43.09444648168245,41.56997509551016,138.49340158625245,43.09444648168245,41.56997509551016,138.49340158625245,38.23875374251783,35.24992814744596,136.4445469425912,38.23875374251783,35.24992814744596,136.4445469425912,20.485277536230203,7.954597645498552,142.5269013353825,21.328540467798984,9.783351704803632,149.69691372876906,22.724368996423753,13.080785009872264,156.22708277863305,25.117591456790688,17.364546076365492,164.62692907882163
4.06666504,17.6294,5.24707,92.396,7.467909265557994,3.5719877150845702,92.00898552661211,2.960199521493392,5.3375446755558285,47.570404724199015,0.8586587335232583,1.3059809629133916,7.735309644139235,2.0275937922122216,1.9832864166294093,4.379070976443749,-8.39470368528211,11.425889749225236,2.6546816370353117,-10.484995060467366,13.382409088901753,2.180630663828945,27.79089073444201,6.9221522849154296,92.7830144733879,29.0538453741799,12.015826270433287,48.39063299686398,30.832925084984875,6.558944967233171,8.709880716754824,30.718260086190416,6.140147879458015,5.118091360330576,34.43616261350283,19.706504676071887,3.4175840641473227,35.409966269058394,23.259819182597276,2.7454709205897356,17.932682646853376,1.5005857468438655,100.64857404277421,18.691597277403197,1.6520796926050747,110.54233355108728,19.31878523415977,3.15651131362862,120.33154699267511,19.946538884509994,4.969983827418659,130.06821078663452,19.540335726131325,11.363962500264188,138.42267530994897,0.7950637557286875,3.461092940333386,144.06930442069782,-5.466286055884383,7.420840862876803,115.32278086450887,-8.530738730688153,13.954004141007957,92.9232627977029,-10.930597057223217,17.46189652212597,82.64299860431183,-10.930597057223217,17.46189652212597,82.64299860431183,-5.171940627336058,15.88999554586838,88.30740980029009,-5.171940627336058,15.88999554586838,88.30740980029009,19.540335726131325,11.363962500264188,138.42267530994897,39.32928789724328,8.691026467006367,145.27670870434935,40.71435512235566,15.169758903292461,116.33963323980156,41.535463526541804,33.09519422113721,131.56513986172843,43.654628694763566,41.92137065045749,137.9960192307705,43.654628694763566,41.92137065045749,137.9960192307705,38.678529462274675,35.60644995158949,136.24137859827735,38.678529462274675,35.60644995158949,136.24137859827735,20.474122332640416,7.965857362156065,142.52520515577183,21.29160297459848,9.803599360903696,149.69590534812144,22.666679193645574,13.110059058073485,156.22591309431155,25.034952384906745,17.409203374105836,164.62497141818812
4.07499837,17.6179,5.26289,92.3974,7.45318985754332,3.6065398670907847,92.01432459351983,2.964215630161804,5.335427517440817,47.57240564160718,0.8597133360915059,1.2969216837928457,7.738170109644926,2.0287880443154167,1.9731308082077061,4.381759021853493,-8.392980434533499,11.41572448092668,2.6541226292063547,-10.483362020664549,13.372112595954748,2.179927887943692,27.782610142456676,6.919240132909215,92.78047540648018,29.05466649754404,12.01371065746354,48.38844521012703,30.834137062861814,6.550374849983068,8.708598611987696,30.719508323202934,6.131405729631325,5.116828161104747,34.43809294317281,19.697498824759133,3.415708659585491,35.41214158950283,23.25096233881544,2.7447392799165917,17.917620438935067,1.5150454702897571,100.64948652366816,18.68179564260001,1.664525830240446,110.54287173402425,19.316479113141853,3.1674103309667134,120.33183971385223,19.950124797325095,4.981476560044815,130.0680112357511,19.520832550024526,11.37585411112746,138.4210158237193,0.8004383612638541,3.391625723388483,144.03563311342293,-5.4305022990580145,7.406584080634447,115.29016026086529,-8.496456240679832,13.95752149110855,92.8960394316855,-10.91105727202183,17.42562432855884,82.60573207965876,-10.91105727202183,17.42562432855884,82.60573207965876,-5.143476658279029,15.865479517169259,88.26431076915637,-5.143476658279029,15.865479517169259,88.26431076915637,19.520832550024526,11.37585411112746,138.4210158237193,39.32677336135751,8.789401695332753,145.25914139428355,40.65845774312501,15.229857331937197,116.31101762882533,41.775226318835884,33.34320426411405,131.29337368863463,44.197282422010154,42.264615677054415,137.4813073877783,44.197282422010154,42.264615677054415,137.4813073877783,39.111964308159536,35.96080222675819,136.02527633777584,39.111964308159536,35.96080222675819,136.02527633777584,20.459831531875153,7.980835553226735,142.5249111678519,21.25148613737937,9.82741195801076,149.69623950152754,22.605769764489875,13.142754425204615,156.2260887865464,24.94907451795378,17.457082220713914,164.62436474007933
4.0833317,17.5987,5.31023,92.402,7.430806465637978,3.6726171345969765,92.02286943285264,2.960403852122403,5.364734772758432,47.57766338516178,0.8528919014847731,1.3192453060916156,7.74429561336764,2.022098591751865,1.994353962372848,4.387708974943298,-8.399160844156995,11.436915290110061,2.6568281756384478,-10.48963677984117,13.393167740190963,2.1824896901896613,27.766593534362023,6.9478428654030235,92.78113056714736,29.047743313082155,12.043066711381048,48.38944833439273,30.827585437000327,6.573243814017988,8.710512119123443,30.71299167966809,6.154100394832402,5.11876088768579,34.43225875762427,19.719928386178008,3.417019335024108,35.406552271694984,23.273540076141607,2.747191204087681,17.89485753758543,1.5610334668265735,100.65360099756839,18.664292299632155,1.708490820016943,110.54660890802435,19.306471975475283,3.2098133660267094,120.33532766571562,19.946010593103708,5.024458352418213,130.0710060175474,19.49362746006314,11.419127752290931,138.4225684170791,0.7985289680542458,3.353571591416541,144.00513816853478,-5.4024522506821855,7.42408347088261,115.26099986863085,-8.470344011070718,13.993073926990036,92.8724334389974,-10.900233342464322,17.4215392185841,82.57244681704597,-10.900233342464322,17.4215392185841,82.57244681704597,-5.123482173871809,15.873081287648569,88.22487768580075,-5.123482173871809,15.873081287648569,88.22487768580075,19.49362746006314,11.419127752290931,138.4225684170791,39.316157410209016,8.919233885969078,145.2447986882365,40.593883326611746,15.321237434589747,116.28571567986067,42.00091811986004,33.61677445223619,131.02020177766934,44.71688271124683,42.627149596852234,136.95190784949074,44.71688271124683,42.627149596852234,136.95190784949074,39.53381805285438,36.34035205789279,135.79840526829702,39.53381805285438,36.34035205789279,135.79840526829702,20.437830046501322,8.027185669941495,142.52781353494362,21.203620121110397,9.882454755716438,149.6997068472774,22.53708230965898,13.206534601162758,156.22939928071628,24.85541592004117,17.535842119264107,164.62689689435592
4.09166503,17.5846,5.3383,92.4039,7.41356199781398,3.7194119539654613,92.02871702797925,2.961577121907516,5.374650977625519,47.5802736729049,0.8510213897312,1.3221453839312476,7.7477802459996,2.0203575168251264,1.996153979016643,4.3910176271622205,-8.400411507069368,11.438661033505621,2.656891196775187,-10.490985834099451,13.394773538288044,2.1824092301035845,27.755638002186018,6.957188046034539,92.77908297202073,29.04587447757893,12.053130911900382,48.38774644792634,30.82609163326894,6.576728228611676,8.709734650218337,30.711533587237177,6.157401089022268,5.118003723813473,34.431461255944505,19.722965538284363,3.4156053237607713,35.40599377238845,23.276724919783078,2.7469093895699856,17.877197956499383,1.5877603753032523,100.6550176160525,18.651887743886725,1.7331885011425252,110.54764544863231,19.30155729945288,3.232940490422284,120.33611072566231,19.94698235316421,5.048155521741036,130.07129433618124,19.471492697475675,11.44301194253124,138.42142982554975,0.8021128467423289,3.296170112132703,143.97194448812837,-5.369353306110943,7.422452336243386,115.22940594033871,-8.439612612727267,14.009669079589106,92.84651994218552,-10.885328203622755,17.39860073302893,82.53719996812184,-10.885328203622755,17.39860073302893,82.53719996812184,-5.099165757810451,15.861796393292668,88.18318148826546,-5.099165757810451,15.861796393292668,88.18318148826546,19.471492697475675,11.44301194253124,138.42142982554975,39.31023572982938,9.029783120918477,145.22772032704722,40.533338591046395,15.393166318545756,116.2577687338699,42.22538438729294,33.86508164235872,130.74006232063604,45.22575733241333,42.95791841459936,136.40279509328582,45.22575733241333,42.95791841459936,136.40279509328582,39.95659007226296,36.694058686005505,135.555158119798,39.95659007226296,36.694058686005505,135.555158119798,20.420894673613894,8.054139345658747,142.52801058110194,21.16077815770888,9.917962087026547,149.70040548944488,22.473378389086236,13.250649231206662,156.22993751969824,24.766719735861862,17.594754259293286,164.62665577497643
4.09999836,17.5725,5.35955,92.4061,7.401979981877004,3.737393653327806,92.03099180506084,2.959301489581841,5.386542649173766,47.581390933358975,0.8541602693903161,1.3226382691881495,7.7497723204607,2.0231369639576107,1.9957238074576678,4.392699311226174,-8.39853708055563,11.436881730378957,2.6566670003576225,-10.489629967108966,13.392544235550078,2.182615325353881,27.743020018122998,6.981706346672193,92.78120819493915,29.040395779353265,12.061318897693555,48.38820813056325,30.826640473029435,6.576338708233274,8.711652056408553,30.7122941913578,6.156512316632025,5.11997270374037,34.4328262690715,19.72170180916741,3.4159081244738054,35.40754147635276,23.275369367529997,2.7469905144978553,17.865987452358404,1.611237117895418,100.65819783071292,18.639532997640817,1.7639156509849392,110.55080595978117,19.28768070213889,3.270350108577702,120.33834593765769,19.933540873629756,5.089834160726176,130.0727037214696,19.4464922554794,11.485332727200687,138.42168111249063,0.8038423302920386,3.2708851788283724,143.96238901689708,-5.354499818961286,7.366022963645325,115.21258223257078,-8.40744410318489,13.9645893242073,92.83067088830248,-10.903394501212542,17.3711030204159,82.53920078539721,-10.903394501212542,17.3711030204159,82.53920078539721,-5.091631443003784,15.850041359540688,88.16310799772029,-5.091631443003784,15.850041359540688,88.16310799772029,19.4464922554794,11.485332727200687,138.42168111249063,39.297318189096835,9.115145983507931,145.20783712257798,40.48649457527505,15.373864701197949,116.21368217411651,42.8559632630905,33.993465975161236,130.4090183369584,46.112729564099595,43.13943546576376,135.8397803616142,46.112729564099595,43.13943546576376,135.8397803616142,40.77530810838896,36.90280449361095,135.26106015713873,40.77530810838896,36.90280449361095,135.26106015713873,20.401608154309955,8.098850549381938,142.52890878710485,21.124008187596843,9.970599126471761,149.70102193167872,22.41716722042484,13.309169404668044,156.2314277166097,24.67926454897635,17.664165525134916,164.63097918994913
4.10833169,17.5592,5.38063,92.4067,7.389170576178341,3.7553822576327347,92.03167186168,2.9558219024424917,5.398438404820824,47.58091384469819,0.8560101065642747,1.3231015220584652,7.750181998498228,2.0246390954045905,1.9952385437991642,4.392797904587075,-8.39778705163019,11.435211789133431,2.65483952275539,-10.489366419178543,13.390457314006493,2.181214173338897,27.72922942382166,7.005877742367265,92.78172813832,29.033830172878922,12.069063392874916,48.38706325385384,30.82600628223034,6.575340074251086,8.711984317807868,30.711864401969734,6.155004921088387,5.120357968396467,34.433264460031545,19.719741458222373,3.41458386670546,35.40823142728417,23.273296080086066,2.7454332246244744,17.853512176908172,1.6345535993321079,100.65978396282158,18.625915373648986,1.7944876289268117,110.55236671194439,19.27256712053436,3.307610943063858,120.33897380505204,19.9188984475186,5.131374424693223,130.07249945710814,19.420415367533863,11.52751676327339,138.42030872359183,0.8046319204507704,3.2458671093676497,143.95130090413863,-5.340474807042864,7.310033374136426,115.19426806832561,-8.376217882702733,13.920146196305694,92.81342414552466,-10.922575872505572,17.343696110365226,82.53997157082641,-10.922575872505572,17.343696110365226,82.53997157082641,-5.085297880682003,15.83868366251972,88.14172789645913,-5.085297880682003,15.83868366251972,88.14172789645913,19.420415367533863,11.52751676327339,138.42030872359183,39.28318761713706,9.200092094635297,145.1862795934824,40.43498312900304,15.353709779493308,116.16812875426716,43.47778033486127,34.09874938533461,130.0669192620582,46.984664491194614,43.28794558849027,135.26392777511953,46.984664491194614,43.28794558849027,135.26392777511953,41.588669472724476,37.08275394608846,134.95186176371132,41.588669472724476,37.08275394608846,134.95186176371132,20.381187777794885,8.143424679426362,142.5281870367512,21.086128562219095,10.023051893476664,149.69997701758282,22.359888578059262,13.36744723938798,156.23121477889526,24.590806147394453,17.73327046907545,164.6334844015837
4.11666502,17.5443,5.40474,92.4083,7.3747620727130325,3.7764009037355235,92.03335341307262,2.9507495700333015,5.4133625278860436,47.581440380367354,0.8562674534639609,1.3265872608570666,7.751599905289233,2.0245550256405513,1.997778673902243,4.393907828973694,-8.39862139083656,11.436566587306553,2.654012108889275,-10.490686094073391,13.391395455676497,2.1808106108378915,27.713837927286967,7.033079096264477,92.78324658692738,29.025666163239993,12.079841388318858,48.386924675119694,30.82377598399332,6.577379044323664,8.713325280617745,30.709839400649344,6.156534888490428,5.121752018789872,34.432107151069545,19.720818286387583,3.4142685794226613,35.40732586116432,23.274260069685695,2.7448855950316586,17.839436807992918,1.660900547123544,100.66236950359357,18.61069333855274,1.8280874261710307,110.55492180074839,19.255845351662227,3.3478963039288643,120.34059187977053,19.90264823636146,5.175939894349453,130.07328327014488,19.39273857729473,11.57270254295392,138.41992699699756,0.8040659273884252,3.223940192650497,143.9411954357516,-5.327637879087082,7.25727468293982,115.17696169036746,-8.346305252696508,13.879131670132436,92.7972798434628,-10.943246230502968,17.31915756556556,82.5420089924612,-10.943246230502968,17.31915756556556,82.5420089924612,-5.080543206161044,15.83057110239388,88.12155864667149,-5.080543206161044,15.83057110239388,88.12155864667149,19.39273857729473,11.57270254295392,138.41992699699756,39.26734268233436,9.288057476716684,145.16570326287385,40.37923240522782,15.336164335576935,116.12382270551441,44.08918469817414,34.18471036743698,129.71720597491853,47.83908266122235,43.4076932542918,134.67939427912202,47.83908266122235,43.4076932542918,134.67939427912202,42.394402508106054,37.23747009640209,134.6308662885683,42.394402508106054,37.23747009640209,134.6308662885683,20.359166637002698,8.191008509454125,142.5284534191106,21.046636168239274,10.078463109904117,149.69988370025825,22.300975459044523,13.428632757316855,156.23192073165944,24.500693109223036,17.805238994595282,164.63680625079107
4.12499835,17.5285,5.43002,92.4091,7.3594574238509995,3.7985727481722926,92.03422967712461,2.9447943802617393,5.42950596165922,47.5811655609727,0.8556526299296716,1.3313633037386525,7.752212609729412,2.0235883288965884,2.001613801978936,4.394210180265235,-8.40034015931226,11.439222775726432,2.6524258275542643,-10.492890741035298,13.393636654698,2.1796587204984923,27.697542576149004,7.0614672518277075,92.78397032287538,29.016607917750118,12.09188842066575,48.386008300517936,30.820675148242003,6.58083183230322,8.713872280412694,30.7069452473835,6.159491185012317,5.122350679170236,34.43005437407574,19.723334535399133,3.413206742309338,35.40551791036852,23.27666763187421,2.7436035654515654,17.824464562689595,1.6884042158732822,100.6641481074374,18.59456868794017,1.862829547468852,110.55666520271552,19.238213676129835,3.3893071802087276,120.34139648192412,19.885484627072337,5.2216181642829795,130.07325426007247,19.364144777098456,11.618962870529174,138.41874569055713,0.8028490585216588,3.2031422726920127,143.93030207261134,-5.315340999806792,7.205819110579397,115.15890915913545,-8.31710822345224,13.839645902514858,92.78049907553819,-10.964826886592508,17.29559424005942,82.54358216662729,-10.964826886592508,17.29559424005942,82.54358216662729,-5.076779944888709,15.823812106686685,88.10085769677167,-5.076779944888709,15.823812106686685,88.10085769677167,19.364144777098456,11.618962870529174,138.41874569055713,39.25048532794462,9.377172843421437,145.1442810454662,40.31894495810505,15.31977512083184,116.07899945675224,44.68901608493827,34.25014611764149,129.3588727434055,48.67455011389923,43.49787951503174,134.0857539927761,48.67455011389923,43.49787951503174,134.0857539927761,43.19109219418411,37.3655416901438,134.29711339740777,43.19109219418411,37.3655416901438,134.29711339740777,20.336233405344146,8.239669706428138,142.52791209043625,21.006215765916107,10.134892123741379,149.6989487747613,22.2411073481,13.49079037448382,156.23175071676255,24.40959998515447,17.878143857396402,164.6391468407367
4.1333316799999995,17.5097,5.45545,92.4101,7.345186545424898,3.7965326475852756,92.03296042422059,2.9294477701437645,5.438667766561689,47.580415552531825,0.8551884043886537,1.3320283607684633,7.75155992543197,2.023115311896259,2.002278608171526,4.393554388185812,-8.403704046940424,11.436383919773233,2.650093454354186,-10.496939254017494,13.390039902393703,2.1772245990419936,27.6742134545751,7.114367352414725,92.78723957577941,28.998148843246458,12.10691657812889,48.38514785066532,30.817052173705193,6.581497251912705,8.715687158163803,30.7038606453654,6.159231576878168,5.124257189307424,34.42618690773211,19.722919499632603,3.4121771296663606,35.40151430880735,23.27629469178849,2.7425990355780447,17.81281992437726,1.720806719680661,100.66804531555587,18.580319914607088,1.9070968449134906,110.56054847677032,19.21881289575377,3.4442876889166647,120.34394001869173,19.863194281005793,5.2863110958613975,130.07415591758155,19.337996597139206,11.690547467416259,138.41411788608687,0.8022703985940964,3.2360973950006997,143.95253978276475,-5.3129856805312246,7.143472351022896,115.16742582294567,-8.312161501719128,13.746292305993098,92.7795001647734,-10.99014505593531,17.247617508800406,82.5659020358867,-10.99014505593531,17.247617508800406,82.5659020358867,-5.0901068156449245,15.797360336991284,88.11611407260126,-5.0901068156449245,15.797360336991284,88.11611407260126,19.337996597139206,11.690547467416259,138.41411788608687,39.23583784282948,9.486671443472824,145.1181340758342,40.31025485830482,15.198562997937415,116.00685370916375,45.51658122477996,34.13213455525689,128.9770324315102,49.63868951966863,43.37093162405876,133.60318772047012,49.63868951966863,43.37093162405876,133.60318772047012,44.13284873864749,37.26419985189909,133.93799379972214,44.13284873864749,37.26419985189909,133.93799379972214,20.32000361400651,8.31688472428283,142.52555182163985,20.988185549087397,10.21602641891019,149.6957195482596,22.207992435733903,13.57257191881061,156.23102252278863,24.340849646972284,17.96114982909842,164.6468911367941
4.14166501,17.4937,5.47683,92.4095,7.333772487363543,3.79055771033873,92.03011429508574,2.9168551776389577,5.443923915890906,47.5781028229443,0.8573929265094105,1.3288241984009996,7.749352538240579,2.0253094989622533,1.9990604407591797,4.391340611099821,-8.404306216541473,11.429768190359823,2.6462250365489526,-10.498206568863724,13.382687570975163,2.173258343998886,27.653627512636458,7.1631022896612695,92.78888570491425,28.982591284580515,12.117781111332482,48.38270240442171,30.81631874102012,6.578078201278422,8.715916361513749,30.70366469511958,6.1548963481202055,5.124577331472194,34.42534975849276,19.718393369395095,3.4095934123253646,35.400578061213245,23.271802077512035,2.7400488430459085,17.80391831575503,1.7491758741442571,100.67033907778506,18.56877916942075,1.9473175036078803,110.56281636153979,19.20210445775416,3.495204367142139,120.34485727217063,19.84358848676686,5.346934724600678,130.0734220154505,19.314579085491477,11.758079923005202,138.40783309508515,0.8044230957250882,3.2653464090651205,143.97313556087389,-5.307333133983576,7.077604146030393,115.17452711574991,-8.304071749882707,13.649753444158137,92.77725242637982,-11.013913613412626,17.195752089519043,82.58749720298886,-11.013913613412626,17.195752089519043,82.58749720298886,-5.101509840834668,15.767401160138917,88.13022631474499,-5.101509840834668,15.767401160138917,88.13022631474499,19.314579085491477,11.758079923005202,138.40783309508515,39.22380053481467,9.591906099820205,145.09031624804237,40.29651300819057,15.07079141907159,115.93422211237399,46.33333746292027,33.97321079202489,128.58597276561474,50.59324965475476,43.19491687111805,133.12047890625894,50.59324965475476,43.19491687111805,133.12047890625894,45.06571443837247,37.115324473268714,133.5715459316887,45.06571443837247,37.115324473268714,133.5715459316887,20.306452954976894,8.390067799179931,142.5215306596611,20.97284422650564,10.293131598754417,149.69082507058323,22.177585991326183,13.650301743817604,156.22860125210653,24.27480482307326,18.040071737137943,164.65280050568012
4.14999834,17.4753,5.50668,92.4116,7.320017422874674,3.7931505225012714,92.02998852417977,2.9018210319751,5.457766828006346,47.578524032479514,0.857079576955643,1.3342437365093165,7.7498864787542345,2.024988948349621,2.0044561085479273,4.39186728283285,-8.407357465540478,11.431836599453831,2.645097011652018,-10.501909405540921,13.384033405300588,2.1720324422937765,27.630582577125328,7.220209477498729,92.79321147582024,28.96473511999145,12.137028883117392,48.38297587438602,30.813302495024715,6.582992365758293,8.718883086149908,30.70118744243559,6.15889106628906,5.127635650178469,34.42235211532908,19.722162000632046,3.409736922425237,35.39751299960581,23.27559498528477,2.7402229995239575,17.79256402574487,1.7860320991730698,100.67532952670527,18.554749698095748,1.9960136995806532,110.56776905236087,19.182888355065256,3.5545810385609586,120.34844841107028,19.821463555685625,5.416014515101042,130.07535265476307,19.28867634091039,11.834083637156173,138.4041922062429,0.8041361247705687,3.3033119854804927,143.9963918508261,-5.3035439385072705,7.020645494406338,115.18451240036234,-8.298006553601935,13.562466940615767,92.77805645452577,-11.041290308206284,17.152397342216894,82.61266149002745,-11.041290308206284,17.152397342216894,82.61266149002745,-5.1161564082965345,15.746380394307387,88.14750162901028,-5.1161564082965345,15.746380394307387,88.14750162901028,19.28867634091039,11.834083637156173,138.4041922062429,39.2091661622345,9.705470933841308,145.0651292332541,40.27252227468078,14.949556123688293,115.86554762769424,47.13203085485587,33.786842543295435,128.19093949262853,51.53081359187054,42.983434334750925,132.64311544206487,51.53081359187054,42.983434334750925,132.64311544206487,45.98220017759417,36.932154524639415,133.20298381267818,45.98220017759417,36.932154524639415,133.20298381267818,20.290371244007567,8.47174321224181,142.52014911564996,20.954977261583338,10.378733423876373,149.68856586390282,22.144663949966564,13.736531406766675,156.22877608927644,24.20622967019186,18.12749529669597,164.66114962138047
4.15833167,17.4581,5.53581,92.4134,7.307578235157205,3.794783648842081,92.02959020853237,2.887942879703277,5.470455718432509,47.578684158261396,0.8579764462278945,1.338425266293715,7.750172507541123,2.0258588198714653,2.008638652331101,4.392144124381005,-8.409436230541509,11.432449846398555,2.6437274722652964,-10.504685200801587,13.383875307202116,2.1705671310999617,27.6086217648428,7.276836351157918,92.79720979146762,28.9479418971459,12.155775019093937,48.38295215602215,30.811522708956712,6.587485988596036,8.721560305499722,30.699960458798405,6.162464610727112,5.13040442802879,34.42027478021825,19.725600739633588,3.4096020865059797,35.39528171695116,23.279082292846283,2.7401217328735603,17.78248374342625,1.8222102202448363,100.68002293910295,18.541951769161965,2.044061886076488,110.57241239750242,19.16483362128423,3.613331126327165,120.35171663094867,19.80042669472761,5.484502785289202,130.0769475849203,19.263683884794705,11.909508626744836,138.40018306394205,0.805071736458693,3.3403767907417734,144.0193116418001,-5.298091635865341,6.962663684621289,115.19437181273626,-8.290678759623693,13.474288661235667,92.77887126711722,-11.069098688147237,17.107236688967323,82.63833222032845,-11.069098688147237,17.107236688967323,82.63833222032845,-5.130830024961014,15.724209965003586,88.16488205891551,-5.130830024961014,15.724209965003586,88.16488205891551,19.263683884794705,11.909508626744836,138.40018306394205,39.19539253916216,9.818913839539594,145.03956499248966,40.24111401702963,14.826857774793648,115.79792198509216,47.913047918854225,33.56585586332602,127.78970596763682,52.45148537311941,42.729494022871066,132.1690645948238,52.45148537311941,42.729494022871066,132.1690645948238,46.882204304937574,36.707453305371914,132.82988585215264,46.882204304937574,36.707453305371914,132.82988585215264,20.275265483302224,8.55290178242807,142.5184011560599,20.93803065780138,10.46385695985541,149.6859324002077,22.112565827618667,13.822313387087558,156.22854266398969,24.138324809173366,18.214526255265653,164.6689399979818
4.166665,17.4425,5.56484,92.4153,7.2982245374722545,3.78841303205033,92.02857351021858,2.8656853119075967,5.481515978667494,47.57961288484527,0.8588836801490278,1.3408063583417364,7.750828686216856,2.0264825574006204,2.0101069929712834,4.39251968227971,-8.413381072186361,11.428059356106345,2.639812724073157,-10.510132499620914,13.378007742640714,2.1672187902322912,27.586775462527743,7.34126696794967,92.80202648978143,28.92508358735041,12.183583213720787,48.38373063110428,30.80832750243777,6.5902482326247664,8.72679207256784,30.697746142389967,6.163114571544804,5.135856478327474,34.41645952911562,19.725804251022115,3.4080890155052566,35.39109849066729,23.279024756953426,2.736690065212122,17.775923678364165,1.860376138357596,100.68566148562996,18.533754477113597,2.098845589165899,110.57778986338053,19.152112636958915,3.681847456106679,120.35516769773953,19.787539128009495,5.564896520340723,130.07811675841853,19.259883503808556,11.99981576748203,138.39427185383488,0.8168882322487434,3.4335513653420033,144.06877874394004,-5.32958067075364,6.892159106493223,115.23293864594267,-8.320512531992016,13.359964294536194,92.80453422451862,-11.094605862467922,17.015141286863557,82.67080104372913,-11.094605862467922,17.015141286863557,82.67080104372913,-5.162946521812725,15.650515783906425,88.20901063319583,-5.162946521812725,15.650515783906425,88.20901063319583,19.259883503808556,11.99981576748203,138.39427185383488,39.202145985169224,9.891565693655668,144.99627439781543,40.28242408432947,14.654925562115018,115.71504963463269,48.80595082192782,33.36182096907913,127.1698764961069,53.40783374081487,42.54076989451139,131.4498333949583,53.40783374081487,42.54076989451139,131.4498333949583,47.93723182563622,36.44881526357094,132.27394152740862,47.93723182563622,36.44881526357094,132.27394152740862,20.282860348114117,8.649468450202964,142.51477161983604,20.95335570501776,10.56250276162625,149.6810291649001,22.117171202998446,13.918208381044114,156.22696567429028,24.108931625538037,18.30799189255602,164.67671310410515
4.17499833,17.427,5.59287,92.4164,7.289088444830259,3.7810933165759693,92.0267984613007,2.843261444708981,5.491413526101754,47.57982410627985,0.8594955677333838,1.3420274204328386,7.750788873406968,2.0268029850402014,2.01040104214371,4.392193938184564,-8.41759431660526,11.422527532062928,2.63520761406532,-10.515840501688535,13.371005275283542,2.163182492003596,27.56491155516974,7.40464668342403,92.80600153869929,28.902339172735996,12.210254620045756,48.383692706568,30.805298847754184,6.591843671068427,8.731240290939702,30.695703373723486,6.162594144696176,5.14052677970253,34.412865834646006,19.72481864446481,3.405784476942885,35.38715039899813,23.277772946127058,2.7324651340119663,17.769419926271812,1.8975882380368443,100.69050081206981,18.525542472714132,2.1526960514916023,110.58234481299684,19.13932890129055,3.749445363108335,120.35777507955528,19.774550400959143,5.6444104297332895,130.07842218162776,19.255966815211348,12.089305620638486,138.38741964154073,0.8286286059221055,3.5261529422628364,144.11721994934348,-5.360680972293712,6.82077208154692,115.27134237018029,-8.350516319440713,13.24494921901322,92.83025650199187,-11.121354892156363,16.922447915742637,82.70371129790728,-11.121354892156363,16.922447915742637,82.70371129790728,-5.195994527728274,15.576218858669835,88.25315475030155,-5.195994527728274,15.576218858669835,88.25315475030155,19.255966815211348,12.089305620638486,138.38741964154073,39.208612908647794,9.963262681674454,144.95223830862943,40.3159798228342,14.478122500557022,115.63267997339517,49.666896837236656,33.11736528788681,126.53912217719073,54.338353772389475,42.2954475813807,130.74492249909505,54.338353772389475,42.2954475813807,130.74492249909505,48.96673003404442,36.136378330269224,131.70932652616307,48.96673003404442,36.136378330269224,131.70932652616307,20.29030179147234,8.745255673391808,142.51019882544114,20.968513151161,10.66042140413438,149.67516086845842,22.12161605956874,14.013377772772408,156.22440118891782,24.079368688045744,18.400644594448,164.68339846799978
4.18333166,17.4131,5.62531,92.4184,7.281701794535735,3.778058727417312,92.02596153570643,2.822193117044577,5.505374935853173,47.58101510395273,0.8614273068996188,1.3473389260365867,7.751743033416027,2.028430541527628,2.014799041881118,4.3928607360253356,-8.420645078410729,11.420931073200205,2.6315941752222898,-10.520415390239071,13.36790421800604,2.1601384552769427,27.544498205464265,7.472561272582688,92.81083846429358,28.881096912161205,12.241468325766611,48.38454971916713,30.803928099349335,6.5980472588695545,8.73660779808781,30.695330770592044,6.1666825813904245,5.146117444555287,34.410753628624846,19.728491538781682,3.4044137415019717,35.384634797237815,23.281192664484205,2.7291776343120135,17.764536382083577,1.9392480840147943,100.69623443754293,18.518876853859037,2.2110074326778926,110.58777103958084,19.128017127374164,3.821509391727986,120.36123565595295,19.762964630657272,5.728416714400211,130.07956499649362,19.253327338714094,12.183322627368721,138.38134198888417,0.8418517909225756,3.6232050435162044,144.1664041271584,-5.389947677099295,6.7535008295627055,115.31137605019714,-8.379423922449792,13.134212920017928,92.85784520898636,-11.148175867693077,16.834077163550628,82.73887895368124,-11.148175867693077,16.834077163550628,82.73887895368124,-5.228762524668376,15.506339699901226,88.29911363000625,-5.228762524668376,15.506339699901226,88.29911363000625,19.253327338714094,12.183322627368721,138.38134198888417,39.216256003749464,10.039751125465573,144.90909575039646,40.3420720504598,14.30281663931405,115.5525712235795,50.49393492126683,32.8405026241819,125.90174417694945,55.242582444544546,42.00127387045856,130.05855517865774,55.242582444544546,42.00127387045856,130.05855517865774,49.9681497058673,35.77784606692428,131.13922923364848,49.9681497058673,35.77784606692428,131.13922923364848,20.2990425655426,8.845616768280893,142.50639063763848,20.984923666356718,10.762963281953624,149.67003921671835,22.127261843083755,14.113201991953037,156.2225559529437,24.05091870687968,18.497912704199745,164.69069605137616
4.19166499,17.3976,5.65676,92.4214,7.272803674342535,3.774246661583418,92.02615614535233,2.7992833405601205,5.518565652930139,47.5832819209093,0.8613504844081021,1.3520381576103668,7.753779732634456,2.0280597152816915,2.018564916943805,4.394609970135569,-8.425524977486095,11.418884979641277,2.629075832833646,-10.526783427434788,13.364390470198483,2.1581919855517704,27.522396325657468,7.539273338416582,92.81664385464768,28.85839047103487,12.271527348252611,48.38641772558203,30.801066193685458,6.603242754607079,8.742990269166697,30.69346614412733,6.169778567279144,5.15272274832104,34.40741447975425,19.73110297955148,3.4041150320505893,35.38096217192074,23.283533434034076,2.7269766586424087,17.75794778258039,1.9799297115930838,100.70295610138234,18.510435884045993,2.268312710597397,110.59416310272641,19.11490382622155,3.8925365805344834,120.36564683691994,19.749565485023844,5.8113790607333495,130.08164535253482,19.248957916620043,12.276335372595852,138.37614797138824,0.853238590612186,3.719806411845891,144.21638011254396,-5.4205740298404805,6.68572612235211,115.35309344739996,-8.410152742379307,13.023353922807022,92.88737745114389,-11.177833806268321,16.745769223229676,82.77639200507419,-11.177833806268321,16.745769223229676,82.77639200507419,-5.2640716218980375,15.436368762098272,88.34697886938793,-5.2640716218980375,15.436368762098272,88.34697886938793,19.248957916620043,12.276335372595852,138.37614797138824,39.221978949981946,10.114793323658615,144.8669996575354,40.35832513421188,14.123213339598168,115.47502782906832,51.283251872961735,32.52678343085155,125.26104264048531,56.11834391523917,41.65318049198592,129.39374423340095,56.11834391523917,41.65318049198592,129.39374423340095,50.93682779787883,35.36853284334994,130.56577043267862,50.93682779787883,35.36853284334994,130.56577043267862,20.305962225737023,8.944979741683769,142.50345201190893,20.99952640080107,10.864522162650879,149.66577266457978,22.131156845577888,14.212003321809195,156.2215559074909,24.02077327662513,18.594010918730984,164.69875471667524
4.19999832,17.3778,5.68683,92.4264,7.258186197635771,3.776584097225329,92.03149255270134,2.779908581977052,5.526533827743829,47.58931880087245,0.8583088966262529,1.356168657591363,7.759426901862241,2.0250042534915274,2.020449392859166,4.399807445343233,-8.430937633043794,11.41671162014189,2.6266474352098825,-10.533351401286234,13.361014018200587,2.1559513369598338,27.49741380236423,7.59707590277467,92.82130744729866,28.833008231202687,12.293911962053471,48.38731121914117,30.796641559411462,6.606155836055889,8.747705342019678,30.689742399234966,6.171080060637383,5.15761182195679,34.403913852406,19.731650821816014,3.403641455184144,35.377544173302375,23.283713466727434,2.7246947824210372,17.746794333737558,2.019241467124513,100.71167250545749,18.506027041721964,2.32617675470111,110.60180574342587,19.117887393711143,3.966040973844346,120.37021663224691,19.768375256620978,5.901552522564055,130.0818611698821,19.30958946980489,12.385452527500933,138.3639863846923,0.9080038007305227,3.904899434240141,144.29583710231,-5.462433257764836,6.659588948348372,115.43278218768582,-8.48973725248677,12.902734354622389,92.94567325390643,-11.222125392239523,16.59423667943937,82.81377676457763,-11.222125392239523,16.59423667943937,82.81377676457763,-5.3280847530130675,15.303380652298625,88.40953644616738,-5.3280847530130675,15.303380652298625,88.40953644616738,19.30958946980489,12.385452527500933,138.3639863846923,39.3001299934989,10.14126538739315,144.77233269951662,40.397105184823836,13.877414769882805,115.34301814988193,52.08613339367702,32.1062230758255,124.55652288574817,57.9721082681022,40.68619868019677,128.49197447824594,57.9721082681022,40.68619868019677,128.49197447824594,52.21844076843261,34.9645800482433,129.8619895465911,52.21844076843261,34.9645800482433,129.8619895465911,20.375392319775507,9.061145802294064,142.49470982904668,21.088250018480206,10.983441759372667,149.65439722845852,22.208841955129472,14.327498409108662,156.21382329613954,24.052070322088486,18.70621574090434,164.70292714765824
4.20833165,17.3621,5.72164,92.4313,7.247744066317342,3.7836747555461714,92.036750170362,2.7645336461959698,5.539317754085405,47.59529830118253,0.8591761001906113,1.3652346936195912,7.765015564096515,2.0258547260797393,2.027275913471612,4.404948265557645,-8.432461165129798,11.419457458152054,2.6241856335827394,-10.536033059856099,13.362553697624358,2.153683165187312,27.47645593368266,7.659605244453829,92.82584982963799,28.81174686884819,12.321124632659522,48.38812557015495,30.796371465657423,6.614107827160509,8.752333612865996,30.69017596559787,6.177435722169073,5.162413024316795,34.404564963678,19.73726004913929,3.4031405631420117,35.37827678542917,23.288957419079125,2.7224022138884414,17.739713349971563,2.063303498786513,100.72027370947166,18.505618532153857,2.3888114914363405,110.6092985774264,19.124811742720226,4.044347648561762,120.3746034288296,19.791063150279193,5.996566483841784,130.08183422455625,19.37404661113975,12.499354511106535,138.3513497378464,0.9670764377606709,4.095199446542985,144.37452294863022,-5.500448834693201,6.638579455115584,115.5136661245135,-8.566105751786962,12.787181720521556,93.0057133058203,-11.263508385138081,16.44779061084379,82.8532543713282,-11.263508385138081,16.44779061084379,82.8532543713282,-5.38909415267244,15.17565630394286,88.47388445027619,-5.38909415267244,15.17565630394286,88.47388445027619,19.37404661113975,12.499354511106535,138.3513497378464,39.38123091172778,10.172238076160008,144.67765152487058,40.430235145864984,13.633258504968682,115.21296674209832,52.871438309627,31.64767017858216,123.84482274944554,59.740333525983914,39.57184147642971,127.5561902305692,59.740333525983914,39.57184147642971,127.5561902305692,53.47527201162041,34.47502381610254,129.13416510754993,53.47527201162041,34.47502381610254,129.13416510754993,20.44861992278981,9.182105774534527,142.4854736002386,21.180704435411386,11.107167956182261,149.6424771188677,22.29022632182136,14.447757541619705,156.20555062963567,24.086998543856293,18.822870496266432,164.70646450419093
4.21666498,17.3472,5.75007,92.4342,7.2381701907094325,3.784432345555104,92.04004300551296,2.749841910234954,5.545687417355823,47.59932977913966,0.8606017361353056,1.3678833545652784,7.768669422229941,2.027261752259837,2.027675944212193,4.408153392060864,-8.43339749499168,11.415803220672412,2.6197923116648907,-10.538120397155996,13.357699902923612,2.1494848957475936,27.45622980929057,7.715707654444897,92.82835699448705,28.791298496010207,12.341853754016615,48.38692963085303,30.79690899034341,6.615505064959982,8.754982455293266,30.691416552399286,6.177229299155732,5.16523656703804,34.40604407010783,19.736295664331188,3.4006338612002263,35.3798430088742,23.28762375790683,2.718095936804883,17.733398218951557,2.101023085658016,100.72687209692448,18.505913612137164,2.4451558206812116,110.61475213606212,19.13239513518919,4.116423882841456,120.37691188716626,19.814362559717374,6.085417659066414,130.07966216641543,19.439092074843085,12.607067059812808,138.33631420600912,1.0272090605859816,4.279785681686057,144.4505547605518,-5.537724064789829,6.6117288747936795,115.59383256894691,-8.6422643919342,12.665687305132337,93.06556324081463,-11.304948995135051,16.295405439762774,82.89286852417852,-11.304948995135051,16.295405439762774,82.89286852417852,-5.450088728789579,15.042187109159524,88.53809711398542,-5.450088728789579,15.042187109159524,88.53809711398542,19.439092074843085,12.607067059812808,138.33631420600912,39.46204814595899,10.19665108461324,144.58100105489638,40.454908526480004,13.379903876283125,115.08307143993667,53.63392734422704,31.14081220968071,123.12515452916908,61.403452091949696,38.30807618512218,126.5911714263766,61.403452091949696,38.30807618512218,126.5911714263766,54.69567000055372,33.89071735542852,128.38313993554158,54.69567000055372,33.89071735542852,128.38313993554158,20.522399043623377,9.296895811014469,142.4738302974607,21.27365328456879,11.224759688504973,149.62809262406213,22.372086458822178,14.561871668788552,156.19479953812854,24.122356259200807,18.93310682927065,164.70740191836737
4.22499831,17.3271,5.77854,92.4383,7.223506168473783,3.7850665865886173,92.04456119372446,2.729851950288934,5.551830722475202,47.60460486492576,0.8567066256150413,1.3703216520563757,7.773573141197367,2.023333596202045,2.027885877280854,4.412608897888028,-8.439819898876413,11.411786481914731,2.6166719889796344,-10.545724046591795,13.352450507910122,2.146564401567438,27.43069383152622,7.772013413411382,92.83203880627553,28.765555518573706,12.362826307066218,48.38694139945343,30.792281050213976,6.617315774557253,8.758841873609072,30.687501723318405,6.1774429935474835,5.169270440585063,34.40215421613663,19.735812285184764,3.399372135826659,35.375984708631826,23.286787283643775,2.71504447176097,17.721919640431103,2.1388141082022067,100.73466160244999,18.50096566314555,2.5016218634815215,110.62136160131726,19.13464608225109,4.188677248398838,120.38034066139643,19.832231552226972,6.174508672250948,130.0785480786731,19.498538893754525,12.714964973253355,138.3220984260877,1.082382576207788,4.464631473353506,144.5271103090831,-5.580438848622566,6.584943498191162,115.67649837071772,-8.724603559969555,12.544135841912833,93.12846614796157,-11.352955350518119,16.142941640116543,82.93587940450928,-11.352955350518119,16.142941640116543,82.93587940450928,-5.51752413792884,14.908924512136823,88.60540275702803,-5.51752413792884,14.908924512136823,88.60540275702803,19.498538893754525,12.714964973253355,138.3220984260877,39.53643722090635,10.221327311953795,144.48565183989655,40.46497201167762,13.124637468355267,114.95676200438015,54.365026777412034,30.593712979565158,122.40198735578699,62.94024438639739,36.913492980985275,125.60737103376718,62.94024438639739,36.913492980985275,125.60737103376718,55.86502001832779,33.22187610555875,127.61528431384286,55.86502001832779,33.22187610555875,127.61528431384286,20.59060855475058,9.411903890245094,142.46299185981047,21.360929528546475,11.342605568652592,149.61446080883238,22.448180203508517,14.6762389255125,156.18479459900814,24.15180293102776,19.043342610927066,164.70897288723737
4.23333164,17.306,5.80635,92.4431,7.202756076672706,3.809913282676521,92.05544361933187,2.718484291988025,5.560482107030423,47.613898668663445,0.8556312541695639,1.3708213672723568,7.783240864213106,2.022246320855968,2.0242411547134798,4.421464293534935,-8.438574948145485,11.408791562306021,2.6153654520089424,-10.544633715650555,13.34918161267425,2.1448198058203896,27.409243923327296,7.802786717323479,92.83075638066813,28.751002233330976,12.374740791710549,48.38392271583626,30.79153860598236,6.617308318894443,8.758262313480202,30.68760212048011,6.17677910254398,5.1687468781988475,34.405295991392386,19.734106438543588,3.3972535006388025,35.380042316167334,23.285017944652115,2.713900957858866,17.704552350649326,2.1775845069826674,100.744083072804,18.50700915612019,2.5581838325917285,110.62824142185424,19.170328364764867,4.260511576355101,120.38259772663707,19.90833173993146,6.266088400226845,130.0737478989433,19.651756410893015,12.833311600442276,138.29875794666248,1.2197555136885967,4.724372366803038,144.64158352132569,-5.596733844883668,6.6427763569968254,115.8127451715954,-8.85139057926289,12.410872993268477,93.23072194567536,-11.439797757837892,15.930613652649107,83.00037323219212,-11.439797757837892,15.930613652649107,83.00037323219212,-5.619768835972922,14.700668095780323,88.68658884800884,-5.619768835972922,14.700668095780323,88.68658884800884,19.651756410893015,12.833311600442276,138.29875794666248,39.72668034585753,10.197722752598121,144.28006961472562,40.5917007201169,12.84005742737969,114.72475657529795,54.965799733655544,30.338102198494553,121.12906832419392,63.672717692935564,36.72698755165228,123.79743569497285,63.672717692935564,36.72698755165228,123.79743569497285,56.666415052461616,33.13502160363842,126.190771169193,56.666415052461616,33.13502160363842,126.190771169193,20.749540268231524,9.537481752520042,142.4439000803066,21.555651271021414,11.470883282524655,149.59069342260054,22.634293005172076,14.802994762713642,156.16321779269163,24.274877475720604,19.17556758980266,164.6969526112337
4.2416649699999995,17.2812,5.83533,92.4492,7.178347211131182,3.8357441600814353,92.0676285057257,2.7033978642872736,5.570095444333408,47.62450804579405,0.8508860313998976,1.3723124470224741,7.794223117030377,2.017465419562596,2.0216108262501735,4.431635721965942,-8.441214179261701,11.406593358052822,2.615407507534841,-10.547466422998856,13.346668944809526,2.1444314058875973,27.384052788868814,7.8349158399185646,92.83077149427432,28.732585005256116,12.388120702962116,48.382218215382075,30.787014147040797,6.61881935832942,8.75900200838791,30.68392612722255,6.177632192126252,5.169542914297608,34.40441658003053,19.73398388404121,3.3964550440330967,35.38001371378051,23.28484929857733,2.7140778315838223,17.68355441986262,2.217529915975599,100.7547846529519,18.50940306760551,2.615935732710262,110.63631418317206,19.202314316548588,4.333543848168303,120.38593342718363,19.980690671317273,6.358820737558261,130.06982535202667,19.80111974472467,12.952423895380491,138.27574964033687,1.3550734432565115,4.985263170447031,144.7559282387376,-5.616826928551603,6.702206564816288,115.9515634266798,-8.984179675938883,12.279191201898026,93.33807895231324,-11.533775410385626,15.718013434364583,83.07053182190042,-11.533775410385626,15.718013434364583,83.07053182190042,-5.728959931777375,14.493579836243887,88.77346355714565,-5.728959931777375,14.493579836243887,88.77346355714565,19.80111974472467,12.952423895380491,138.27574964033687,39.91013820390481,10.174143904989382,144.07519148790675,40.70656637121285,12.552613837915214,114.49554807233315,55.521828068214084,30.037546468293677,119.84313201281455,64.3426491745157,36.474491492121,121.96617572449658,64.3426491745157,36.474491492121,121.96617572449658,57.42172697542988,32.99322529043882,124.74109415590864,57.42172697542988,32.99322529043882,124.74109415590864,20.904698540443388,9.66385574249267,142.42511831972075,21.746480009032503,11.599877650575209,149.5670882603649,22.816410527873373,14.930427142566543,156.1418278193702,24.393737448830343,19.307975679231767,164.6849331728096
4.2499983,17.2505,5.8665,92.455,7.148013398549891,3.863913889099575,92.07951611758993,2.682387963710183,5.582108891706319,47.63483029736245,0.840136194947456,1.3762236096852885,7.804924232886613,2.0066947246195976,2.021385325854001,4.441533473483327,-8.449703537938191,11.406941553257088,2.6151625700155883,-10.556119370820033,13.346734573189359,2.1437543989931305,27.352986601450105,7.869086110900426,92.83048388241006,28.708339740755115,12.40350488982792,48.380217668864326,30.776557192915927,6.622367008872118,8.759444063822805,30.674309691320502,6.180528105022749,5.170041094656111,34.39777671109057,19.73585620097086,3.3953764604549654,35.374270906690825,23.286663234121185,2.71397927900408,17.656602800109773,2.259671787435347,100.7651729052584,18.50583751734764,2.675872543503045,110.64398641529525,19.228351283127502,4.408747044435254,120.38875418383019,20.047122703831104,6.453651973690979,130.0651872162727,19.94465570548266,13.073254874147626,138.25148062052565,1.486083341482118,5.248890023931201,144.86853508710314,-5.642865033140406,6.76519502940043,116.09136295636111,-9.124843560903166,12.151353329588765,93.44899941945287,-11.63663515144667,15.507585874313746,83.14487078369392,-11.63663515144667,15.507585874313746,83.14487078369392,-5.846878737460675,14.289856993927856,88.86452180402253,-5.846878737460675,14.289856993927856,88.86452180402253,19.94465570548266,13.073254874147626,138.25148062052565,40.084743908056055,10.150904305838317,143.86946096834342,40.80753036025105,12.262621562684384,114.26768819015221,56.02966844850546,29.69238971799095,118.54567794170325,64.94575515005552,36.15636717572717,120.11693673234986,64.94575515005552,36.15636717572717,120.11693673234986,58.12678992320966,32.796402299031385,123.26826978618624,58.12678992320966,32.796402299031385,123.26826978618624,21.054001655675663,9.791943348394877,142.40505418141905,21.93140127220559,11.730478783729264,149.54205367569998,22.992632160267043,15.059403544901388,156.11902565672432,24.506635410649906,19.44139977528841,164.6713027617475
4.25833163,17.2273,5.89937,92.4607,7.125178889332878,3.8938091617873183,92.09130915057176,2.6688422565633045,5.595910896021538,47.6450717873061,0.8368004364670085,1.3819836269377488,7.815544807560414,2.0033325401303026,2.0230086786393127,4.4513540314875275,-8.450761344005269,11.409158722210474,2.6148711371352995,-10.557335352391144,13.348676672302815,2.1430381652451693,27.32942111066712,7.904930838212682,92.83009084942825,28.691554733273865,12.420644107698433,48.37812769916958,30.773504487796476,6.627748060880254,8.759790779248256,30.672091648482134,6.185264804061962,5.17044350612774,34.398548661427704,19.739567783704366,3.3942256516048515,35.37594238203735,23.29031657504401,2.713815367061106,17.63714718394815,2.303510387511772,100.77544123996567,18.509763572912966,2.7374866583786965,110.65145178443323,19.26187495698582,4.485603976799386,120.39125636909435,20.121043123225064,6.550057489565603,130.0600329616188,20.095700500581874,13.19525791206723,138.22616490044157,1.6262547281517143,5.514395356222848,144.97960195852463,-5.661391672731976,6.830849443206408,116.23236069588256,-9.260045560793582,12.02641544985314,93.56371966240825,-11.735135893499141,15.298352776058826,83.22366091938395,-11.735135893499141,15.298352776058826,83.22366091938395,-5.9602338408582085,14.088629489647255,88.96000353523955,-5.9602338408582085,14.088629489647255,88.96000353523955,20.095700500581874,13.19525791206723,138.22616490044157,40.263862091017685,10.127709667154617,143.66311208311708,40.90837618004161,11.969944625366795,114.04154065978118,56.50097414261272,29.303423306018317,117.24043231862528,65.49264035572313,35.7739723352911,118.25551596180446,65.49264035572313,35.7739723352911,118.25551596180446,58.79233178663384,32.545038795616165,121.7766527142063,58.79233178663384,32.545038795616165,121.7766527142063,21.21082757694552,9.921202951302444,142.38391462949602,22.12376942865216,11.86214267791996,149.51580089159668,23.1762754879532,15.18936071104973,156.09503813140273,24.626846091585683,19.575256673882265,164.65630567852952
4.26666496,17.1968,5.92485,92.4659,7.087715947171976,3.9530942114718073,92.10510430536979,2.6594500326568475,5.609506929526586,47.654335356477475,0.8342549999082662,1.3853883558450546,7.825573574846501,2.000334341729558,2.021376116970193,4.460269965976025,-8.450890400901887,11.408594100589116,2.6129473338866043,-10.557518768917289,13.34791186931074,2.1405345949671815,27.305884052828024,7.896605788528193,92.82669569463022,28.68213782493971,12.424177973733247,48.37637378451908,30.76686478901069,6.629736143448574,8.758408957300581,30.66547654338027,6.186561082829161,5.169146340426057,34.39883511853444,19.738630544332032,3.390380459281449,35.37807999289538,23.288866136522397,2.7099538757453754,17.599016855409694,2.3402974808792,100.78589445873548,18.505629293690912,2.788303229434577,110.6582155524001,19.304552350779765,4.547396227502311,120.39231503891659,20.220735970986084,6.624082228557283,130.05323434649225,20.308750282161096,13.289928626495806,138.20208623041543,1.8125286493105826,5.8161847745406074,145.1127972635751,-5.670923733143417,6.948689246895463,116.40805731178943,-9.39840359547878,11.913367678322139,93.70851184963512,-11.87946508919818,15.048929611203022,83.32771004725419,-11.87946508919818,15.048929611203022,83.32771004725419,-6.09315999095408,13.851898568561067,89.05521742365711,-6.09315999095408,13.851898568561067,89.05521742365711,20.308750282161096,13.289928626495806,138.20208623041543,40.506550801114386,10.014221631388747,143.40243109578512,41.201646734483184,11.782879439488491,113.77751906483958,56.831443633631224,29.269321672269996,115.71279402488474,65.85513373796084,35.76560632888768,116.05886250377512,65.85513373796084,35.76560632888768,116.05886250377512,59.3506250407924,32.649632336759126,120.02126372558527,59.3506250407924,32.649632336759126,120.02126372558527,21.425201373145242,10.017082549162343,142.36043236890885,22.406552010273654,11.964651631054242,149.48141805213882,23.46150165070705,15.302619591325492,156.05481615774994,24.83386970432061,19.72129403391263,164.6121207907666
4.27499829,17.166,5.95346,92.4743,7.050044883699401,4.015691718524927,92.1220486943944,2.6497239710219533,5.626394413387525,47.666824986215666,0.8312519735640203,1.3920813089344062,7.838838195292908,1.9968734043721539,2.0230141216934108,4.472424627499311,-8.451371806783042,11.411414947722339,2.614290365022063,-10.558030786166086,13.350559854264349,2.1413048885886226,27.2819551163006,7.8912282814750725,92.8265513056056,28.672522491026864,12.430648377214583,48.3778832735853,30.76002837090281,6.634717929218044,8.760282524253313,30.65866504706799,6.190861035455054,5.171103456828531,34.399119933945634,19.740644167486987,3.389829947752503,35.38026739985758,23.290353453687835,2.709398280945288,17.560577107890552,2.3802274294943664,100.7995279763083,18.501236864403552,2.8420093571091387,110.66802815182663,19.347016825806797,4.611744803815459,120.39623825163224,20.32027037641974,6.700212765712244,130.04903360524614,20.521820832713782,13.385574480276741,138.17986123255463,2.0019043873567384,6.1199954487133885,145.24732506572002,-5.681219164354002,7.070995075190437,116.58878473583601,-9.543226438377806,11.80613063009832,93.86270074998323,-12.034298489072619,14.803900477256391,83.44366064004119,-12.034298489072619,14.803900477256391,83.44366064004119,-6.235469417732315,13.620242978542073,89.16127264864058,-6.235469417732315,13.620242978542073,89.16127264864058,20.521820832713782,13.385574480276741,138.17986123255463,40.74395795674653,9.899967979237513,143.14380183420667,41.488921944625,11.59705444264804,113.51591551350413,57.096682117656016,29.197280008211543,114.18028338030076,66.11860220164104,35.697073469710894,113.85454761790731,66.11860220164104,35.697073469710894,113.85454761790731,59.83150770061086,32.710191825220214,118.24425507179132,59.83150770061086,32.710191825220214,118.24425507179132,21.63953143552582,10.113841366964142,142.3387448009676,22.68928173328599,12.067290780264319,149.44835598615413,23.746774106482743,15.415487965299938,156.0161407720047,25.04085610975574,19.865390324408015,164.56945949923622
4.28333162,17.1371,5.97947,92.4826,7.014400481128321,4.075693637687163,92.13884889391599,2.6418653356113113,5.64045544425945,47.679242967413316,0.8300661134645801,1.3957803542773464,7.852055059539204,1.995213789013251,2.0216488924265286,4.484532333451296,-8.450102788728097,11.411161323931076,2.6155810528173213,-10.556801927438912,13.350122837419528,2.1420229538836395,27.25979951887168,7.883246362312837,92.82635110608402,28.664796094089358,12.434371368611824,48.37933379276289,30.755190201955635,6.63683792990695,8.76211988023622,30.653859872798446,6.1922879237225015,5.173025663028444,34.40137076085629,19.73978695432851,3.3892114463519087,35.3844106218334,23.288969874166945,2.708765377322772,17.52409053839688,2.4176063552214346,100.81305428855451,18.49883917708163,2.8929624141822985,110.67760094559819,19.391487492618285,4.67305737309867,120.39973136862842,20.421824747600827,6.772908371375099,130.04412922263842,20.736957252930242,13.476684050129387,138.15616502747972,2.1965772933333056,6.419987219110071,145.3798988008727,-5.69004950047594,7.191686639711109,116.7712931120347,-9.69228007530457,11.698621752347961,94.023080246924,-12.197447798138633,14.557220510652387,83.56836797683475,-12.197447798138633,14.557220510652387,83.56836797683475,-6.384950137466928,13.387699300957404,89.2749993683409,-6.384950137466928,13.387699300957404,89.2749993683409,20.736957252930242,13.476684050129387,138.15616502747972,40.978180207983705,9.779919562892024,142.8839355855459,41.77325029061673,11.407102549189498,113.25343000881291,57.29929014748191,29.08150648157853,112.6459481261324,66.28560071796011,35.56237129587689,111.64941693215742,66.28560071796011,35.56237129587689,111.64941693215742,60.236146563233774,32.72023030733339,116.44992625772582,60.236146563233774,32.72023030733339,116.44992625772582,21.855919319672076,10.206004289780731,142.31554056840392,22.974014794231678,12.164631075184978,149.41329761748403,24.03408938080756,15.522597603091995,155.97567631509452,25.249735175641156,20.0022541906551,164.5249700078744
4.29166495,17.1034,6.00588,92.4913,6.974082580343408,4.136100109402541,92.15599926549608,2.6291790531152754,5.654750964777095,47.69208563693037,0.8240043693704533,1.3996071384164308,7.865714033831111,1.9886623768760954,2.02040782051786,4.49708403303622,-8.453762821193223,11.410980718527483,2.6173346800920383,-10.560508853315104,13.3497525876443,2.143209084326539,27.232717419656595,7.8756598905974595,92.82660073450391,28.652266807169283,12.438423311538667,48.381239089547826,30.74567098097726,6.639171634905623,8.764435601051282,30.6443840749573,6.1939178989535515,5.175427393079388,34.39891237847708,19.73913528531372,3.389044406618991,35.38383508158111,23.287792114619677,2.70857721686592,17.482855375710137,2.4554196891244997,100.82696722903707,18.49173115739724,2.9441288328589423,110.6874292907437,19.431252336934865,4.734279281384202,120.40329468530558,20.51868214696588,6.845093851239149,130.03902700310812,20.947425754418266,13.566161090343062,138.1315220344636,2.389795338265305,6.718997225299753,145.5109318470922,-5.704116952995058,7.313830355803136,116.95604646808498,-9.852238291965989,11.594087617852615,94.19019508124141,-12.37560645659229,14.312278199313129,83.70246349145167,-12.37560645659229,14.312278199313129,83.70246349145167,-6.548274641101564,13.157592016971462,89.39697439988294,-6.548274641101564,13.157592016971462,89.39697439988294,20.947425754418266,13.566161090343062,138.1315220344636,41.202453310898704,9.657009607038006,142.62344614410654,42.04700432086155,11.216224246951443,112.9906551021164,57.43240400149531,28.924621969580144,111.11618744319215,66.34972981815464,35.36387945054051,109.4531407798959,66.34972981815464,35.36387945054051,109.4531407798959,60.55688805448481,32.68142619942851,114.64601855724105,60.55688805448481,32.68142619942851,114.64601855724105,22.067629231623943,10.296465628136216,142.29133727628385,23.254002907933888,12.2595484194625,149.37676845279367,24.316700831972494,15.626798604112269,155.9339637997938,25.453778171030365,20.134698577733825,164.47922175021424
4.29999828,17.0697,6.03327,92.5003,6.928084087621789,4.2296810488545065,92.17431167029642,2.6223053145131683,5.692562526595175,47.70472263251544,0.8269283165035581,1.4066077650151536,7.881212077735022,1.9916704459670815,2.0219333483510353,4.511606753376525,-8.446131660573233,11.415052184223656,2.6189454736231803,-10.552550151337357,13.353933799121103,2.143814428458108,27.21131591237821,7.836858951145493,92.82628832970357,28.658372049441404,12.42421107331003,48.384344950802365,30.74419593834172,6.641598901856411,8.764709479624074,30.643194039422216,6.196040887889003,5.175731001532561,34.40654730851792,19.73870397423054,3.388551743083937,35.39379995928273,23.286604751954844,2.70751878163411,17.43220611548949,2.4877507428971515,100.83882417806925,18.482868590260985,2.9863563788420047,110.69442562213703,19.482613610348896,4.785444219851893,120.40262689093754,20.64782600572915,6.905874533888378,130.02714944519275,21.20346728349325,13.639394696612175,138.10155411269838,2.6414251864679237,6.986056686986128,145.6453380013,-5.67262937143343,7.498404990847447,117.15216833445228,-10.013719082267986,11.56190652706574,94.38257462644691,-12.557632709168614,14.090190065841838,83.85239197668784,-12.557632709168614,14.090190065841838,83.85239197668784,-6.713701350222067,12.948071256322379,89.53240796703743,-6.713701350222067,12.948071256322379,89.53240796703743,21.20346728349325,13.639394696612175,138.10155411269838,41.50062689298607,9.604553674543942,142.28130991338924,42.274323525221796,11.252813243531836,112.65140347488513,57.45850207032469,28.964528753159797,109.5615235651732,66.24096282236391,35.375558217552125,107.21300378104361,66.24096282236391,35.375558217552125,107.21300378104361,60.73291402732477,32.86426520448788,112.78735187097902,60.73291402732477,32.86426520448788,112.78735187097902,22.335487033145235,10.369171291930199,142.25775397096652,23.597709909351902,12.336990436695766,149.32875055750046,24.66957142098636,15.723005500309727,155.87478190415288,25.733540126022724,20.285993380584543,164.4001940751607
4.30833161,17.0322,6.05983,92.5094,6.878753610847186,4.32236381494943,92.19267853182096,2.611581480170665,5.728865119205191,47.71754954563021,0.8257557557494204,1.4116883713312145,7.896982107438035,1.9905313677182572,2.0215251637076506,4.526390660224855,-8.442812800231287,11.416992176045428,2.6208487181029065,-10.54893809053675,13.355947412960026,2.1447193914728504,27.185646389152815,7.79729618505057,92.82612146817904,28.660538063075986,12.408871604417437,48.3876002399509,30.73920189276796,6.642623527713928,8.765203549555672,30.638514362789564,6.196727604448271,5.176258204398975,34.410481667010245,19.736876335162663,3.3881877343045725,35.40001036777753,23.284029665596364,2.7065648030948752,17.377845760939366,2.5193896431766993,100.85079760724913,18.470383777907436,3.027440536869582,110.70136226168887,19.530391470972972,4.834815367735917,120.40162818339394,20.77340759177628,6.9639596172162666,130.01448596496584,21.45587102674986,13.708488808669664,138.06995686315403,2.8926853932791765,7.249019484938389,145.77764030457024,-5.643498105654119,7.681683115505687,117.34890316949296,-10.184507005429836,11.532146317659056,94.58127980777556,-12.756989033405171,13.868347962228858,84.01373709801956,-12.756989033405171,13.868347962228858,84.01373709801956,-6.894254727297355,12.7401696373329,89.67713809715298,-6.894254727297355,12.7401696373329,89.67713809715298,21.45587102674986,13.708488808669664,138.06995686315403,41.789433330078694,9.546721804549087,141.93659989038804,42.49226863428437,11.290169923613833,112.31037615479711,57.421937629166194,28.96724127648021,108.01646950363029,66.03520583796369,35.32462767960066,104.99261274187694,66.03520583796369,35.32462767960066,104.99261274187694,60.82882318493945,32.99988020882909,110.92621869620129,60.82882318493945,32.99988020882909,110.92621869620129,22.5997070720495,10.437435417664993,142.22226657061447,23.937708038434923,12.409030932196382,149.2782623219972,25.018712753071462,15.812955226812052,155.81349297637803,26.009160534639918,20.428813086186636,164.31927982419145
4.31666494,16.9951,6.08555,92.5174,6.830259532202225,4.414313502031735,92.20989123251613,2.601217014160131,5.764050552449966,47.72936165467363,0.8246358187157306,1.4154144129661894,7.911803936094643,1.9894165728899484,2.0197455165534017,4.540222770596412,-8.439471720542862,11.417546071077465,2.6218394146200166,-10.545304133305237,13.356576233195073,2.144720808131484,27.159940467797774,7.756786497968264,92.82490876748386,28.663079591929034,12.392345985047509,48.389829570240884,30.73489929853094,6.642423231858386,8.764702048355304,30.634546664697172,6.196183352731991,5.175790073569646,34.415194423176544,19.73379341403602,3.3868302209220547,35.407017932223305,23.280192433197307,2.704617832150036,17.323911509338856,2.550290739634253,100.86167515772487,18.45841703309645,3.067282704798445,110.7070291668461,19.578752941115813,4.8822434913542585,120.3990951920477,20.899621545909046,7.0191481420394535,129.99984118822692,21.70893540841274,13.773209499088319,138.0355557179485,3.1477274054146243,7.507899031889259,145.90654238157873,-5.612298288914541,7.86403480388149,117.54491621546123,-10.359754775927723,11.505644572468235,94.7850428098983,-12.968680174352839,13.648064841100712,84.18541996335941,-12.968680174352839,13.648064841100712,84.18541996335941,-7.084986132546907,12.534923394299945,89.83002901054734,-7.084986132546907,12.534923394299945,89.83002901054734,21.70893540841274,13.773209499088319,138.0355557179485,42.07305554973969,9.482980139249866,141.58823523481772,42.705377757982866,11.327787709866481,111.96656115497613,57.32906619601776,28.932229653982876,106.48542417953755,65.74014747236913,35.210700035056064,102.79991440917169,65.74014747236913,35.210700035056064,102.79991440917169,60.85041741276511,33.08698001821616,109.06879820040936,60.85041741276511,33.08698001821616,109.06879820040936,22.8645254299338,10.500992613325389,142.18369210031216,24.27826046534448,12.475364288669937,149.22412683403064,25.36845694711686,15.89629845115089,155.74894043976695,26.28508117291912,20.5627498524883,164.2353750170219
4.32499827,16.9445,6.11898,92.5238,6.768697109117403,4.514112391394178,92.2254540686499,2.5772800516844994,5.806724792331667,47.73966669243721,0.8095908829605596,1.4264045920369846,7.92518629100956,1.9743429924259932,2.0252067305611514,4.55260888404101,-8.450072108715489,11.42535025065474,2.621434992146267,-10.555608091237639,13.36446143450068,2.143338424611966,27.1203028908826,7.723847608605821,92.8221459313501,28.652103600514366,12.383145268243268,48.39052842585218,30.717369209207238,6.6493626209738075,8.762720081087238,30.61737121978222,6.202760075150335,5.173843319233336,34.406795619182745,19.73779230686948,3.383947733577064,35.400940510412,23.283425488504086,2.7011337793154144,17.25649561062217,2.5890028187414034,100.87095656935018,18.433058541059765,3.114423850866455,110.71092666331494,19.613785258941192,4.9362594520124095,120.39453025394576,21.012549352400328,7.079958094077433,129.98272060370718,21.9487388901948,13.842060177842278,137.9978666600225,3.3926705377080424,7.771157244591881,146.03163624303215,-5.593007878698916,8.054031192890756,117.73986557793783,-10.553385564679637,11.491238000136164,94.9936183090662,-13.20664545791332,13.438553613502412,84.36739439500522,-13.20664545791332,13.438553613502412,84.36739439500522,-7.299797258743529,12.341389910915213,89.99090992494321,-7.299797258743529,12.341389910915213,89.99090992494321,21.9487388901948,13.842060177842278,137.9978666600225,42.33752921356566,9.421865593660803,141.23578232099823,42.899759923030956,11.374058336952599,111.61957794294916,57.167909578673815,28.868441214335384,104.97292650153035,65.34530196437241,35.04320958420794,100.6426897667081,65.34530196437241,35.04320958420794,100.6426897667081,60.78530958594098,33.13392925347057,107.22141828223985,60.78530958594098,33.13392925347057,107.22141828223985,23.11600185012632,10.568338076618106,142.14154472163978,24.60541333945899,12.54447080606493,149.165864215623,25.704856181355872,15.981506731074596,155.68065669045248,26.547375732266236,20.69626151966215,164.14805230989913
4.3333316,16.9084,6.13979,92.5292,6.7203818749207365,4.611041871054889,92.24850327521821,2.563115760176358,5.847039757437172,47.75790258331862,0.796216442201273,1.4268872980200946,7.9477895625590875,1.9637692451043678,2.0202405934906347,4.575217522885602,-8.45248011079131,11.425271443465643,2.623883346784229,-10.557522926586048,13.364728136152005,2.1450172216876164,27.096418125079264,7.66853812894511,92.8098967247818,28.646538284207324,12.371326503650911,48.38349678910169,30.710601397264266,6.644857517615955,8.75456826324703,30.61045243118449,6.200249672410268,5.165448051805972,34.40936153539385,19.733603225455028,3.382980036315647,35.40601422172788,23.27896689174546,2.7024262058431088,17.20781889629268,2.611519779643635,100.87753878871655,18.428550894324722,3.1413407145455645,110.7118909385188,19.669939348554667,4.9683907470884545,120.38692178729079,21.145328210936324,7.110901487169237,129.96388657128153,22.186214033553014,13.873918885243594,137.96533607269183,3.6559430569904237,7.926335659633291,146.14948539620744,-5.517033002745459,8.293307631277665,117.91885374511716,-10.744180506450196,11.56603519507583,95.20811431400948,-13.416030303904725,13.31858406412692,84.55268133583849,-13.416030303904725,13.31858406412692,84.55268133583849,-7.502405460108543,12.213862571189575,90.16758849300884,-7.502405460108543,12.213862571189575,90.16758849300884,22.186214033553014,13.873918885243594,137.96533607269183,42.61906385042343,9.413841732294408,140.85174369999595,43.02093506383603,11.753592887544395,111.26102242289058,56.94180233473729,29.008964748115552,103.36969182410311,64.9131965437555,34.96729917894342,98.39942160954678,64.9131965437555,34.96729917894342,98.39942160954678,60.68117151774186,33.33958680169952,105.26666758955399,60.68117151774186,33.33958680169952,105.26666758955399,23.369514766522887,10.596933836292347,142.10187997507012,24.926384115393844,12.59440206163062,149.1055068941607,26.051922673066727,16.063257838537353,155.59894312290064,26.876356037460962,20.837542648918426,164.03470359030595
4.34166493,16.8718,6.16358,92.5338,6.6721557762196575,4.7111232865652966,92.27073724341375,2.548334955457385,5.889890881248759,47.775471078955626,0.7816912709938109,1.429511101346007,7.96983376461057,1.9519968043831488,2.017366167718463,4.597252968979643,-8.456041706681791,11.427288225828775,2.6257910209628594,-10.560585407470743,13.367098062566894,2.146162108507018,27.071444223780343,7.616036713434703,92.79686275658625,28.640378392089296,12.362087190902699,48.37572417717972,30.703470597642827,6.642757674348278,8.745714082272436,30.603195292267966,6.20013181688244,5.156352431918071,34.411698030596725,19.731761954653294,3.3812880086607233,35.41088877029462,23.276843289529292,2.702988801514069,17.158633758192163,2.6371032270638386,100.88333836565849,18.423613778344944,3.1707923580072004,110.71188762282392,19.72574571997033,5.002338356659613,120.37807977391523,21.27774396386277,7.142728469672907,129.94340311688015,22.42334856753452,13.905572409927077,137.9306788525621,3.9207764996922094,8.081106158018338,146.26467000894556,-5.438179222785431,8.534752496913647,118.09640995575964,-10.938391921544873,11.649713811905077,95.42801392704794,-13.638949596294689,13.20391132914524,84.74906645299329,-13.638949596294689,13.20391132914524,84.74906645299329,-7.715962964297428,12.094704244254514,90.35321132565441,-7.715962964297428,12.094704244254514,90.35321132565441,22.42334856753452,13.905572409927077,137.9306788525621,42.89407201929314,9.405006247131936,140.46432729224804,43.13754931035075,12.135901725795117,110.90540900464225,56.64366308814573,29.11884629269322,101.79629342194582,64.37300620338276,34.84186469259186,96.2058751699522,64.37300620338276,34.84186469259186,96.2058751699522,60.4843313355409,33.503095748648626,103.33359964840338,60.4843313355409,33.503095748648626,103.33359964840338,23.622577199988648,10.624966782287519,142.05975919750597,25.246894771070824,12.642919465139991,149.0421635756942,26.39849369819173,16.14277988070835,155.51435860405138,27.204618088784706,20.975073969275,163.91880015568913
4.34999826,16.8382,6.18462,92.5366,6.62754690337098,4.808431707890893,92.29115360063352,2.5364447808797426,5.929276860008631,47.791370547023895,0.7696128416718588,1.4282357640134498,7.990318882014371,1.9426124578561814,2.010564726786593,4.617715329394083,-8.457379984277622,11.425145659863073,2.626137046194428,-10.56146168402405,13.365268521085133,2.145747861204055,27.04885309662902,7.560808292109106,92.7820463993665,28.637032783523853,12.349894291649306,48.36621090321553,30.699516622134617,6.637475442640819,8.73517242326951,30.599150739256597,6.1968086771404325,5.145572259610953,34.417132720460586,19.72672983257229,3.3778595796204196,35.41883342509509,23.271530812827255,2.7018009073750404,17.11250541554226,2.6600293739438694,100.88735567911202,18.421794864587024,3.197068019607289,110.70991795542689,19.784711104124217,5.032407584399974,120.36700690843506,21.41325282577967,7.169767518332085,129.92027459096386,22.663463831585904,13.931365810304332,137.89290293580467,4.190597161580566,8.229439595149834,146.37619376361081,-5.353085983133038,8.772095006745534,118.27156142697322,-11.13246191306764,11.736163357062747,95.65244086681129,-13.87192082915043,13.088915827217996,84.95599816690178,-13.87192082915043,13.088915827217996,84.95599816690178,-7.936842584520651,11.978222127182129,90.54704068941822,-7.936842584520651,11.978222127182129,90.54704068941822,22.663463831585904,13.931365810304332,137.89290293580467,43.16591368402952,9.390090621820598,140.07266405815201,43.25320909156358,12.51562834275678,110.55199138446741,56.27930468885196,29.19461629833636,100.25909594596538,63.732315952874714,34.66480839507232,94.07216760033043,63.732315952874714,34.66480839507232,94.07216760033043,60.19995165591549,33.62079756846919,101.43090353942127,60.19995165591549,33.62079756846919,101.43090353942127,23.878566011527997,10.64680278972646,142.01418908798487,25.570274918692018,12.684416938486542,148.97484717876154,26.747833056739186,16.214499036680998,155.42592373341705,27.535339521927977,21.10330752888377,163.79938929913428
4.35833159,16.8012,6.2155,92.5388,6.580110453537404,4.915889110169839,92.31095174297822,2.5210331025918666,5.978176734613468,47.80679982080365,0.7534053286233726,1.4360384389006375,8.010452608461236,1.929059391699117,2.012768411311486,4.637811224249676,-8.462715024704313,11.432147761428917,2.6261258270852763,-10.566302508175292,13.37261874875164,2.1449789351250237,27.0222895464626,7.51511088983016,92.76664825702177,28.630295181987965,12.34688283964691,48.35614949883304,30.69233069962166,6.641153583242201,8.724124028682965,30.591893544390384,6.202433039765156,5.134287471654184,34.41970470960638,19.73053167913008,3.3738983422113185,35.42400891479807,23.275021331515063,2.7000735970660585,17.06291656023974,2.6928945406325364,100.89079725659862,18.4165876911549,3.2327400847043166,110.70718764707682,19.84037672199639,5.071145990944661,120.35490590374022,21.54545082375272,7.204529876181349,129.89570118223415,22.900362628337138,13.963783517022218,137.85319739439643,4.459008429699267,8.384419080917198,146.48523867381047,-5.2680844957198865,9.01866434784151,118.44547908494016,-11.33225929631421,11.83914673237973,95.8826298555909,-14.120731179777383,12.987994127454218,85.17501410562912,-14.120731179777383,12.987994127454218,85.17501410562912,-8.170785862098617,11.878411845586148,90.75045387574241,-8.170785862098617,11.878411845586148,90.75045387574241,22.900362628337138,13.963783517022218,137.85319739439643,43.42822825623669,9.38106802733111,139.6781468028583,43.361947945164296,12.904441146819233,110.20225546058957,55.84630014830807,29.249632013184048,98.76603283902595,62.991055424020786,34.45067237483483,92.0095461752695,62.991055424020786,34.45067237483483,92.0095461752695,59.82540480001654,33.70585937266922,99.56880939811805,59.82540480001654,33.70585937266922,99.56880939811805,24.131166691378205,10.674894519466145,141.96636619863438,25.89026036466478,12.73130454502449,148.90475785361366,27.09378449302836,16.29078816013375,155.33485253166586,27.86251231642727,21.234583531062096,163.6777228620929
4.36666492,16.7709,6.25231,92.5404,6.541777897085703,5.014647870414942,92.32867313193373,2.499135249073321,6.025801325106459,47.82183420394944,0.7342735224347978,1.432340457988385,8.031255419039802,1.9137667347801324,2.004725442153416,4.659214340474229,-8.46821489646132,11.43065393728428,2.6277394050529073,-10.571179840955953,13.371775273739667,2.1464944733555997,27.0000221029143,7.489972129585057,92.75212686806628,28.621773675317762,12.360360179035506,48.346346339680366,30.68334230717769,6.636767798804553,8.716872400059444,30.57997239582814,6.201614064942404,5.126684976966686,34.42150796667916,19.727171234453518,3.3766939163686756,35.42910215566768,23.2705595120843,2.7019887334440678,17.024844703024314,2.725010583622974,100.89065591640953,18.414585458616326,3.255922309113062,110.70249225892888,19.88572621861622,5.08887846723212,120.344141268672,21.64867908345636,7.210863229071347,129.87695601077593,23.07747655533695,13.961647912389537,137.82871592225615,4.673846238911938,8.429682679686,146.57106919128628,-5.214856435773868,9.227434498076407,118.592079340187,-11.491628474503017,12.02059402970321,96.08403866924652,-14.343403445712521,13.021718021586954,85.37826494207847,-14.343403445712521,13.021718021586954,85.37826494207847,-8.371671487441423,11.8993577436988,90.92779425355583,-8.371671487441423,11.8993577436988,90.92779425355583,23.07747655533695,13.961647912389537,137.82871592225615,43.636890964254064,9.406349572337689,139.3402466151409,43.49174170633224,13.404395373784226,109.92526262564226,55.40273023161699,29.451968638679574,97.49886946840024,62.255922236737355,34.39747241368424,90.26532175077006,62.255922236737355,34.39747241368424,90.26532175077006,59.455990465280514,33.88692949705431,97.98660912783546,59.455990465280514,33.88692949705431,97.98660912783546,24.32283232627762,10.666577029058391,141.93254632440585,26.151142312685916,12.749921639537087,148.84496047071457,27.409571911687685,16.351970417646545,155.24074901060365,28.233605524988533,21.366729340463664,163.53585009718338
4.37499825,16.7415,6.29053,92.5401,6.504751994664746,5.11481032917159,92.34452816948289,2.478012740251403,6.074593698679628,47.835110187323394,0.7154742883058562,1.42965341316736,8.050404989981054,1.8987641840630767,1.9976844618762473,4.678957883188253,-8.473533876818223,11.429994756310716,2.627734724742653,-10.575903609282605,13.371738219684548,2.1463989631763267,26.978248005335253,7.466249670828411,92.7356718305171,28.61401424659406,12.375163271454024,48.334647762196894,30.675225762453795,6.633579392795561,8.707757884978221,30.56894636032682,6.201988201937701,5.117225392957376,34.42419687139421,19.724981569670145,3.3776119665953583,35.435072648939176,23.267266218799303,2.702020931636495,16.987658181889408,2.758570357290081,100.88861904149815,18.41341622070405,3.280206185415677,110.69578423425243,19.93188231316827,5.107282266937315,120.33121015938765,21.752621445961942,7.217338814295699,129.85580723315744,23.255211609524974,13.959091026844732,137.80162636342675,4.890142921538374,8.473923607779577,146.6538678485174,-5.158349561950507,9.436632171378044,118.73706801990448,-11.650615902710943,12.206677917702446,96.28737255284081,-14.573188225345609,13.059849015283547,85.58788046545244,-14.573188225345609,13.059849015283547,85.58788046545244,-8.577601628803935,11.92567600973543,91.10921578497614,-8.577601628803935,11.92567600973543,91.10921578497614,23.255211609524974,13.959091026844732,137.80162636342675,43.84152097208526,9.431998506651702,138.99924440878794,43.61763562666271,13.907107851207856,109.6535463706364,54.89238962603061,29.64410512720132,96.2730254080912,61.42433200411203,34.32797876445952,88.58254315074963,61.42433200411203,34.32797876445952,88.58254315074963,58.999815790800085,34.05276982579656,96.44158456336679,58.999815790800085,34.05276982579656,96.44158456336679,24.515051252392013,10.657634610439832,141.89589268315237,26.412397508710466,12.767327791823831,148.7816594063689,27.725391636475987,16.411322531459476,155.14262319029828,28.604204721302402,21.49611793121427,163.38932457879116
4.38333158,16.7082,6.33296,92.5386,6.464233140278209,5.219164276254486,92.35922086886208,2.4528695806484704,6.127189509251173,47.84732858355572,0.6921888789438198,1.4304754003428908,8.068619960275527,1.8792348212981562,1.9941272850051615,4.69775830080969,-8.483420154933132,11.432725489719527,2.626814850700152,-10.585208108331125,13.375077500244872,2.1453936722511546,26.952166859721792,7.446755723745514,92.71797913113792,28.60220947181543,12.39395306917131,48.32173266757203,30.663169391430934,6.634253391938026,8.697458749583113,30.55400264491739,6.206220456931989,5.106586951313818,34.42294419141061,19.726631755135855,3.3773297011570245,35.43708937526415,23.26781169726072,2.700847784799157,16.94656087788288,2.7964026620121682,100.8853987421238,18.408276837607517,3.3084730462175465,110.68777342457223,19.974033064004793,5.129287067360118,120.31681401958006,21.85245377850782,7.226936649953068,129.83294668408058,23.428725788606013,13.959135105349223,137.77258850555734,5.1030214744603235,8.520164323001174,146.73423718530742,-5.103335943495207,9.649222130580712,118.88101083064453,-11.813758190244812,12.400463083741137,96.49323718680085,-14.814493319262784,13.10577613949468,85.80461786484327,-14.814493319262784,13.10577613949468,85.80461786484327,-8.793009168477889,11.960624750556123,91.29541996217134,-8.793009168477889,11.960624750556123,91.29541996217134,23.428725788606013,13.959135105349223,137.77258850555734,44.03727624351056,9.461092985613268,138.65590842310402,43.735033748120884,14.41531637474392,109.38799012124026,54.3141449332228,29.83013564933661,95.09543067567918,60.497333687262426,34.24712905643563,86.97097334583704,60.497333687262426,34.24712905643563,86.97097334583704,58.455475316020404,34.20754701805405,94.94266064576234,58.455475316020404,34.20754701805405,94.94266064576234,24.702979259610586,10.65111219881995,141.85708230938548,26.669162199864676,12.786607037827737,148.71552950540038,28.03635855534647,16.471965201906237,155.0411457465675,28.969393440126243,21.625913450232375,163.23881638180043
4.39166491,16.6851,6.37294,92.536,6.4343031589635515,5.321217476400381,92.37284771791232,2.4378105399550494,6.177254800522383,47.85858765334514,0.6784844002209742,1.428580053780351,8.08598855077576,1.8692482996870072,1.9878187607729987,4.715703214497889,-8.483712106869689,11.432716225095797,2.6250851937446567,-10.584912533891695,13.375684766838773,2.1435872226381183,26.935896841036445,7.424662523599618,92.69915228208768,28.600553905225627,12.40996101320334,48.30771371474454,30.661274613920654,6.631926547862946,8.68609679205833,30.549236490582896,6.2074439539252975,5.094892003973567,34.432023274729886,19.725201388201388,3.375949963959714,35.449472287920365,23.265260957678738,2.6985657526663416,16.91559392882139,2.8318285228036557,100.88108867594256,18.41321573622606,3.3339850737838796,110.67855501988545,20.026255051947864,5.148096540476269,120.3010538010104,21.96228616347178,7.232796094372249,129.8084819677439,23.61224359501688,13.954864482348357,137.74173343277772,5.326641237856542,8.561769706600852,146.81235987286536,-5.0357043393648055,9.858721811116382,119.02411719692714,-11.966797650331863,12.595692031354982,96.70192102880347,-15.052971793536344,13.153623706869569,86.02893165215094,-15.052971793536344,13.153623706869569,86.02893165215094,-9.003565738950268,11.998091474624907,91.48676843981188,-9.003565738950268,11.998091474624907,91.48676843981188,23.61224359501688,13.954864482348357,137.74173343277772,44.23831099360899,9.486425797939654,138.31040577465419,43.858305311836524,14.921643546008161,109.12889235686,53.68662042473454,30.00410619822576,93.97187930593068,59.49602976046553,34.14986235649911,85.43888862991773,59.49602976046553,34.14986235649911,85.43888862991773,57.841623929087156,34.345386750698545,93.49762688786717,57.841623929087156,34.345386750698545,93.49762688786717,24.90078467927072,10.640058702013121,141.81623359903688,26.935631102779087,12.800753405561194,148.64670283132938,28.35672131863077,16.526839005961904,154.93648026772544,29.343495101284187,21.74900214823461,163.08453709765467
4.39999824,16.6582,6.41748,92.5321,6.403928090752908,5.398367872739504,92.38079602352695,2.419493444029397,6.224156695811895,47.86488363687943,0.6681797698484901,1.4278947630810732,8.097641444626973,1.86274080287496,1.9862476792257984,4.728553169884471,-8.48755451446167,11.430961310283633,2.623955281633643,-10.587691256010206,13.374065409808487,2.138380972070613,26.912471909247095,7.4365921272604965,92.68340397647304,28.5839072384689,12.445875564004746,48.29492027134307,30.65599876848009,6.630068014676354,8.67942331711528,30.544729389987214,6.2061311302142075,5.088130167426391,34.431976815123484,19.722974641649124,3.3720853127820636,35.4507885150289,23.263336411186007,2.698338416286411,16.88817087870699,2.865254279261344,100.87247821554692,18.412576572944623,3.3530187296189324,110.66654030238011,20.06095525053618,5.160197902138549,120.28435347451403,22.048376229233252,7.244174157606968,129.7813308810618,23.739845285151947,13.968488399699368,137.70392970672896,5.5223285558595165,8.524951919300872,146.88080192140654,-5.003402928563759,9.994834677164521,119.1626644833326,-12.06655549036075,12.858313143406265,96.89780721448511,-15.24308245911916,13.379685032394748,86.24950647676235,-15.24308245911916,13.379685032394748,86.24950647676235,-9.158030258544404,12.190896208422139,91.66037254441198,-9.158030258544404,12.190896208422139,91.66037254441198,23.739845285151947,13.968488399699368,137.70392970672896,44.39656314030646,9.620150717628864,138.04591756503152,43.64299010403788,15.135900882764425,108.8867792129674,53.22109151429596,30.225282781366317,93.57723873870894,58.85425232948134,34.356408314956035,84.91988568556116,58.85425232948134,34.356408314956035,84.91988568556116,57.41354643874077,34.520486850198324,93.02025577120676,57.41354643874077,34.520486850198324,93.02025577120676,25.059282740716704,10.655467766257932,141.76998506484256,27.153171510850168,12.837086622256383,148.57591486818032,28.649218275398848,16.601092334824735,154.8256041865814,29.758995247224945,21.888513510189114,162.91554317729776
4.40833157,16.6329,6.46401,92.5297,6.375273340014992,5.477483331541541,92.39028964606204,2.4026416284324665,6.272857181396312,47.872768601274565,0.6590666679928279,1.4288678663188659,8.110971690637555,1.8574051194020844,1.9863253175894617,4.743076800725319,-8.490255272052263,11.430803454830942,2.6245116876606613,-10.589331614740559,13.374031316632827,2.13486460088979,26.890526659985007,7.450536668458459,92.66911035393797,28.56881407417343,12.483777938368954,48.28359542029946,30.652373703406052,6.6301821114206465,8.674266028650258,30.541883445158724,6.206788827879565,5.08288469636532,34.433557170846136,19.722726755770257,3.369741812014972,35.4537214027775,23.26338984542823,2.6996347720418274,16.862314012189746,2.900680106931448,100.86535547744597,18.413442855570764,3.3739409208340456,110.65593271036006,20.097132203455963,5.174037733222287,120.26895620384262,22.135884454362255,7.257103308828776,129.75524663306456,23.86874965930242,13.983507145866133,137.66711817831836,5.72014914314499,8.489195336794575,146.94967310083982,-4.968530067070242,10.13246533628761,119.30372363098296,-12.163487902660044,13.122869422218745,97.09783325507298,-15.432685419428147,13.608470955806348,86.47592195918095,-15.432685419428147,13.608470955806348,86.47592195918095,-9.31165942433551,12.386229254786702,91.83854414850707,-9.31165942433551,12.386229254786702,91.83854414850707,23.86874965930242,13.983507145866133,137.66711817831836,44.55300489243239,9.755816902968611,137.78205077093062,43.425529689129796,15.351314087732462,108.6501793487024,52.74889104062661,30.448537659208895,93.1918393413707,58.20173537902702,34.566044351509056,84.41339482705598,58.20173537902702,34.566044351509056,84.41339482705598,56.97601042559964,34.697626458860555,92.54966149189278,56.97601042559964,34.697626458860555,92.54966149189278,25.219057099014545,10.67220879534558,141.72443257876824,27.3716712385116,12.874642102451622,148.50529177187107,28.942074523681725,16.676228607615762,154.71385723163556,30.173991712609283,22.02803061621838,162.743560575268
4.4166649,16.6043,6.51126,92.5257,6.343453244452743,5.55713760873969,92.39822791807198,2.3823658432621886,6.3218800885629465,47.87914147428157,0.6463351665987103,1.4300127533353963,8.122876418894172,1.8484183187896892,1.9865813950289168,4.756169231462805,-8.496780604023284,11.430617809361298,2.6236598054125246,-10.594829595468653,13.373926182042934,2.1299460390858016,26.865146755547254,7.46538239126031,92.65317208192802,28.550291212740554,12.522604155740442,48.27064287917461,30.64551456017719,6.631258419537994,8.667526029223453,30.53581911100433,6.208406797426181,5.076056516933509,34.43170162090354,19.72350105044,3.3658261812142753,35.453160122867246,23.264478505114422,2.6993617681707094,16.83317744445389,2.9368379859907265,100.85661983731005,18.41097470717439,3.3954904602354543,110.64363024631754,20.129929899706397,5.188362235789325,120.25176132800505,22.219931583959568,7.270343545884938,129.72713075745904,23.993983471384762,13.998694185087764,137.62821165330246,5.915167748256376,8.453038599161491,147.0158159808959,-4.935845022288234,10.270021131694735,119.44407650058838,-12.262237443426763,13.387679096192393,97.29874549949723,-15.626313187947664,13.838310709775342,86.70495550890227,-15.626313187947664,13.838310709775342,86.70495550890227,-9.469030418898404,12.582498494103326,92.01808597358146,-9.469030418898404,12.582498494103326,92.01808597358146,23.993983471384762,13.998694185087764,137.62821165330246,44.70270310438396,9.892446064004162,137.51575557329298,43.20113640040222,15.566944955451278,108.41606345457015,52.2652298406141,30.673089891213785,92.81291961985386,57.533772419455865,34.77809993222778,83.91686361233178,57.533772419455865,34.77809993222778,83.91686361233178,56.52408630814946,34.876109697657064,92.08322625406399,56.52408630814946,34.876109697657064,92.08322625406399,25.375186169472073,10.689069645777778,141.67648185273254,27.586174193764123,12.912230746019006,148.43174633173788,29.230266596699856,16.751062900924495,154.59817474367722,30.58334648913195,22.16635579190413,162.56556567145284
4.42499823,16.5778,6.55757,92.5223,6.3138319114383545,5.636051680227314,92.40681028915309,2.364058063662284,6.370110609128728,47.88620218133042,0.6351995734594482,1.4302812639710503,8.135555468961407,1.841015232553031,1.985924492120667,4.770030392112894,-8.501546111834948,11.429696858266569,2.6236032831733334,-10.598528547409087,13.373120504308194,2.125828754094321,26.841768088561643,7.4790883197726865,92.63778971084692,28.533948905798812,12.560249391639037,48.25826257846836,30.64079965540046,6.63111318630657,8.66140281071003,30.531899678527218,6.208805388180771,5.069845103770165,34.43230070222861,19.722966040542207,3.3625388288226565,35.45513347062958,23.26423131254746,2.6997213420476225,16.806028300510846,2.9720579526591657,100.84847067779178,18.410468045440847,3.415973876766653,110.63182852658852,20.16472228963392,5.201450660888944,120.23495529553679,22.305979150679534,7.282132105849622,129.69915958433052,24.12126446984822,14.01225062627908,137.5893614611511,6.112962279500167,8.415316627511773,147.08148297715312,-4.899899034631117,10.406647062952251,119.5860613507696,-12.357397377693342,13.652101642547333,97.50294007512088,-15.81857543041535,14.068712847823072,86.93907987054328,-15.81857543041535,14.068712847823072,86.93907987054328,-9.62478536353326,12.778993487014134,92.20141198962426,-9.62478536353326,12.778993487014134,92.20141198962426,24.12126446984822,14.01225062627908,137.5893614611511,44.851230042790114,10.027556017560935,137.24917759925233,42.975433244246986,15.780202699124391,108.18656993635202,51.77612331343715,30.895960574974158,92.44257995970557,56.85651135306914,34.98939136397334,83.4324777087152,56.85651135306914,34.98939136397334,83.4324777087152,56.06380541835663,35.052871152862195,91.62309052896487,56.06380541835663,35.052871152862195,91.62309052896487,25.53327001529827,10.704216147235698,141.62829390885042,27.80236684008525,12.947962437894764,148.35743305776057,29.51961401138591,16.82366786054569,154.48070678445237,30.993051867358886,22.301539234677783,162.38370916199534
4.43333156,16.5539,6.60931,92.5179,6.291754275135018,5.666674310080239,92.41123281795745,2.3215184276988556,6.415286967427177,47.89268714702394,0.6139668198247361,1.4300857254035853,8.146784015091306,1.8258944030708553,1.9874397594521567,4.783738095497433,-8.5170637856028,11.427032528761272,2.620900779156789,-10.616119728933715,13.368788483094471,2.125362440096401,26.816045724864978,7.55194568991976,92.62456718204254,28.507027748306015,12.64218370437651,48.24603454516304,30.633458160009877,6.633795883128919,8.662169787112134,30.523086080857937,6.2114035054059915,5.070666964200081,34.426319117563224,19.72450557858418,3.361455092886348,35.449834663998516,23.265569641819855,2.6986166164336733,16.797995245837047,3.0104563249705936,100.83786230106766,18.41739785237765,3.4414181528600367,110.61933387446763,20.18620523196778,5.224112532023159,120.2203077961491,22.349092385823624,7.310621506980793,129.6783085625641,24.164754011746865,14.049508038078226,137.56093648268967,6.2449629379656635,8.34701533371996,147.15716770482956,-4.916827308017762,10.481669098866147,119.73264558597367,-12.408973556815077,13.945876155244626,97.69453050556878,-15.951757406192522,14.498566311189757,87.16401878870641,-15.951757406192522,14.498566311189757,87.16401878870641,-9.723276532641643,13.117765688850358,92.3618997418374,-9.723276532641643,13.117765688850358,92.3618997418374,24.164754011746865,14.049508038078226,137.56093648268967,44.90698631619833,10.135808452202971,137.151371567578,42.60952543620097,15.758790654313337,108.09366232717792,51.46141316624304,31.01732355453538,92.51698875457032,56.52587888473495,35.22387348581578,83.5501283512447,56.52587888473495,35.22387348581578,83.5501283512447,55.753467589294885,35.17840351874396,91.74279971207292,55.753467589294885,35.17840351874396,91.74279971207292,25.61052164970519,10.74844599405814,141.593624470938,27.943614665704967,13.015536489664658,148.2929893039594,29.76317230292985,16.919568775498096,154.36853482831248,31.424400967963795,22.43055846990201,162.21103777042498
4.44166489,16.5316,6.65875,92.5132,6.271322235150555,5.695062213475961,92.41531819249498,2.280771574770238,6.458313172381651,47.89883747298315,0.595017753942918,1.4280069243623528,8.15768710215589,1.8130811644273246,1.9871036592589197,4.797148125642288,-8.530172936271779,11.422601385969937,2.6179193038793205,-10.63129293172996,13.362693281552659,2.124615658768055,26.791877764849445,7.622437786524039,92.61108180750502,28.48178871638758,12.721840916276868,48.23356057269359,30.628083287514137,6.634340070193265,8.66285761263886,30.516258200257358,6.211872964138449,5.071408526578793,34.4224763401494,19.723878318557063,3.360346825253849,35.4467166066723,23.264731758397765,2.6975026402439917,16.791557008777215,3.0465920801536015,100.82691399978243,18.425949295510403,3.464631823661012,110.606453031164,20.209296457067463,5.244582053628987,120.20524613866472,22.393728968315266,7.337010899898861,129.65698540546114,24.209648004919742,14.084685645632817,137.53203241003715,6.3795152911004,8.27726799657185,147.2317878964896,-4.931097250157064,10.554191225867003,119.87977908197206,-12.457192071056427,14.235894940270567,97.88854317431606,-16.08079507902726,14.924347258174276,87.39359222266975,-16.08079507902726,14.924347258174276,87.39359222266975,-9.818551316438128,13.453067564539907,92.52566683970102,-9.818551316438128,13.453067564539907,92.52566683970102,24.209648004919742,14.084685645632817,137.53203241003715,44.96367771171924,10.24203258188301,137.0532243055338,42.24531469693362,15.734032523018914,108.00679318557675,51.15224530153274,31.13019788793914,92.59782886279093,56.20244551447474,35.447752217901225,83.67579640107627,56.20244551447474,35.447752217901225,83.67579640107627,55.44939903079821,35.29419873532339,91.86895776133122,55.44939903079821,35.29419873532339,91.86895776133122,25.689084180433426,10.790772543894981,141.55834985564192,28.085699176192907,13.081455210992662,148.22719690616415,30.00677095125371,17.01345510993716,154.25325461682917,31.854532820733354,22.55595351107599,162.03155957571775
4.44999822,16.5087,6.70847,92.5085,6.250347855479703,5.723664718622846,92.4193672518801,2.2396047872693376,6.501537233705006,47.904954342788706,0.5761886545070178,1.4263279424890873,8.168572057663383,1.8004038428276652,1.987209792071637,4.810566910690868,-8.54314971031694,11.418582099236962,2.614962825965072,-10.646345549990482,13.356990161706609,2.123890806570182,26.7670521445203,7.693275281377154,92.59763274811989,28.4559487781856,12.801887671797202,48.221132099068704,30.622470519866795,6.635313129260361,8.663777262778666,30.509215924885638,6.212766227563627,5.07238235881974,34.41837216432128,19.72368794577012,3.359474649637062,35.443326511338874,23.26433387309246,2.696625780387471,16.784558933343636,3.083060678186343,100.81593113439413,18.43397827326204,3.488247583246058,110.59348800988565,20.231844677160353,5.265528914321816,120.19006690573929,22.437729585660847,7.364008632063889,129.6354802733519,24.25371779456997,14.120525035024334,137.50292678843095,6.514495199465642,8.208569300844523,147.3056687496599,-4.944960671343962,10.626463495764392,120.0278136205054,-12.504431155909732,14.524210064830232,98.0853096632011,-16.208093424453576,15.348003771747303,87.62812502488316,-16.208093424453576,15.348003771747303,87.62812502488316,-9.912984949435723,13.786977129170193,92.69303922580374,-9.912984949435723,13.786977129170193,92.69303922580374,24.25371779456997,14.120525035024334,137.50292678843095,45.01911858566662,10.349203346224733,136.95497465118507,41.880456140192756,15.708813002173478,107.92619403557475,50.84594747352411,31.237437732182737,92.68502343136902,55.883428044625404,35.663812733380496,83.80924432892327,55.883428044625404,35.663812733380496,83.80924432892327,55.14887367157319,35.40314772284933,92.00137679727843,55.14887367157319,35.40314772284933,92.00137679727843,25.766780455574082,10.833961757696128,141.52274896111382,28.226421160967785,13.148520015888074,148.16033128996713,30.24814437108427,17.108161551463333,154.13514389572504,32.28104553240086,22.680589592929856,161.84558480901885
4.45833155,16.496,6.76943,92.4994,6.2396091515097964,5.763669581174791,92.41897890245107,2.2088327319700243,6.556320964439498,47.906636260322124,0.5682071849576906,1.4365284427719045,8.175026023137335,1.7986025431871475,1.999220827556343,4.81958352085049,-8.545075378407487,11.426635916434687,2.6076312618031627,-10.650322333725352,13.363380611214708,2.1187902556812324,26.7523908484902,7.775190418825209,92.57982109754892,28.440445652646552,12.893116590472765,48.20436160776189,30.62741069594769,6.647685352592397,8.660505545886913,30.512741138753157,6.225077979298742,5.069162657176529,34.42509025576336,19.73485229438859,3.3544955343890828,35.45082714837332,23.275274970496895,2.6916646953079892,16.787721199295994,3.1307993060344055,100.80050645452235,18.452181204005953,3.5231423372848467,110.57603809627719,20.26455549353441,5.297770181842903,120.17037884946996,22.491812559169936,7.402365750969,129.60941388989605,24.30780302498586,14.167720492339978,137.46926093659326,6.660535748935018,8.152032586150046,147.37433264471053,-4.947551685818814,10.709910602388556,120.17219508529888,-12.53957785679239,14.822440520160534,98.28019338297202,-16.322421922902898,15.78123482570973,87.86293534248925,-16.322421922902898,15.78123482570973,87.86293534248925,-9.99543377489443,14.131050327247648,92.85940037786774,-9.99543377489443,14.131050327247648,92.85940037786774,24.30780302498586,14.167720492339978,137.46926093659326,45.08406393693167,10.467539857967155,136.85230499670377,41.52612460835633,15.69355352112911,107.84753693063192,50.55402104172758,31.349301508833562,92.77417820824324,55.5804603252077,35.88224229190313,83.94605174689616,55.5804603252077,35.88224229190313,83.94605174689616,54.86345321137045,35.51544999928935,92.13567414152156,54.86345321137045,35.51544999928935,92.13567414152156,25.85435858838104,10.888665983259646,141.4824634617359,28.37654391857322,13.227311640122377,148.0880542115705,30.498089655684673,17.214202144775008,154.00990014774234,32.71474867275281,22.81490004318121,161.64888871555934
4.46666488,16.477,6.8286,92.4911,6.227534758566874,5.754483669572253,92.41165704334198,2.17027975794534,6.58068872095977,47.902330275539775,0.555526634968893,1.4330582521813815,8.17325713509586,1.7897710435135599,2.00054138063614,4.820035776089654,-8.557876806586155,11.423093038932631,2.605929812712837,-10.664177809217195,13.358773759517206,2.117415207841442,26.726465241433125,7.902716330427746,92.57054295665803,28.411716300228456,12.987625019340122,48.19118137107128,30.620847320897884,6.654765579050025,8.662465086159564,30.503987124437025,6.231989539982271,5.071212664110494,34.41696860830554,19.74119730581007,3.353527464022851,35.44277907566873,23.281585317721998,2.6906253371908426,16.795444177172886,3.1764832618244387,100.78529915309866,18.45388328953937,3.5538720117391085,110.56244272790674,20.249475968489556,5.3283226776192345,120.15997109754744,22.46332843469866,7.442972465654298,129.59991244123296,24.24811473500519,14.215088243860235,137.46108458632764,6.666720506263946,8.122926836885856,147.43631065920218,-5.03984404263913,10.706050543137462,120.27879714966735,-12.510311267078073,15.095854910402247,98.39882367377561,-16.35166569487498,16.352214818891397,88.03475030606684,-16.35166569487498,16.352214818891397,88.03475030606684,-9.992661188622836,14.575883030583714,92.94659902330932,-9.992661188622836,14.575883030583714,92.94659902330932,24.24811473500519,14.215088243860235,137.46108458632764,45.02025252002165,10.488417885154494,136.86509069555763,41.31753112668187,15.727743258265388,107.88085281428877,50.22149555956323,31.883020498574435,93.26791550152593,55.52604066842292,36.687739704556925,84.75175818906395,55.52604066842292,36.687739704556925,84.75175818906395,53.91623781492077,36.62489904262332,92.82164893044504,53.91623781492077,36.62489904262332,92.82164893044504,25.80986022154135,10.942421155163808,141.47361848074488,28.379173956124934,13.29266327737011,148.05689277267496,30.626374786380154,17.291878765749612,153.92382343602063,33.10014551086105,22.884670744237766,161.48931593647688
4.47499821,16.4561,6.88629,92.4824,6.2139993146873636,5.744024166803019,92.4038052913408,2.1301617921940537,6.603631955102034,47.89754227375898,0.541669670325273,1.4283278003291713,8.17100581040301,1.7797690330692428,2.0006043438237566,4.820020974666079,-8.571713911362867,11.418442850828008,2.6037900058545884,-10.679042841987236,13.353088116149387,2.115606884041544,26.698200685312635,8.02855583319698,92.5609947086592,28.38120092117278,13.080499866829836,48.17778308605198,30.613037375537772,6.660340557489005,8.66442787324258,30.49402439931064,6.237401663910682,5.073265325071263,34.40789845472552,19.745974655921938,3.352623991772988,35.433854247885336,23.286310378125645,2.689667504384738,16.8012975867751,3.220870847065237,100.76965793093733,18.453872299538748,3.5831829103100805,110.54836468735259,20.23268229174633,5.35724718099107,120.14908913999238,22.43303258914857,7.4817888431563215,129.5899662356253,24.186639334969684,14.26045413228221,137.45251048192435,6.671507218171875,8.092684259156087,147.4975963732085,-5.133514339419291,10.70051864517162,120.38510132978021,-12.484650699346053,15.369430075806331,98.52249484037344,-16.3873091170332,16.920385793321216,88.22141458303986,-16.3873091170332,16.920385793321216,88.22141458303986,-9.99512315478146,15.021946041251793,93.04369992149904,-9.99512315478146,15.021946041251793,93.04369992149904,24.186639334969684,14.26045413228221,137.45251048192435,44.95454449957926,10.506947224280609,136.8778020294309,41.10582396128988,15.75404527003814,107.9139964445918,49.79241776007005,32.47522173343094,93.81588138990907,55.35092744661962,37.58919065676549,85.6489509539027,55.35092744661962,37.58919065676549,85.6489509539027,52.78694975637666,37.695112249964765,93.46773281387262,52.78694975637666,37.695112249964765,93.46773281387262,25.763449767306884,10.994198065053517,141.46437628922206,28.379702403970917,13.355857901309033,148.02503909578863,30.751906591744266,17.36545281334402,153.83540117016864,33.48077230213718,22.94451402909802,161.32291800633743
4.48333154,16.4446,6.94344,92.471,6.210315937231838,5.73309302934196,92.3931235389321,2.099772657330294,6.625917072624062,47.8899730726809,0.5379886065561756,1.4231091537592633,8.165970252872505,1.7799457538015615,2.0002024588388854,4.817239806085487,-8.575350435459896,11.413355153358077,2.598916524340198,-10.683704348499813,13.346968509625523,2.1110708000241805,26.678884062768162,8.15378697065804,92.5488764610679,28.360114295023852,13.172857027523552,48.16186819377841,30.615283579162835,6.665570448998448,8.66409341373766,30.494161102350418,6.242474684259552,5.073019874659014,34.408996119581914,19.750401027056498,3.3494904419453113,35.43511859946112,23.29068148801018,2.6864968268356724,16.816630321566752,3.264905492201411,100.7512826201326,18.46349123269572,3.6120518969384947,110.53150335145935,20.22548749736455,5.3855567861190945,120.13543112147853,22.412203237106983,7.519868977059312,129.57727229709502,24.134557848167436,14.304906363788895,137.44122829903455,6.686114390567418,8.062106031084987,147.55578482677848,-5.217091372735766,10.69393786061946,120.48857448996107,-12.451007502207627,15.643521594542133,98.64862072323676,-16.417641665182384,17.48565259846233,88.42018840873315,-16.417641665182384,17.48565259846233,88.42018840873315,-9.99117891427567,15.469458948918614,93.14819966427308,-9.99117891427567,15.469458948918614,93.14819966427308,24.134557848167436,14.304906363788895,137.44122829903455,44.89817766564718,10.524540262491811,136.8881342244626,40.9024926223069,15.773620111605101,107.94459637208422,49.25261347901823,33.108293597175575,94.39483330895375,55.027522959955405,38.56618383835419,86.6095706009205,55.027522959955405,38.56618383835419,86.6095706009205,51.50266129984882,38.68953554939954,94.04453431207988,51.50266129984882,38.68953554939954,94.04453431207988,25.726351857612734,11.04511050128255,141.45243134279593,28.389313959001267,13.418049801142082,147.99019116006136,30.88575780404268,17.436116667129973,153.7423575599063,33.86740083526676,22.995668782827526,161.14753990699242
4.49166487,16.4307,7.00333,92.459,6.2046791655708216,5.725011079705184,92.38171195540941,2.0673263325928435,6.650879555104873,47.881721153705755,0.5326794524529492,1.4207429523198938,8.160249507258847,1.7785010736613522,2.0026696980538996,4.813791739061391,-8.580549814726414,11.411201913467487,2.593398250664025,-10.689918212979137,13.343794607727597,2.105893662536701,26.65672083442918,8.281648920294817,92.53628804459059,28.336662667000734,13.26793424601548,48.145536121023454,30.615746723128566,6.673689364240893,8.663559346876319,30.492555427239118,6.25044314139107,5.072573913452725,34.408449921582196,19.757702091540125,3.3462231487493446,35.43476825490849,23.297922111869916,2.6832099468185815,16.829627820510353,3.3118651969899995,100.73227306189402,18.470944756270313,3.6437520802170247,110.51395537392652,20.216126121562958,5.416516537682629,120.12108955748938,22.389107323033816,7.560466070230639,129.56391816656313,24.080179950220444,14.351690284462826,137.42932271989707,6.6988940296715604,8.034517719453325,147.6130950745808,-5.302539320347442,10.689623789578377,120.59157159899866,-12.421603151439118,15.921259553223893,98.77963863455491,-16.45495901461689,18.050739474461434,88.63341684627926,-16.45495901461689,18.050739474461434,88.63341684627926,-9.993133853852372,15.921313302415374,93.26255397141175,-9.993133853852372,15.921313302415374,93.26255397141175,24.080179950220444,14.351690284462826,137.42932271989707,44.839431422464216,10.544294129390469,136.8980961481922,40.69596075407099,15.78954803491448,107.97465091898843,48.576848439743586,33.758973020046525,94.98223477611776,54.51969775072183,39.58863912643107,87.60348176589031,54.51969775072183,39.58863912643107,87.60348176589031,50.083191159578924,39.57841864848264,94.53427216542917,50.083191159578924,39.57841864848264,94.53427216542917,25.686874412113948,11.098396790887767,141.43986401039427,28.396334866196383,13.482464066031996,147.9544291361605,31.016228893031172,17.507076712829807,153.64680648081102,34.248155195799775,23.04132836727923,160.96543008672876
4.4999982,16.4185,7.05826,92.4462,6.201519926673695,5.710087365615924,92.36062232095281,2.04553077354433,6.6703041001588,47.86309609497285,0.5415629225288596,1.423956660844751,8.142588810459046,1.7859475559957,2.0129776038221783,4.796837615835397,-8.583287738133661,11.414741715281355,2.5953944511227016,-10.69362586695643,13.346511459204866,2.1088259324138594,26.635480073326306,8.406432634384075,92.5317776790472,28.311787158806304,13.344448728961506,48.1354929937848,30.61462129406306,6.680605820627628,8.666582034289803,30.489360981614112,6.257477769034348,5.0756542503208655,34.40280088070245,19.765216594259467,3.3474930929835756,35.42837582638746,23.305651377397727,2.684476353581058,16.837551849370673,3.357681831257842,100.71440535056236,18.46056600510732,3.6676297747897952,110.49986069832103,20.17550769473867,5.4309390024763005,120.1141778664365,22.32148728231305,7.5843856595132815,129.5610195685828,23.966942921890233,14.386930848704068,137.42631653902205,6.603741951683169,8.059198299760602,147.63435463148832,-5.448624781476946,10.650768439129429,120.62933765348686,-12.345784040746565,16.14981470270561,98.81188623075371,-16.36034182515505,18.641771148091667,88.74104020369083,-16.36034182515505,18.641771148091667,88.74104020369083,-9.89147218589748,16.41145497848836,93.31246953461806,-9.89147218589748,16.41145497848836,93.31246953461806,23.966942921890233,14.386930848704068,137.42631653902205,44.74112307498273,10.648874248581343,136.99578121975418,40.67348927678388,15.66127071542792,108.02032680428566,48.93370737433508,33.50845221722319,95.09521900346385,54.80357320610353,39.221219874591064,87.56810656635805,54.80357320610353,39.221219874591064,87.56810656635805,51.04073590339689,39.152248666524876,94.8862244363832,51.04073590339689,39.152248666524876,94.8862244363832,25.571231056409708,11.14175839526123,141.4443934945887,28.303643997769402,13.522292003267822,147.95065899497686,31.041077872935432,17.534698076484077,153.59614965436253,34.51798213023319,23.017963529550023,160.84049070398177
4.5083315299999995,16.4074,7.11049,92.4309,6.1999424504254215,5.6925491905730965,92.33693700412013,2.02508681839112,6.6868821716590086,47.84192622061322,0.552058481650755,1.4244251039073834,8.122390563467995,1.7949848831475097,2.020532082577888,4.777352406130675,-8.584439479396437,11.415472319629519,2.594874721374777,-10.695748436624172,13.34641784331573,2.109247130945528,26.614857549574577,8.528430809426904,92.52486299587986,28.288151403808616,13.418240303179726,48.123129324296855,30.61537807137326,6.685018099855336,8.667426130861877,30.488092328913517,6.262016122550579,5.0765547170456236,34.39911963633748,19.77023213052734,3.34666261566346,35.42396527311592,23.310881222224307,2.683662578075497,16.84663863354162,3.400928795649432,100.6940306445246,18.451630470809455,3.6887194373900702,110.48313462748597,20.136457471556874,5.442252176484761,120.10456175400289,22.255396291427097,7.604922354776658,129.55539954850417,23.85523706939428,14.418461754550597,137.42059071457774,6.509964471558352,8.080419409483842,147.65268368615023,-5.59298435357783,10.608940214953265,120.66431704582827,-12.274638400251849,16.38190007965389,98.85056138933663,-16.28309953108235,19.230900281700777,88.87239031231947,-16.28309953108235,19.230900281700777,88.87239031231947,-9.801684028452684,16.905655930370187,93.37828007380287,-9.801684028452684,16.905655930370187,93.37828007380287,23.85523706939428,14.418461754550597,137.42059071457774,44.64361337835685,10.749729380566087,137.09073916457075,40.64968369715059,15.530620120428752,108.06595094699584,49.33530121514455,33.226546185718064,95.21193401597654,55.14860555577586,38.80799251567402,87.54372625015002,55.14860555577586,38.80799251567402,87.54372625015002,52.06753644205901,38.59952838252626,95.1714458684537,52.06753644205901,38.59952838252626,95.1714458684537,25.457022647429532,11.18130635391016,141.4461260784893,28.212304311654187,13.557867107992351,147.94419451729814,31.066683975067527,17.555354097831707,153.54215182382143,34.785923943577565,22.98028051448232,160.70964566176534
4.51666486,16.3987,7.1576,92.4134,6.201246846019991,5.669974562551255,92.31095713671256,2.007301985027384,6.698119353269517,47.81851005810974,0.5654627427958598,1.4195792794316242,8.099964088016009,1.8069116528685698,2.0227542030509023,4.755644357667824,-8.58267894411629,11.41084074682205,2.592128868075297,-10.694954239659427,13.340965946891075,2.1074433279602114,26.596153153980012,8.645225437448746,92.51584286328743,28.267046312524176,13.486800657734683,48.108733435977896,30.61932072114112,6.684201414156628,8.666418236083288,30.490054160453326,6.26131464442274,5.075604013671888,34.39874546781566,19.769986256463532,3.343990736466699,35.422885076796824,23.310843249361422,2.6810100152070073,16.8581878857395,3.439200925587124,100.67145559201221,18.44542119390785,3.704637322298023,110.4640861367199,20.100239176519246,5.448091225471067,120.09255044689608,22.19207778682392,7.619725344196259,129.54736908731576,23.746286193355303,14.443941540632716,137.41245340214428,6.418719185016862,8.095857998956244,147.66829299524622,-5.734327651914828,10.56172458914632,120.69664721344921,-12.207108360720586,16.614568153180638,98.89578262222163,-16.22227477948315,19.813916212049733,89.02709114570277,-16.22227477948315,19.813916212049733,89.02709114570277,-9.722909555605504,17.400289766407003,93.46005965690472,-9.722909555605504,17.400289766407003,93.46005965690472,23.746286193355303,14.443941540632716,137.41245340214428,44.54812251614011,10.844483400279541,137.18333435903452,40.62586278645885,15.395375961364547,108.11183668260955,49.77752991383932,32.903031389725655,95.3235415487224,55.54836619647119,38.33538727711207,87.51742734620771,55.54836619647119,38.33538727711207,87.51742734620771,53.13036417716788,37.91220798896555,95.37189972049822,53.13036417716788,37.91220798896555,95.37189972049822,25.34546609618865,11.214703278333147,141.4453767804983,28.12351018112494,13.586862900945626,147.935356848996,31.09416497735922,17.56672284273904,153.4851709384785,35.052840794212365,22.926001747749904,160.57336929079395
4.52499819,16.3903,7.20765,92.3947,6.203305613352443,5.650602943509102,92.28368360353444,1.9900599045825063,6.712325830950043,47.793848726814396,0.5795763325465204,1.417776090689328,8.076307780389712,1.8195367229331432,2.0279847361105894,4.732711889297997,-8.580095613063206,11.409297524612308,2.5881423193391933,-10.693311872929174,13.338628516325105,2.104397295225658,26.57729438664756,8.764697056490899,92.50571639646556,28.246487374115613,13.557993357498741,48.09330588328431,30.624341661984943,6.686057854356469,8.664546187900612,30.493131399642767,6.263284386252829,5.073789122138057,34.39975193035988,19.772338715853046,3.340489335924151,35.42325816289571,23.31338428943278,2.677537710696727,16.870034595833122,3.480550199256689,100.64768035544493,18.439782155644547,3.723407949622677,110.44371484660273,20.064735596357043,5.456451177334706,120.07914252402308,22.129460076569654,7.636754844397569,129.53792509793834,23.63814351020687,14.471308656737616,137.4028974583028,6.327990618320559,8.113762539872877,147.6822555643062,-5.8747470856424915,10.517562900988931,120.72744786712207,-12.14558863580481,16.85589578303252,98.94870628802336,-16.18031435899202,20.397760789193942,89.20577852232354,-16.18031435899202,20.397760789193942,89.20577852232354,-9.657737717390786,17.902720619894254,93.55886010458029,-9.657737717390786,17.902720619894254,93.55886010458029,23.63814351020687,14.471308656737616,137.4028974583028,44.45264326010415,10.940711839790183,137.2745420233323,40.600073141789856,15.263300775066199,108.15891649304183,50.24967543551842,32.53998356102599,95.42263329400024,55.98821123382343,37.80316528781816,87.47803853824352,55.98821123382343,37.80316528781816,87.47803853824352,54.18949444741727,37.101836544049306,95.47749518661837,54.18949444741727,37.101836544049306,95.47749518661837,25.234563993531456,11.249861392987844,141.44313832479835,28.035306756899374,13.617146183896887,147.92513756844787,31.121575232398083,17.576649646834277,153.42620934825857,35.316645348287935,22.862989049637562,160.4327450776713
4.53333152,16.3896,7.24051,92.377,6.20911010129789,5.642291844044855,92.25493871047871,1.9900021560941967,6.715949820858673,47.76594581397066,0.6084702784297233,1.4131902793109434,8.048482518771138,1.8435483655002691,2.0303758916010475,4.70436022997543,-8.567991540612585,11.405174547875689,2.5892838867360886,-10.681919482436495,13.334068924640098,2.1069091102782327,26.570089898702115,8.838728155955144,92.49906128952128,28.235468392504046,13.602378637128334,48.08331801289018,30.632438497288557,6.681911471503999,8.66420528547983,30.49973443636609,6.259789439687447,5.0734264749611775,34.40538291240745,19.769230856122576,3.3409532147048444,35.42854914536826,23.310422507117785,2.6782570775117667,16.876390550410513,3.5095594775472874,100.62782699573448,18.42988123781572,3.7377697263433562,110.42680478971329,20.031324018165616,5.460890641831847,120.06794654638668,22.070045820941747,7.642244397842108,129.53212576290753,23.535843202613215,14.477707743741231,137.4044139073262,6.205887546299181,8.138532082364405,147.6617272848338,-5.970564441303448,10.528121094222747,120.69377217162557,-12.059568578832689,17.05364731247609,98.91871675428987,-16.009115970270386,20.880344646688773,89.24887064662191,-16.009115970270386,20.880344646688773,89.24887064662191,-9.504718977293209,18.3692468816529,93.61988409042934,-9.504718977293209,18.3692468816529,93.61988409042934,23.535843202613215,14.477707743741231,137.4044139073262,44.3567498459486,10.982806996326081,137.3819605060391,40.63579714007143,15.302953259954863,108.2488595921048,50.37371069776376,32.7035328474379,95.7506848532647,56.34880371663821,38.35096002224807,88.2571349233665,56.34880371663821,38.35096002224807,88.2571349233665,54.27328287798153,37.282937307667396,96.14827498568991,54.27328287798153,37.282937307667396,96.14827498568991,25.121327817652418,11.258090942070014,141.45041604250486,27.92021318361257,13.605932924303334,147.94028431830034,31.077864874048377,17.534370633862135,153.42308692887318,35.42071542215638,22.757560943131054,160.38681241142612
4.54166485,16.3819,7.27261,92.3556,6.2080716854494415,5.633381892120011,92.22247056529255,1.9830646735504365,6.718897398926664,47.73432524450078,0.6305625438880513,1.40800433129,8.01694954439457,1.8607440267597128,2.032129536822048,4.672310387382375,-8.562557882511335,11.400462348550896,2.5867220682572403,-10.677174999751452,13.328943129100159,2.105716235208197,26.555728314550564,8.91183810787999,92.48872943470744,28.217587381867972,13.645806002600093,48.06968087823637,30.633870941620806,6.676822478971125,8.66029592875693,30.49968501954059,6.255351306245801,5.06949573486184,34.40454473698766,19.765128083233087,3.3378597964976877,35.42742005988938,23.306452112893094,2.675422018022366,16.875719028795864,3.53782099456726,100.60427242689379,18.413067240607177,3.7512598300870317,110.40612854599351,19.991094570545783,5.464293597129786,120.0529271911057,22.00385945848893,7.6465175408183965,129.52246018940372,23.426873819398207,14.482684442075634,137.40198390424848,6.077016731738478,8.162075491613358,147.6370877324038,-6.073094073489443,10.538094568404892,120.65605620269008,-11.986904246075333,17.257232586108966,98.89160041391227,-15.869219505822048,21.367528727289162,89.31133138394233,-15.869219505822048,21.367528727289162,89.31133138394233,-9.378168756895132,18.841240934038343,93.69341774939559,-9.378168756895132,18.841240934038343,93.69341774939559,23.426873819398207,14.482684442075634,137.40198390424848,44.25353069468528,11.023145892726026,137.48532215850346,40.66426606120857,15.341552673461777,108.33544627700151,50.48720797326259,32.86474668526171,96.07742906143062,56.67889816244464,38.878563708694344,89.05991965703915,56.67889816244464,38.878563708694344,89.05991965703915,54.33373103756344,37.446598937943385,96.81673722647243,54.33373103756344,37.446598937943385,96.81673722647243,25.001353898460398,11.264796182903082,141.4536545132832,27.798318492878067,13.592899366948743,147.95145692059833,31.027070357327354,17.488660644454548,153.41613595682742,35.51643612741881,22.644741181079215,160.33682732175416
4.54999818,16.3718,7.32129,92.336,6.204789318651255,5.6412098529736845,92.19178032412832,1.9738567906699638,6.738420428394712,47.70448504618572,0.6504507213659454,1.419386657040235,7.987218576740467,1.8757289953700162,2.0504059663111134,4.642073194820437,-8.559188121557172,11.412312684131418,2.5859194141680573,-10.674471567045916,13.340400847769073,2.106271352166723,26.538810681348746,9.001370147026316,92.48021967587168,28.197464802276844,13.705554612001421,48.05788725988281,30.633275486307777,6.688081725121011,8.658310101194175,30.497620630522604,6.267261157255609,5.0674887949519185,34.40186790064242,19.777323885467762,3.336703038847266,35.42449965035057,23.318767335343026,2.6745276727814113,16.872619654656717,3.5826887902044215,100.58252312323955,18.39393315618298,3.781249922110284,110.3871933240862,19.94862970957859,5.484051840323923,120.03959008834055,21.93547341403706,7.6669858820726144,129.51443204500814,23.315799108386177,14.503666330236747,137.40110074435196,5.945950276608304,8.20184311967281,147.61385574111864,-6.177882314082012,10.564889889376742,120.61986724521262,-11.923682728636226,17.483469669893424,98.87290116585491,-15.75712684021969,21.874555320139695,89.39811705821259,-15.75712684021969,21.874555320139695,89.39811705821259,-9.27442015335791,19.334538615827224,93.78461679122242,-9.27442015335791,19.334538615827224,93.78461679122242,23.315799108386177,14.503666330236747,137.40110074435196,44.147547811482085,11.079125233329652,137.59018561063195,40.69002465173054,15.396419284217261,108.42422553183543,50.594704813310564,33.04087569015962,96.40832060230132,56.98210656009935,39.40168304770035,89.88990902307135,56.98210656009935,39.40168304770035,89.88990902307135,54.3756216920503,37.61000709025173,97.48692716507259,54.3756216920503,37.61000709025173,97.48692716507259,24.879203097045444,11.287412470587146,141.45835426989524,27.674176271441276,13.595492195422613,147.96415202579814,30.97371467286528,17.456989826028572,153.41083853126665,35.60823795451558,22.542052040469994,160.2882564125286
4.55833151,16.362,7.35942,92.3178,6.202022070518343,5.638288032243388,92.16246799424493,1.9651072876867746,6.746892526706686,47.67602453730089,0.671079327125168,1.419682958344187,7.958885799193986,1.8914140459352924,2.0575947874134823,4.613240642277299,-8.555320633687625,11.412733069657252,2.586498612895922,-10.671319705152092,13.340372005425973,2.1082033612260487,26.521977929481654,9.080551967756612,92.47313200575508,28.177569160664458,13.754911885065304,48.047537138734015,30.63336884766994,6.688926315577678,8.657872561346508,30.496272375702524,6.268739657137539,5.067031772193779,34.39963766783938,19.779162071431507,3.3370645518440565,35.42195627060588,23.320743321646503,2.6751426968164917,16.86992395797568,3.617050297404179,100.56217900733023,18.37530761151662,3.8006804243447387,110.36959860029818,19.906706204181138,5.4931570042804925,120.02753421911207,21.867597238187745,7.676707673692536,129.50763927482018,23.20509437813311,14.513760355663628,137.4013617028379,5.815380197524597,8.230275256870248,147.5915846920558,-6.282272433879015,10.58053611469318,120.58473747972687,-11.86780353214484,17.703784375737737,98.86210691154221,-15.671102814763604,22.371230158687162,89.50805296360481,-15.671102814763604,22.371230158687162,89.50805296360481,-9.191568994008554,19.819737646107235,93.89258009634149,-9.191568994008554,19.819737646107235,93.89258009634149,23.20509437813311,14.513760355663628,137.4013617028379,44.04139948891009,11.124587477218522,137.6961249478693,40.71553190849156,15.441264253303352,108.5147674042537,50.69808325172351,33.205910814352706,96.74287276147274,57.25929840807683,39.893143673444996,90.74455356429927,57.25929840807683,39.893143673444996,90.74455356429927,54.40101301898271,37.74730746500878,98.1569851730778,54.40101301898271,37.74730746500878,98.1569851730778,24.75746945222896,11.29910190053672,141.4641107399071,27.55030125311564,13.586974867125425,147.9779605480627,30.9201470701527,17.412751706937055,153.40678014755747,35.69820037921401,22.423098177698925,160.2406791302095
4.56666484,16.3544,7.37676,92.3021,6.196078252030198,5.646359673085147,92.14151113570132,1.9809792324839393,6.736866233484405,47.65254803307162,0.6926275081833693,1.4069767768520443,7.935584303393455,1.9090650826855224,2.048358146554487,4.589183339740423,-8.54237776412115,11.402645407535516,2.582889926756756,-10.654744392259628,13.332281554458374,2.096657622486894,26.5127217479698,9.107160326914853,92.46268886429867,28.17412749337172,13.771008014386274,48.03620624472577,30.638751740016158,6.680344018732676,8.65152786450291,30.50132832705823,6.260498442152005,5.060659676864072,34.4055687970142,19.770786177086176,3.331615816215831,35.428124958517586,23.312431564926214,2.670404455936194,16.861837244539114,3.632796945694921,100.54578552562221,18.354121760276595,3.8109221977224332,110.35530831519155,19.869249116347266,5.4958283924291065,120.01713315578587,21.810514538296342,7.669181799849322,129.50361841474242,23.119545942577798,14.495943747032609,137.41100735453128,5.699231126048463,8.209351589289408,147.5469029526129,-6.314593881609175,10.667770064129387,120.5122786917147,-11.776867289506693,17.92095038625143,98.80130343328476,-15.493571124571302,22.7281005785863,89.48326284195791,-15.493571124571302,22.7281005785863,89.48326284195791,-9.049910659545272,20.18817623454352,93.92697467912325,-9.049910659545272,20.18817623454352,93.92697467912325,23.119545942577798,14.495943747032609,137.41100735453128,43.9551039402195,11.110980262532191,137.79380491918852,40.820878899414936,15.521011763650774,108.60519451730855,50.88943790955243,33.400114483810114,97.08246447528421,57.562579430801016,40.20890820039855,91.35027717956558,57.562579430801016,40.20890820039855,91.35027717956558,54.532860463109756,37.93709045334985,98.6563156310638,54.532860463109756,37.93709045334985,98.6563156310638,24.65746945318681,11.276016830996738,141.4750803143714,27.41884896008166,13.548351768266757,148.00775118119634,30.805368282127485,17.342895159239628,153.44810400412376,35.63777976399572,22.299236316582277,160.2831623131903
4.57499817,16.3425,7.40538,92.2898,6.185834753828775,5.665776475106081,92.12395228854695,1.992541392041793,6.738273149750746,47.63249081654235,0.7098622724740993,1.405795702104161,7.915690866942114,1.9224101364744346,2.050652884483717,4.568546302475004,-8.533686090176793,11.404105340959195,2.582711504848856,-10.642393388982002,13.335727902715806,2.0885474715780568,26.499165246171227,9.144983524893918,92.45564771145305,28.16643289159381,13.798352241088747,48.02828586720591,30.639859861792697,6.6830375000810545,8.64860538539535,30.502108212383643,6.263537141103779,5.05770942818592,34.40731114409177,19.773666577918107,3.3296024689090116,35.430127899105614,23.315369958106665,2.6691051774506094,16.849430118613917,3.6598137314975325,100.53278842275049,18.3286248385693,3.83239483180807,110.34439266388617,19.827501718797528,5.5096836869354515,120.01007676977245,21.74916278443585,7.672785715189171,129.50289444444493,23.029749219067327,14.489199333484642,137.4238568552732,5.578966297613288,8.199643358894466,147.5053572352159,-6.350919899616473,10.766409832424324,120.44364541146925,-11.691100939077197,18.15042623610651,98.74640433210764,-15.326567286508395,23.098483478629177,89.47016722904272,-15.326567286508395,23.098483478629177,89.47016722904272,-8.918842850592462,20.568330914719006,93.97105006582805,-8.918842850592462,20.568330914719006,93.97105006582805,23.029749219067327,14.489199333484642,137.4238568552732,43.86414616887781,11.108179250820129,137.8945964630683,40.92129239542283,15.611867270696749,108.70036539719362,51.07163317727948,33.60441857261987,97.42871148572868,57.84846758933574,40.53222739598,91.96716947916975,57.84846758933574,40.53222739598,91.96716947916975,54.65128097494926,38.13452434185639,99.16074776614198,54.65128097494926,38.13452434185639,99.16074776614198,24.553202529931646,11.263975442463146,141.4891794690888,27.283036466117014,13.520722006210793,148.0404856846739,30.68603921979692,17.283479178602683,153.4926175816992,35.57237141918472,22.184392253891655,160.32930897096693
4.5833315,16.3251,7.44185,92.2804,6.170122538728233,5.692927702868402,92.10929076688161,1.9986113155736378,6.747412875443469,47.61535120893828,0.7216769464067443,1.4124009787034915,7.898706507145015,1.930332723607474,2.0607571066006067,4.5508302568547565,-8.530468850544784,11.413275163429102,2.585481070854832,-10.635512212124574,13.346850090794378,2.0833946927950193,26.480077461271765,9.190772297131598,92.45150923311839,28.153168053058245,13.833716460697719,48.02327564662878,30.635492185705274,6.6938835512831245,8.648593011512624,30.49741749847315,6.274736298868379,5.057668227402141,34.403406603935004,19.78476286501788,3.3305341011837815,35.426437760045005,23.326539055841483,2.670759679624968,16.83156870871276,3.6946796086511595,100.52268769576708,18.297675335528773,3.861706272204265,110.33635227597708,19.780284089510825,5.531362849179196,120.00586608164384,21.68231223812499,7.684196602905638,129.50496997575382,22.9343409544151,14.490230705260574,137.43941171019026,5.453318424937912,8.197548548639094,147.46642479683018,-6.392381774415579,10.872632007584945,120.37823480719243,-11.61165174362733,18.388299754854764,98.69678048463527,-15.171429413463347,23.478113540592073,89.46800811780774,-15.171429413463347,23.478113540592073,89.46800811780774,-8.79958280969724,20.95611740114298,94.02406530406454,-8.79958280969724,20.95611740114298,94.02406530406454,22.9343409544151,14.490230705260574,137.43941171019026,43.76721729224582,11.11322772439658,137.99807368302245,41.01543447439919,15.710825938419347,108.79984593499263,51.24307177861085,33.81593148080795,97.78113046028925,58.11516168288634,40.86019865976174,92.59449946416727,58.11516168288634,40.86019865976174,92.59449946416727,54.75467704482915,38.33674709223946,99.66965924593298,54.75467704482915,38.33674709223946,99.66965924593298,24.443356628599847,11.25971036738266,141.50591354021836,27.1415027916957,13.500872582388023,148.0756708196849,30.56071358877908,17.231366559401927,153.53981976669132,35.50040878944861,22.075538572138022,160.37860250354638
4.59166483,16.3084,7.46502,92.2763,6.1551106509595375,5.706843833403808,92.09992888027048,2.0053803433118853,6.743312951415615,47.60352933613659,0.7341870253416252,1.4057650676859579,7.887041200511597,1.9389600681488934,2.057616335970204,4.538444228201978,-8.526475912098356,11.409228920655059,2.59356561777145,-10.627825420284896,13.344747712502102,2.0835582298336384,26.461689349040462,9.223196166596193,92.45267111972953,28.140648651151764,13.855670824752496,48.02356605949459,30.631850486958463,6.691209376191389,8.653918039028945,30.49345299926839,6.272406950467377,5.062965448530322,34.400342254528375,19.782293528806676,3.3367725312867726,35.42361801206979,23.32413222467405,2.677713356337699,16.81438575620428,3.7162499083411324,100.51788990540675,18.267413717193474,3.877701940454602,110.33359273435944,19.733775167543484,5.539698107786704,120.00690301973232,21.616188858470643,7.682225747110219,129.51224220628137,22.839678938912684,14.477837911337096,137.46005757168032,5.328545352570064,8.182193860494696,147.4325224297962,-6.432812503375876,10.965751419507061,120.31852253416952,-11.532393640054368,18.613844761810782,98.65490227582298,-15.022136658449632,23.845992110211917,89.47913044882965,-15.022136658449632,23.845992110211917,89.47913044882965,-8.68603037902648,21.330483113106066,94.08830851602319,-8.68603037902648,21.330483113106066,94.08830851602319,22.839678938912684,14.477837911337096,137.46005757168032,43.670615718263676,11.104553876269673,138.10659956833754,41.109695243927646,15.796367024528053,108.90599516798383,51.410393323914775,34.01296266908619,98.14203844066395,58.36933080278922,41.170888742055155,93.23431551349175,58.36933080278922,41.170888742055155,93.23431551349175,54.849825875377235,38.52199961067556,100.18521633204368,54.849825875377235,38.52199961067556,100.18521633204368,24.334237152105924,11.242000464902288,141.52767098246886,27.000603203710927,13.467540995479421,148.1156883570746,30.43581465468289,17.165240229232055,153.59207897191538,35.42838969663594,21.951285692800614,160.43338760093675
4.59999816,16.2973,7.48457,92.2763,6.14161588760896,5.740532054949937,92.0974518365939,2.0130474808629444,6.754820472703778,47.598572702772685,0.7409069183957733,1.3987780826351308,7.8846047822146375,1.9449288799246314,2.0488981056061837,4.535401158143937,-8.518354059212193,11.402726051726336,2.589591843244401,-10.619225891972157,13.33866630730936,2.0792163402772994,26.45298411239104,9.228607945050063,92.45514816340611,28.14146647507071,13.837469583816848,48.02394827013715,30.63372401415783,6.68361075287737,8.652439080421644,30.497208802744936,6.263960478612702,5.061513421491556,34.40485787020182,19.773481464384705,3.3341794929794046,35.42843119136152,23.315144985853554,2.6746411874148257,16.796790220199195,3.7310165950619503,100.51610881517911,18.239616490084494,3.881335594548742,110.33349317119381,19.695173883543376,5.5293343032591356,120.01082916674734,21.559498636296077,7.654645383353728,129.52359559242504,22.753532167279126,14.437204695432442,137.48702543458617,5.205659258802115,8.113032586845485,147.37651441880115,-6.360586361731318,11.142965886214784,120.2050553470681,-11.40814231621933,18.897792498522033,98.56721013689608,-14.836897811616891,24.136404673455164,89.37215499490333,-14.836897811616891,24.136404673455164,89.37215499490333,-8.531587738884868,21.619711526561964,94.02273251224985,-8.531587738884868,21.619711526561964,94.02273251224985,22.753532167279126,14.437204695432442,137.48702543458617,43.581660088895674,11.063910843378759,138.21843825131424,41.25669016692776,15.882422558703604,109.0187262432957,51.54321729620903,34.223000080912676,98.45359122236955,58.539608697287704,41.38499528317665,93.60541703856343,58.539608697287704,41.38499528317665,93.60541703856343,54.9560986123963,38.73941525986271,100.52480375744884,54.9560986123963,38.73941525986271,100.52480375744884,24.229829188189303,11.194279269400093,141.55566266088746,26.848860256529072,13.414115114879184,148.16455943604572,30.26532395012044,17.091969240219782,153.6659843756034,35.25305713413933,21.841347088404625,160.53631684402208
4.60833149,16.28,7.51318,92.2786,6.121923675183432,5.783386968070136,92.09728189310512,2.014373591259428,6.775457338366556,47.59595684610864,0.7411051377559745,1.4009225942696952,7.884523436827024,1.944372692411093,2.049297033712844,4.534710364162957,-8.516652197707645,11.405462985076454,2.5880008483746995,-10.617024859804172,13.341849225191629,2.077262858491263,26.43807632481657,9.242973031929864,92.45991810689488,28.136078869763445,13.828165551089938,48.02663216977795,30.629308791865096,6.684786998380392,8.653281701495139,30.49466979440676,6.264281456651314,5.062385257243571,34.40319608904287,19.773398310289174,3.333875772486368,35.42709776984252,23.31487586154349,2.6738487112098075,16.772950227659646,3.7548521412839935,100.51662614307271,18.205551630292856,3.8940544597373172,110.33567166573481,19.6502849584274,5.528073609210749,120.01699936756019,21.496490550537303,7.636191558274145,129.53712240588794,22.661072057802908,14.405724259505714,137.51598314322953,5.0766825777172,8.053496279771995,147.32227883253745,-6.294685473122511,11.33032923772832,120.09727054864537,-11.290631455654918,19.191308440715694,98.48576824200741,-14.658239556476259,24.436342387015543,89.27179540656293,-14.658239556476259,24.436342387015543,89.27179540656293,-8.384024750621625,21.918425330580614,93.96358323431821,-8.384024750621625,21.918425330580614,93.96358323431821,22.661072057802908,14.405724259505714,137.51598314322953,43.485970366060194,11.031992229709303,138.33239693651615,41.39661539669988,15.977624370879191,109.13612936382398,51.666493525013166,34.440586835846254,98.76983192998534,58.700431122243785,41.606338084247014,93.98191048585403,58.700431122243785,41.606338084247014,93.98191048585403,55.05281732453684,38.96408191277288,100.86899598415073,55.05281732453684,38.96408191277288,100.86899598415073,24.11904198926881,11.15572422329026,141.58558392654243,26.69061984813044,13.369862453788098,148.21499496482934,30.088158429802426,17.027721785782724,153.7414140763237,35.070767751553134,21.740017305415638,160.64093694162756
4.61666482,16.2597,7.54575,92.285,6.099264369388404,5.830131583842878,92.10121736659602,2.0125531447585754,6.799934565235395,47.597482963809476,0.7380759816371367,1.406949373967275,7.888589773776538,1.9405713098706037,2.0535942719962534,4.538165143221513,-8.518272525216748,11.412022687558963,2.5906117488202955,-10.618162621507098,13.348839741332823,2.079523137508669,26.420135630611593,9.261368416157122,92.46878263340398,28.12756672863841,13.822958151738712,48.033428686577714,30.621797767913794,6.6901319455586545,8.658228604227062,30.489034530251928,6.268773774954611,5.067362266086535,34.39834144848254,19.77751559408269,3.3376874749149295,35.42254618711739,23.318815020434023,2.6771750633119122,16.74613240779371,3.78265086675775,100.52123526743496,18.168486543921993,3.9107595549759,110.34192138989309,19.602350837271388,5.530822599490596,120.02720961278328,21.4303725662353,7.621781954965544,129.55462293291313,22.565386836579382,14.37831716232554,137.54874679634057,4.944803393647895,7.998205313730127,147.2716167826204,-6.232024542801316,11.522177731211352,119.99696083025614,-11.17685738926654,19.48865020742378,98.41234949147433,-14.483217589360443,24.740010021405364,89.17981662328489,-14.483217589360443,24.740010021405364,89.17981662328489,-8.240369015233746,22.220921970801772,93.9126369059065,-8.240369015233746,22.220921970801772,93.9126369059065,22.565386836579382,14.37831716232554,137.54874679634057,43.38669435419045,11.004076457163814,138.4502132464663,41.532434640368166,16.07735708275238,109.25997059163858,51.78279705825813,34.661368321329164,99.09256685094054,58.85420639064645,41.83073394065285,94.36564105279913,58.85420639064645,41.83073394065285,94.36564105279913,55.142463434689574,39.19170671426157,101.21962166854601,55.142463434689574,39.19170671426157,101.21962166854601,24.005021311482082,11.121272594108458,141.6192431237335,26.528989883397003,13.329751194859485,148.26880825391385,29.90735706643725,16.96753343867621,153.8201762858163,34.88446751813184,21.642428089449172,160.7490486357883
4.62499815,16.242,7.57678,92.2926,6.079208007432792,5.875442540496377,92.10636204817071,2.0131783606109117,6.822868912173776,47.600251361755795,0.7373029653614012,1.4113652806780426,7.893922519717215,1.9390269137344929,2.0562634697153594,4.542884513176112,-8.517531250786488,11.41707164591703,2.594494757417373,-10.616917412389029,13.354342766612827,2.083056946642875,26.404791992567212,9.278117459503624,92.47883795182928,28.121660804557393,13.815964706344124,48.041416715929934,30.616805910538403,6.693631351454475,8.664375204766024,30.485912707016784,6.27141831790349,5.073540626680934,34.39614408785464,19.779741443344896,3.3426859571676943,35.42068970603424,23.320851001520843,2.6816844497080456,16.721869350779226,3.808932916994913,100.52704938777164,18.133952401780586,3.925980058412258,110.34935565789786,19.556928368517745,5.532122541667835,120.03856742986208,21.366735169364237,7.605964251580194,129.5731968902154,22.47218786877577,14.34954446557877,137.58238798374856,4.815665542632587,7.942008038038399,147.22166623038873,-6.166996026761138,11.713472108601145,119.90127228636558,-11.061175996071942,19.784810956337072,98.344092650035,-14.306160496872915,25.04243549449239,89.09336723868414,-14.306160496872915,25.04243549449239,89.09336723868414,-8.094961233691995,22.522162521812177,93.86702187742817,-8.094961233691995,22.522162521812177,93.86702187742817,22.47218786877577,14.34954446557877,137.58238798374856,43.28948284308161,10.97436839893141,138.5690010344791,41.6698380566546,16.175643796007993,109.38732516331697,51.89818135208579,34.879105574560214,99.4187237985796,59.00710782894617,42.051779115594584,94.75349288776682,59.00710782894617,42.051779115594584,94.75349288776682,55.23118455759751,39.41599523130675,101.57358068177507,55.23118455759751,39.41599523130675,101.57358068177507,23.893422287710326,11.085477004558896,141.65372479471702,26.369667231106565,13.28831702884914,148.323073961629,29.728678089042706,16.905893457051004,153.89933600217958,34.69998885464263,21.54300013876434,160.85770157037445
4.63333148,16.2199,7.60437,92.2998,6.054907827389757,5.916639159961153,92.10986961181985,2.018470292359445,6.840413140855577,47.60056815798864,0.7328898199638754,1.419409482718775,7.895848263781325,1.9346063624684746,2.0627950728735502,4.544516860077421,-8.517483208547992,11.428273630222362,2.5945948125872174,-10.61858883077746,13.365352207254046,2.0895284451258482,26.384892172610243,9.292100840038847,92.48973038818016,28.118196181871603,13.788385085412575,48.048722440044216,30.612753227080233,6.698421362127736,8.665802547777403,30.48407289758514,6.276067319483466,5.07490457107811,34.39318510408791,19.78495554676742,3.3459333105535025,35.41751435562274,23.326050088758976,2.6845161587289463,16.69253892957623,3.831276477252238,100.53226504185399,18.094310926179638,3.934437988121382,110.35620376380322,19.5066517511772,5.523565946238736,120.0497761067104,21.29710346963884,7.57631057361618,129.59262165607515,22.37049579605138,14.304541341306521,137.61906429253023,4.667170829253674,7.854964171106366,147.14378099622226,-6.1064391756624925,11.893274215687152,119.77832647622921,-10.872025276300981,20.086626675788956,98.23837135041836,-14.088806911224438,25.29744873729344,88.95138528456141,-14.088806911224438,25.29744873729344,88.95138528456141,-7.890045454023639,22.74079114328127,93.72185791287254,-7.890045454023639,22.74079114328127,93.72185791287254,22.37049579605138,14.304541341306521,137.61906429253023,43.18447763402564,10.939926669958592,138.70650026849756,41.76694905725378,16.24909259758804,109.53373743178747,51.92784885427042,35.07271173232559,99.72359063241032,59.10122531634087,42.2573600750726,95.17694800786413,59.10122531634087,42.2573600750726,95.17694800786413,55.218744457881336,39.61368115705099,101.93385964824151,55.218744457881336,39.61368115705099,101.93385964824151,23.775354898396053,11.032667772335358,141.68981868738473,26.2031793762883,13.23424308723742,148.37736277620098,29.524924050015663,16.84327279178816,153.98141741697086,34.45494237699066,21.464392449924247,160.97968240818682
4.64166481,16.1986,7.62785,92.3075,6.031401412747799,5.953884289738936,92.11388569720444,2.024301110543319,6.8539183691740355,47.601447120173766,0.7288379490123333,1.4235006249404458,7.8983349246515,1.930553060517043,2.0653603165922982,4.546710427394414,-8.516919492242017,11.435675253403044,2.595281144963832,-10.619700595189434,13.372588957457936,2.096595651860603,26.3657985872522,9.301815710261064,92.50111430279557,28.115491060201318,13.756442278311248,48.05655354853312,30.60936757864984,6.698776100237542,8.667789824348965,30.482893256166623,6.276277721272331,5.0768304526595305,34.39107640087006,19.78567282496314,3.3497203114610263,35.41524013878871,23.32673650210604,2.687881742056298,16.663944911599874,3.8495213278883953,100.53797930033528,18.055378192093816,3.9388072942520225,110.36352358462531,19.457067203685064,5.510930335062333,120.06141387580399,21.22813650731478,7.542585007995772,129.6123861745853,22.269503054685202,14.25546457076273,137.65588326452098,4.51985110045878,7.764597846934049,147.0656384960517,-6.04366726943371,12.069661817472138,119.65897460752782,-10.682002157212544,20.385832667968224,98.13831815624427,-13.874981837313932,25.55115039197861,88.81775838746708,-13.874981837313932,25.55115039197861,88.81775838746708,-7.687310601743599,22.957401423232138,93.5826027418386,-7.687310601743599,22.957401423232138,93.5826027418386,22.269503054685202,14.25546457076273,137.65588326452098,43.07956743768749,10.90079250666131,138.8443211289621,41.863832387715405,16.318182234494547,109.68234934266074,51.95554080562652,35.26019538343154,100.02993714086577,59.192126288688954,42.4567972493374,95.60396685618984,59.192126288688954,42.4567972493374,95.60396685618984,55.203676896047746,39.804681844299644,102.29553663274194,55.203676896047746,39.804681844299644,102.29553663274194,23.657905194675767,10.975784201173575,141.7260015997787,26.037212588858985,13.176029813330898,148.43139697012543,29.321561230886058,16.776400736317047,154.06299485323382,34.210077660599424,21.38135181342875,161.10091877867023
4.64999814,16.1813,7.64446,92.3149,6.0119192392797824,5.984235238312369,92.11760961966506,2.033880720849736,6.860361518280314,47.602087444389646,0.7284562483378387,1.4205787921139414,7.900583561933644,1.9301588612418694,2.060917802064032,4.548663720100346,-8.51271999230043,11.436045065985255,2.5957604875975187,-10.617168250638057,13.372783255308445,2.103466877140449,26.350680760720216,9.30468476168763,92.51219038033493,28.116650559728367,13.717600860914093,48.064112531903966,30.60989236003368,6.69221404775315,8.669538474799666,30.4856258115432,6.269566639667369,5.0785195613205625,34.39285702315163,19.779472653719484,3.353252987566959,35.416850382353275,23.320505967558645,2.690988470782175,16.639354557834633,3.860915927761588,100.54339216016983,18.020418611913847,3.936363387224733,110.3705152793635,19.411407897814218,5.491517998658769,120.07268111908434,21.163027619015338,7.502125451718529,129.63169074678112,22.17227974774971,14.199672098520566,137.6920456273404,4.3769071580702,7.6679111188792906,146.98644188203704,-5.975564827614766,12.239422545137014,119.54242015224672,-10.488090651839968,20.6792036034058,98.0431478712092,-13.661730084253616,25.800414776819533,88.6916950588813,-13.661730084253616,25.800414776819533,88.6916950588813,-7.48378713038759,23.168952254889774,93.44847722839675,-7.48378713038759,23.168952254889774,93.44847722839675,22.17227974774971,14.199672098520566,137.6920456273404,42.97787782494106,10.854656836579814,138.98159996421617,41.96346762723923,16.38050740934714,109.83228317911389,51.98396260603033,35.43928002820861,100.33679114960017,59.28232756738492,42.647894992308665,96.03351332669722,59.28232756738492,42.647894992308665,96.03351332669722,55.18862275318255,39.98677122939502,102.65760209168194,55.18862275318255,39.98677122939502,102.65760209168194,23.54420189441774,10.912209803358225,141.7614741343138,25.87485710889938,13.111105370142695,148.48437648821462,29.121606870978972,16.702770429389965,154.1432694530195,33.96832199084582,21.291467091192118,161.22061047767136
4.65833147,16.1607,7.66103,92.3197,5.989161174865757,6.01452227850797,92.11873965104073,2.0399174531792523,6.866662381894237,47.600188085194375,0.7244563831889212,1.41765508724595,7.9002805114202275,1.9261360219998094,2.056485756701271,4.548064637549542,-8.512170678982578,11.43640730605942,2.593739704455552,-10.61827732526869,13.37296070821409,2.107852886387143,26.33223882513424,9.30753772149203,92.52066034895927,28.114357071259196,13.678750974309205,48.069106365940584,30.606998000678885,6.685678930241683,8.668745145851965,30.484939164274852,6.262883148292191,5.077667980039259,34.39118992836682,19.77330804740189,3.354245509039318,35.41500648235223,23.31431295651163,2.6915559006658647,16.611468895063915,3.8722758179696033,100.5461969522811,17.98213320776691,3.9339025873191003,110.37487237288492,19.36237495522464,5.472106346146539,120.08127443313897,21.09447983898254,7.461691081409385,129.64823551246144,22.071528489726635,14.143912242426513,137.72526083341558,4.23103047700225,7.571630435215614,146.90386265202508,-5.909317981463378,12.409359859315963,119.4263003729566,-10.297383762690634,20.97358559504753,97.95049029540527,-13.456081884428745,26.05223244180071,88.57080835983007,-13.456081884428745,26.05223244180071,88.57080835983007,-7.286549333376215,23.382409965105307,93.31711922177318,-7.286549333376215,23.382409965105307,93.31711922177318,22.071528489726635,14.143912242426513,137.72526083341558,42.87210884461199,10.808273460586548,139.11607342217167,42.05858852395501,16.442852951333798,109.98127600927847,52.00584916211328,35.61678372650054,100.64190308248834,59.36450687500997,42.837474726550965,96.4633580035068,59.36450687500997,42.837474726550965,96.4633580035068,55.16629671667177,40.166762814663834,103.0178129849598,55.16629671667177,40.166762814663834,103.0178129849598,23.426947793954735,10.848687287083138,141.79394097510868,25.708818844044515,13.04620462105199,148.53400726411272,28.917773851881968,16.629117146829127,154.2199422877306,33.72239317129453,21.20147107928247,161.3364550010127
4.6666647999999995,16.1367,7.67905,92.3249,5.964843037429411,6.035408882159642,92.1167062951271,2.0402874130755513,6.875059994047303,47.59573425484413,0.7333481460066382,1.4178173252150952,7.896676433585071,1.93282905846845,2.0579161222900817,4.543915047171936,-8.50715824164319,11.438077764083669,2.5997458808358567,-10.6111301434992,13.375816434888339,2.109356887516726,26.30855696257059,9.322691117840359,92.5330937048729,28.11004132373296,13.643172214096786,48.0773606725251,30.607162839408357,6.6849773061870925,8.671108789740174,30.486038286975326,6.263015123341226,5.079901944869518,34.39087218967959,19.774378579290435,3.360631531719883,35.41429233106619,23.315413235209444,2.6974887119707978,16.581731020118152,3.883277290515583,100.54847342543775,17.93784062147511,3.93265155344525,110.37923677177396,19.301469328909857,5.4555278694910685,120.09040269120334,21.00974632105199,7.4234257700555055,129.6661296407081,21.955056333182362,14.085883073130518,137.76323365459285,4.060738635302389,7.482940032138121,146.81417427779604,-5.8425840277800845,12.558194056641476,119.2930420616673,-10.059349669038863,21.230844197853013,97.82642776656144,-13.183315647680894,26.281441780306444,88.42000647814007,-13.183315647680894,26.281441780306444,88.42000647814007,-7.034071153809169,23.541256287011574,93.15252445176559,-7.034071153809169,23.541256287011574,93.15252445176559,21.955056333182362,14.085883073130518,137.76323365459285,42.75033556107358,10.759703007738931,139.2524874431151,42.091075301160636,16.485342037211428,110.13154729253134,51.9675562455723,35.75625440667841,100.91750567969945,59.38456565220485,42.9412748058459,96.78085073199891,59.38456565220485,42.9412748058459,96.78085073199891,55.1165920556853,40.30792492845051,103.30529864399865,55.1165920556853,40.30792492845051,103.30529864399865,23.29783751960203,10.781151283211265,141.82839214770163,25.534191020539247,12.97620200817629,148.58449952075134,28.698479139935863,16.557485222542084,154.29643463404238,33.44554779134897,21.12959564638215,161.45162058392404
4.67499813,16.1119,7.69597,92.3266,5.939733017087846,6.05518144951195,92.11117805511228,2.0397811246125817,6.88223992122029,47.5878083289701,0.7413108131866459,1.4167084367827476,7.889612902314148,1.938587206439534,2.058076566276682,4.536306175480349,-8.503088903284073,11.438460766774057,2.602306881094089,-10.604923644556294,13.377374532379111,2.10741859589391,26.28406698291215,9.33675855048805,92.54202194488772,28.10486071748441,13.606397511045252,48.08216369530898,30.606516212089872,6.683004814825666,8.670069954297908,30.48632923445161,6.261867460901761,5.078734789886745,34.3897535690815,19.774162063361032,3.3635863880948684,35.412780062120696,23.315224084940727,2.699982459937522,16.551199658455428,3.8932022647462574,100.54724938531587,17.892745736201555,3.9303519527782993,110.3800644991255,19.2397406583825,5.437927019971347,120.09593816734477,20.924153767614765,7.384151506621503,129.68031826025688,21.837646858593835,14.026812885235206,137.79731412866826,3.8902362137779996,7.393693974590849,146.72015972318596,-5.774311870232642,12.706302850880443,119.15896564710472,-9.820600068493674,21.488174094669766,97.7039477838141,-12.914220098193432,26.513109900586606,88.27378362357175,-12.914220098193432,26.513109900586606,88.27378362357175,-6.784787411743113,23.701357017318394,92.98999517729486,-6.784787411743113,23.701357017318394,92.98999517729486,21.837646858593835,14.026812885235206,137.79731412866826,42.62708684820458,10.709722700503997,139.3851070826562,42.12190895464197,16.526459193354555,110.27914388765787,51.926407002958015,35.89310855324793,101.18979777082917,59.40192095904059,43.04222804511945,97.09648097216561,59.40192095904059,43.04222804511945,97.09648097216561,55.064119014883474,40.446199327107436,103.58975903045693,55.064119014883474,40.446199327107436,103.58975903045693,23.167798326519964,10.712593813248143,141.85889954661175,25.358529050969814,12.90510742334407,148.63076003432084,28.47798617603967,16.484657145831804,154.3683834562255,33.16724954253047,21.05637290207236,161.5618363552323
4.68333146,16.0873,7.71069,92.3257,5.914803336699791,6.072912952071136,92.10305053015217,2.039373810557582,6.887480896813445,47.5773093538247,0.7492203556834331,1.413740164655076,7.879973849410973,1.944302385337265,2.0563698835306616,4.526125935385001,-8.498908455791444,11.437143033694463,2.6023267169379043,-10.598570307485147,13.377258925008679,2.1029463792070175,26.259796663300207,9.348467047928862,92.54834946984782,28.099890958466318,13.567292374526348,48.08443524608028,30.605998845708722,6.678734920032969,8.666520801710632,30.48674444040931,6.258430557481645,5.0750569673894494,34.38894349181433,19.771604757699873,3.364055331571943,35.41162532001927,23.312681106993136,2.699996760107572,16.520811460921255,3.900914434035375,100.54341141527425,17.8477870704108,3.9258103862254816,110.37824211863587,19.178158236164702,5.418050953648926,120.09877243805087,20.838712712223302,7.342553291301536,129.69169840590925,21.72043188544828,13.965341931972944,137.82842278778193,3.7205506022066395,7.3028105959751946,146.62273565611082,-5.704309823056395,12.852499872130489,119.02527786481349,-9.581475687211995,21.744305266739577,97.58431510829932,-12.649285589822718,26.746116630900104,88.1334481475564,-12.649285589822718,26.746116630900104,88.1334481475564,-6.539138529389563,23.86152496274983,92.83065844321936,-6.539138529389563,23.86152496274983,92.83065844321936,21.72043188544828,13.965341931972944,137.82842278778193,42.50346050724849,10.656708803739404,139.51473739905373,42.152104290423196,16.564623420742134,110.42487979666758,51.88364258152134,36.02563094768412,101.45951026913566,59.41788423679758,43.13851337409001,97.41098373484067,59.41788423679758,43.13851337409001,97.41098373484067,55.010180032653466,40.579825393705676,103.87192872931098,55.010180032653466,40.579825393705676,103.87192872931098,23.037908412410065,10.6416175192429,141.88637038738534,25.18295384458049,12.831463638722253,148.67370164270403,28.257485250745873,16.40911115288681,154.43670488748836,32.88877650965094,20.980186043273125,161.6680226172019
4.69166479,16.0622,7.72306,92.324,5.8893829621632605,6.088273679066358,92.0941261006839,2.038378942454335,6.890323285228786,47.566038484894236,0.7564855497265712,1.4083827719910795,7.869566888176678,1.9493663323697588,2.052281701322329,4.515178799298671,-8.495394737456362,11.433421595186275,2.6016110617991566,-10.592882837091675,13.374728653081675,2.097745143370714,26.23501703783674,9.357846320933643,92.5538738993161,28.094339365509832,13.525828161836209,48.08596468260429,30.604948992327053,6.672102687289611,8.662265387493953,30.48662982685133,6.252629438828489,5.070673454589186,34.38760064930346,19.766682049246267,3.36381385718885,35.40993783708531,23.30777239060089,2.699299381467426,16.48993305495973,3.906285700953647,100.53876605499718,17.80233144748092,3.918941482616583,110.37557597137243,19.11606270044993,5.3958586434208495,120.10070861496627,20.752725635746614,7.298636163344484,129.70207055931039,21.602592120126957,13.901506932178489,137.85834828354245,3.550993294853722,7.2100303168224835,146.52373398745303,-5.633012080427955,12.996489676859792,118.8937203251069,-9.342239691952397,21.999022256882604,97.46925907373507,-12.388643233614113,26.980422770072238,88.00070399814888,-12.388643233614113,26.980422770072238,88.00070399814888,-6.297335204527469,24.021788206703118,92.67627869747582,-6.297335204527469,24.021788206703118,92.67627869747582,21.602592120126957,13.901506932178489,137.85834828354245,42.37868196306429,10.601005273918858,139.64322040277727,42.1808700584387,16.60012150693796,110.57058384340903,51.83824935548434,36.154264529923246,101.72852424229629,59.43130528938234,43.23068683542232,97.72624866835143,59.43130528938234,43.23068683542232,97.72624866835143,54.95369314178276,40.70928764528054,104.15369655482901,54.95369314178276,40.70928764528054,104.15369655482901,22.907406284816215,10.568290458307903,141.9125997589623,25.006665289784152,12.755391912003262,148.715114761798,28.036111715242832,16.331016150659032,154.50319537299484,32.60918395347905,20.90127589777256,161.77198321101756
4.69999812,16.0355,7.73433,92.3228,5.86379081045294,6.093896380046308,92.08429525830813,2.0246116058799752,6.892709398616375,47.5551283780875,0.7628207921464876,1.409849396719852,7.858139703479189,1.9545957673879404,2.0572653047072396,4.5040355169529125,-8.491845734118797,11.439107233510178,2.603124425251666,-10.59048194214954,13.380352658871237,2.1038223626111114,26.207209189547058,9.374763619953692,92.56130474169187,28.085376690926093,13.497171331223349,48.08993930561797,30.607438048488888,6.672150943839794,8.6619913129759,30.489305782571154,6.253745004111131,5.070268734470021,34.388316652776865,19.768895209629044,3.3676266240114288,35.4100794446878,23.310098439223875,2.7028303368876974,16.459601510601832,3.9107165191901374,100.53457330499171,17.755410786173716,3.9099103721347803,110.3735903652406,19.050039293339793,5.37005678322523,120.10381587788997,20.65861115401015,7.252718143263861,129.7138867315766,21.475950932980446,13.839336197667576,137.8866133290541,3.3695584511747683,7.128560036043551,146.42177726675263,-5.573664209900546,13.100874492171204,118.75235461083952,-9.089974012571613,22.18341091424376,97.32912890243219,-12.055874590863024,27.18365048742548,87.84495794228273,-12.055874590863024,27.18365048742548,87.84495794228273,-6.01454791624219,24.129265789316445,92.52381003229758,-6.01454791624219,24.129265789316445,92.52381003229758,21.475950932980446,13.839336197667576,137.8866133290541,42.24565485163885,10.54742506133978,139.75950121725964,42.14387194679383,16.629286791612735,110.70356688752034,51.73067747440497,36.232208576149375,101.89277126367892,59.371083661295394,43.241349014676565,97.8623116815477,59.371083661295394,43.241349014676565,97.8623116815477,54.859789185432035,40.79076068601126,104.29359380482748,54.859789185432035,40.79076068601126,104.29359380482748,22.765077594898983,10.498112270310292,141.93929172843218,24.822491719128077,12.681660206703189,148.75571872748358,27.80386852543507,16.259951195137905,154.5670643068999,32.31171856798539,20.84171896286707,161.86927168569142
4.70833145,16.0096,7.74377,92.3187,5.839007367841976,6.097701435308901,92.07155914739018,2.01171193335123,6.893303486403386,47.54131179479376,0.7700713474445693,1.4095602670732426,7.843809749326475,1.960741874429936,2.0604927818406695,4.489993952210161,-8.487374877434092,11.443024355459517,2.601735863530628,-10.587155673163544,13.384200415931929,2.1069971476061546,26.180192632158022,9.389838564691098,92.56584085260984,28.077232912354024,13.466727310746343,48.09108038582821,30.610756389296697,6.670467149309116,8.658899539470731,30.49281160685903,6.253132829254079,5.067046126927295,34.38989592281407,19.769371454263613,3.3686385591928536,35.41109322185746,23.310685838936912,2.7035655369370573,16.430074778625354,3.9133100372442766,100.52746850622341,17.709301246127534,3.899012369081444,110.36864497359392,18.98483075615538,5.342352755196597,120.10389905549938,20.565301965574427,7.204844766723661,129.72255869723716,21.35008805170479,13.77514592437797,137.91159375899764,3.1896742224036636,7.045511451942448,146.31613885411943,-5.511413296582836,13.203404500374567,118.61021618709734,-8.835247781547753,22.366221887002006,97.19044951946354,-11.722071963762348,27.385968709615558,87.69219447926241,-11.722071963762348,27.385968709615558,87.69219447926241,-5.731658353649109,24.23570206527262,92.3729332674319,-5.731658353649109,24.23570206527262,92.3729332674319,21.35008805170479,13.77514592437797,137.91159375899764,42.112982146261956,10.491530064129018,139.87248247091497,42.10699193513593,16.65598636280655,110.83378132401336,51.62320025195538,36.30704609667961,102.0537395902487,59.311130919492626,43.24825945823443,97.99618614619189,59.311130919492626,43.24825945823443,97.99618614619189,54.76607707099001,40.8687872179226,104.43040312462531,54.76607707099001,40.8687872179226,104.43040312462531,22.62352458909106,10.425898544058597,141.96260949121512,24.63902996077796,12.605804111987455,148.79270914745103,27.572197318759976,16.186603257547098,154.62699729869348,32.01457447606554,20.779627720937377,161.96218318300126
4.71666478,15.9817,7.75147,92.3144,5.812232910883365,6.099777079264087,92.05861800500327,1.9968801897690618,6.892187086265555,47.52728889566396,0.7754375432944096,1.4075909678005667,7.829278076874914,1.9650054718838206,2.062038085389349,4.475755010434005,-8.484780084410765,11.445247243348081,2.6001407842519813,-10.585701674052817,13.38634622249145,2.1099637629173604,26.151167089116633,9.403162920735912,92.57018199499674,28.067115822367374,13.434575642308369,48.092086777576526,30.61212056789734,6.667120082380011,8.65569145828264,30.49436587816701,6.2508607518776715,5.063707069895593,34.38950783931034,19.768192625420347,3.3695497209318854,35.41013565851206,23.30961996363331,2.7042040345181237,16.398553777808154,3.9141560639187243,100.52015149747929,17.66120514515262,3.8863409742823056,110.3634394078135,18.917641141415277,5.3128403815792,120.10365742737945,20.47000730026903,7.155110996712876,129.73078458608367,21.22221852958246,13.709029408047474,137.9359886341293,3.0085619702704243,6.960980086085827,146.20953285216564,-5.449501862194335,13.303951159490492,118.47012774304508,-8.58163940796992,22.5471638825286,97.05601475205222,-11.390949921465811,27.58706466240028,87.54519799434554,-11.390949921465811,27.58706466240028,87.54519799434554,-5.452310145166873,24.34084091531365,92.2263452623745,-5.452310145166873,24.34084091531365,92.2263452623745,21.22221852958246,13.709029408047474,137.9359886341293,41.97788291249876,10.433406799505626,139.98481302634772,42.06740237896792,16.68040372364531,110.96389406545138,51.51305312966877,36.37895533128345,102.21413700042373,59.24871724316141,43.25158280637893,98.13063934000455,59.24871724316141,43.25158280637893,98.13063934000455,54.66981089365881,40.94351837499681,104.56686540632926,54.66981089365881,40.94351837499681,104.56686540632926,22.479964723619545,10.351741780915274,141.9852504671169,24.453504452602395,12.527915400772237,148.82878177901028,27.338333988038144,16.111061654310006,154.68568650588912,31.715002497963873,20.715090595227714,162.0534019422925
4.72499811,15.9513,7.75519,92.3108,5.782939694186306,6.098052860884962,92.04637609162926,1.9796069327648969,6.887207513580809,47.51396096410639,0.7783245481980425,1.4016795222758418,7.81546372580857,1.9667971120305203,2.0596077479539208,4.462233453597376,-8.484484411778586,11.443666305280983,2.5992464695464417,-10.586508781900585,13.384717142668526,2.113627813613273,26.119660305813696,9.412327139115039,92.57522390837075,28.05460979308336,13.398126088471386,48.093840392713034,30.610999006841254,6.659276481172741,8.653283096346222,30.49342906980724,6.24408046627521,5.061169592749902,34.3868872796341,19.76242323035687,3.371213060429344,35.40701352104694,23.30394128741384,2.705581087999866,16.36447290131929,3.911036016316769,100.5135355959977,17.610553502164485,3.869688776480526,110.35888742223301,18.84792391343101,5.279325276260762,120.10399996361545,20.372209886390827,7.101332112924466,129.73946686461142,21.091931554567303,13.638821250133748,137.96067591481977,2.8257002984959705,6.873133556834996,146.1028657048252,-5.3879599193980106,13.400974125374713,118.33292143090357,-8.328692243492814,22.724916901787164,96.92666798149747,-11.06180448993789,27.785788456116855,87.40479120274358,-11.06180448993789,27.785788456116855,87.40479120274358,-5.175930266468133,24.443418609000446,92.0849193189756,-5.175930266468133,24.443418609000446,92.0849193189756,21.091931554567303,13.638821250133748,137.96067591481977,41.83988742163183,10.370564817003672,140.0974529424122,42.02481842785716,16.699851487073108,111.09482112371309,51.40023745039592,36.44507664737293,102.37478077054492,59.183906041166715,43.2483578820125,98.26645647196364,59.183906041166715,43.2483578820125,98.26645647196364,54.571041560014116,41.01207492086869,104.70377505581381,54.571041560014116,41.01207492086869,104.70377505581381,22.333931613586746,10.273471636422622,142.00810533642678,24.265485461209515,12.445816168739904,148.86481959831235,27.101908388258952,16.031113571790208,154.74400823392264,31.412710385600967,20.645835572169794,162.14379657449865
4.73333144,15.9212,7.76074,92.3144,5.753884815203923,6.098365652279585,92.04276003413297,1.9588530746800834,6.890614642221208,47.509691670541024,0.7803648794640778,1.4023445216860075,7.810890223296084,1.9686337672780292,2.0626109677829376,4.458047382658915,-8.4839928162076,11.446448425467493,2.601504069410911,-10.586300796911155,13.387525889925854,2.11722138735214,26.08851518479608,9.423114347720414,92.58603996586704,28.04411033651708,13.363999118871423,48.10155753577603,30.611022651615563,6.660072292679946,8.655732586034318,30.49494180535846,6.245033830862557,5.063552446349716,34.38604920718541,19.76432879164374,3.3758001094104397,35.405617223499185,23.30600491369975,2.710153862393062,16.331831063875484,3.9094244165168472,100.5139032386298,17.560166195077485,3.851448768227738,110.36140092433962,18.775326244480524,5.241421753486181,120.11213116340308,20.268057864679218,7.044543193877528,129.75608701262075,20.952272652832647,13.57005628476842,137.989832865529,2.634438334527818,6.789474223856091,146.0026751603934,-5.335431086015836,13.449752190903343,118.19316958296272,-8.074916867367715,22.836143112499254,96.78750712274551,-10.697608188895732,27.955094288211193,87.26562233434763,-10.697608188895732,27.955094288211193,87.26562233434763,-4.875522118187339,24.53539728345789,91.96961393029129,-4.875522118187339,24.53539728345789,91.96961393029129,20.952272652832647,13.57005628476842,137.989832865529,41.69745518958929,10.324419631178955,140.18715693573898,41.980282442488566,16.722355660685146,111.20038158994785,51.28787054061268,36.48367100825078,102.44419967259793,59.076708094428795,43.2870795366924,98.3458948051856,59.076708094428795,43.2870795366924,98.3458948051856,54.46430782950731,41.042869672396534,104.78078692820625,54.46430782950731,41.042869672396534,104.78078692820625,22.180305532099474,10.199288456868615,142.037015415135,24.06939430289708,12.373502531356458,148.90495894117285,26.854587466367484,15.966997937592119,154.8036029641684,31.095563395466236,20.598287584959067,162.23332838691428
4.74166477,15.8904,7.76461,92.3141,5.72411927943479,6.097112024633075,92.03524228930992,1.937464092057907,6.892406487078641,47.50151516637628,0.7818019049966725,1.4013639550756478,7.802426052000733,1.9698818899682344,2.063950270259392,4.449973939316466,-8.483975593151275,11.447682368863639,2.5998397214148077,-10.58654335976859,13.388809570202085,2.1168860384328387,26.05668072056521,9.432107975366925,92.59295771069007,28.03296821314184,13.327993111216996,48.10542609783311,30.610366932239305,6.658846819609109,8.65438956805449,30.495774261413942,6.243956299582551,5.06214455695277,34.38468170601377,19.76415436021862,3.3765573333096803,35.40373172295753,23.305974958035918,2.7108865922942518,16.29845426467501,3.906142372079291,100.51036879963489,17.509048745632608,3.8315235085306405,110.35995112927088,18.702012833253733,5.2018062083119245,120.11620763721113,20.16319596066459,6.9859961502049615,129.76851249977207,20.811966526103134,13.499487957951956,138.01463661779462,2.4432200450679638,6.704593196313074,145.89775444855871,-5.282320187235288,13.49706625828398,118.05129938760952,-7.820679782141079,22.945681835727946,96.64821791608694,-10.332543893942228,28.122287156625227,87.12762146069784,-10.332543893942228,28.122287156625227,87.12762146069784,-4.5751193287345995,24.6254434670495,91.85442771232083,-4.5751193287345995,24.6254434670495,91.85442771232083,20.811966526103134,13.499487957951956,138.01463661779462,41.554100680664035,10.276065345303685,140.2726016783006,41.934774956252525,16.742708946466006,111.30219730985155,51.17453933115955,36.5196770789906,102.50959883037427,58.96866000822777,43.322929456164246,98.42109044776788,58.96866000822777,43.322929456164246,98.42109044776788,54.3566619159962,41.07109536906042,104.85360687566558,54.3566619159962,41.07109536906042,104.85360687566558,22.025979028273223,10.123276358284835,142.06151145782218,23.87256065231137,12.299254688929844,148.94044786636877,26.606422991883676,15.900723055465185,154.85821212456742,30.777361651577106,20.54821389767314,162.31741047660685
4.7499981,15.8612,7.76625,92.3134,5.695972985142845,6.093559718237122,92.02731999770295,1.917756805584339,6.891853771468774,47.49292978794374,0.7850513073259151,1.3980433353878867,7.793561973876173,1.9729349823696183,2.062952676770662,4.441500252202989,-8.482220563735275,11.446498830386824,2.5977689567840185,-10.58506191140335,13.387659446629762,2.1161425316526308,26.026427014857155,9.438940281762878,92.59948000229706,28.02338901560021,13.289863085099778,48.10895698244116,30.611351450217636,6.655616175576849,8.652728094336638,30.498252920628893,6.240881481931288,5.060417737464395,34.38484438770167,19.762019451917787,3.3770295574339126,35.40334663988728,23.303994677111522,2.7113432303949616,16.26671181246538,3.9006327666193434,100.50642548082462,17.459574066962965,3.809357513185084,110.35803080738462,18.63033391566297,5.159926502481685,120.11972450377883,20.059947827470197,6.925148146675365,129.7802408279945,20.67322414775645,13.426572314880243,138.03859524555602,2.2544101522468694,6.617577037337063,145.79165033043807,-5.226009103317943,13.541958348220387,117.91077887952275,-7.563278685896382,23.05258303403071,96.5122581076561,-9.963902362662193,28.28637881357266,86.99423055298573,-9.963902362662193,28.28637881357266,86.99423055298573,-4.271990655228393,24.712701846975946,91.74286454677365,-4.271990655228393,24.712701846975946,91.74286454677365,20.67322414775645,13.426572314880243,138.03859524555602,41.412097514319754,10.225323768568124,140.3572431425827,41.89042699794988,16.760719206069695,111.40371953973646,51.06197183600569,36.55311429614507,102.57448604401941,58.86136357229971,43.356092698524805,98.49558493815186,58.86136357229971,43.356092698524805,98.49558493815186,54.24972353200074,41.096840950175306,104.92575666447887,54.24972353200074,41.096840950175306,104.92575666447887,21.87322615510697,10.044906860243763,142.08509509447148,23.67722565314587,12.222568799154857,148.97478926717562,26.359603510222666,15.831825390215002,154.91133939281704,30.460229652724998,20.495213202726724,162.39954477434495
4.75833143,15.8286,7.76613,92.3142,5.6644170572879595,6.088353861020874,92.02089615659885,1.8947081952668237,6.889588872276921,47.485837833943236,0.7849866198517479,1.392979480884529,7.786208327945133,1.9726876276283765,2.0601944246328583,4.434540030132043,-8.483673662222655,11.443644943190312,2.597170730865102,-10.586769452231609,13.384856828683828,2.116863747191823,25.99278294271204,9.443906138979127,92.60750384340115,28.0104602879034,13.249791609156173,48.114040096817014,30.608952288549933,6.650311602527476,8.652673132979032,30.49734639790842,6.235723773958944,5.060299140592251,34.38178921814474,19.75774815275878,3.3790728989883867,35.39978824370676,23.299863290892134,2.7133612859296248,16.231537043968732,3.8933727140345757,100.50397995413182,17.40667524803105,3.78542802876593,110.35754667825134,18.555248923141466,5.1162605862591555,120.12458523951234,19.95330524778051,6.862471324952503,129.79317177579617,20.531150797515142,13.35178711986508,138.06359599590422,2.0629741081727744,6.529303775950418,145.68627004332603,-5.171860376250506,13.585253492554278,117.77359433461338,-7.308254235966758,23.157525311190305,96.38156460982304,-9.59728250557608,28.44801102106602,86.86738722208247,-9.59728250557608,28.44801102106602,86.86738722208247,-3.971728634556399,24.797713422232526,91.63677102273951,-3.971728634556399,24.797713422232526,91.63677102273951,20.531150797515142,13.35178711986508,138.06359599590422,41.26650279183612,10.172358490309946,140.44296568159297,41.84229704582154,16.776542792543317,111.5068302741269,50.94550658554613,36.583972204467905,102.64066884950283,58.75023613390328,43.386439468927904,98.5711361215579,58.75023613390328,43.386439468927904,98.5711361215579,54.13891978849173,41.12004439650896,104.99902579796176,54.13891978849173,41.12004439650896,104.99902579796176,21.717095507057138,9.964645071248508,142.10965963608623,23.478476355283593,12.143890237780083,149.0098726410702,26.109272652765252,15.760718216414471,154.96486867101214,30.139383641478613,20.439647842255564,162.48160755575987
4.76666476,15.7919,7.76294,92.3164,5.629648132602437,6.07424981546334,92.01884789662266,1.873975980400381,6.899410232505489,47.48304051400837,0.7923752005810463,1.399527462334544,7.783088260164654,1.9799934810568345,2.068012836011512,4.431643800135561,-8.477093246036286,11.451321445366757,2.597681498545752,-10.580435809137224,13.392501129863323,2.1183259106511425,25.954151867397563,9.451630184536661,92.61395210337734,27.997524707066443,13.224576173856171,48.11885565163581,30.613516596085052,6.656761028963067,8.6533622384134,30.503637767199056,6.2419343384765344,5.060962580326534,34.386999623437696,19.764388985808033,3.3807000995296823,35.40478257634039,23.306464609388613,2.714448077231133,16.19667850720627,3.884480052492508,100.50339002993067,17.35517118259927,3.765110237553109,110.35879588706015,18.482149564389825,5.082219098621166,120.13020944987043,19.847591299614834,6.815775342365942,129.80573169199664,20.38132023028762,13.29685663553608,138.08557229709785,1.8807960445988705,6.4364341803069935,145.59491297591475,-5.12596296179694,13.575958566012133,117.64532905392743,-7.05532224003224,23.215862555784376,96.26399780249548,-9.211526501450368,28.54686662101769,86.7414120365193,-9.211526501450368,28.54686662101769,86.7414120365193,-3.656518381515961,24.859874726472658,91.56495081119355,-3.656518381515961,24.859874726472658,91.56495081119355,20.38132023028762,13.29685663553608,138.08557229709785,41.117113955361766,10.161345367018143,140.51876290125793,41.84707402033865,16.768956055292968,111.58688842109791,50.76914384567577,36.62770838053707,102.65166999307834,58.63894511739332,43.36937103744255,98.60634263981964,58.63894511739332,43.36937103744255,98.60634263981964,54.26756186727583,40.873053708534414,105.11617820054998,54.26756186727583,40.873053708534414,105.11617820054998,21.55494097583646,9.906968082492881,142.13292909327535,23.270737292358408,12.08934040654407,149.04363133993053,25.848294529214535,15.714380562984328,155.01688791046442,29.808040473760943,20.406198226665055,162.562933202657
4.7749980899999995,15.7454,7.74648,92.319,5.585077746909224,6.046968183188151,92.01719524876955,1.843431004596138,6.896012254559803,47.48065624908294,0.7899336245679722,1.3928232587986846,7.780406453430423,1.9774756960644062,2.0625618198558637,4.429185193671673,-8.48023882519471,11.445833654869398,2.5986176144525985,-10.583807765638527,13.387001997580516,2.120210399878806,25.905722253090776,9.44599181681185,92.62080475123045,27.974852583043294,13.185925517022772,48.124111639880056,30.608318598936233,6.649710045039952,8.654534447605123,30.500166373326053,6.234641353798245,5.062110346632847,34.3825701552857,19.757489155309436,3.3827982222827186,35.40017018885411,23.299515115777098,2.7160029863559103,16.15199352678951,3.8623335256677103,100.50320373795796,17.293856514896447,3.731512032360634,110.3604048464715,18.39926651201726,5.0348570027059365,120.1361267976596,19.73211321679504,6.7556805559091195,129.81846458358217,20.221787546807406,13.228430774449496,138.10753964687558,1.6894879790154569,6.330442762399364,145.503256174382,-5.088803971741155,13.553716483318267,117.51887130311869,-6.81108790763105,23.261056495353607,96.15037135167348,-8.834224445294828,28.632345470384823,86.62122479347941,-8.834224445294828,28.632345470384823,86.62122479347941,-3.3505552215404353,24.90854582594587,91.4978259465664,-3.3505552215404353,24.90854582594587,91.4978259465664,20.221787546807406,13.228430774449496,138.10753964687558,40.95774030662189,10.136553219374665,140.59461527241788,41.842459454082416,16.748816737372103,111.66812283315596,50.570225163451425,36.66137836739773,102.66104243533593,58.52356732326717,43.299506628568786,98.6078877987592,58.52356732326717,43.299506628568786,98.6078877987592,54.38156220421371,40.59194701990652,105.18295170058094,54.38156220421371,40.59194701990652,105.18295170058094,21.38303428911872,9.835752142815236,142.15612764739174,23.053195929372855,12.021089978723259,149.07706473285006,25.577411407199282,15.654075185460545,155.0682471046052,29.466619012260118,20.358381851002633,162.64314667408289
4.78333142,15.701,7.7346,92.3203,5.54260620780644,6.0243564810661745,92.0142322319025,1.81497136237398,6.897411711590096,47.47698248213042,0.7895571446630227,1.3910341120877945,7.776439524838061,1.977029106424504,2.062021917982159,4.425443322516815,-8.481230704749724,11.445351061033966,2.59828790626655,-10.58500910053211,13.386526912655963,2.120833134147869,25.85939379219356,9.444843518933826,92.62636776809751,27.954351914863775,13.15183347818869,48.128126475252664,30.605276699083962,6.647347314816766,8.65447656510488,30.498850767662397,6.2320502904011486,5.062027296676362,34.38040963785573,19.755264845637058,3.383715695608478,35.397857285976215,23.29723464522943,2.7163898069231616,16.109383230864836,3.844754638296896,100.5017075288599,17.234629479753426,3.702417349589164,110.36065980666334,18.318498157454087,4.991921795543494,120.14062841672356,19.618769402824697,6.6999005490848536,129.82966770378982,20.06445177921618,13.164193328199428,138.12781977706862,1.5009855411998778,6.228965142887068,145.40966844946482,-5.049048503415111,13.536171839620755,117.39273596309874,-6.564656436815407,23.31078648376778,96.03925045392154,-8.454695389030064,28.7221363486834,86.50544186398997,-8.454695389030064,28.7221363486834,86.50544186398997,-3.043046038563831,24.96141375207241,91.43388660982023,-3.043046038563831,24.96141375207241,91.43388660982023,20.06445177921618,13.164193328199428,138.12781977706862,40.80027512637536,10.11566423736659,140.66890012561223,41.84033775225228,16.733996113524558,111.74896453523988,50.36080337596836,36.70338839450722,102.66950751825354,58.41028775929981,43.19736059617085,98.57285192650713,58.41028775929981,43.19736059617085,98.57285192650713,54.48464140093776,40.29924577527293,105.19922211747402,54.48464140093776,40.29924577527293,105.19922211747402,21.213275160966596,9.768666183935265,142.17756388529432,22.837751797220236,11.956783209934542,149.10848958402303,25.308523754246085,15.597427036450764,155.11727564838944,29.12702057859214,20.313803870377825,162.72059150722728
4.79166475,15.6573,7.72316,92.322,5.50086297957697,6.002098623902513,92.01166211980166,1.7872130428319046,6.899134998872404,47.47372063010891,0.789960472813787,1.3895865080835659,7.772900204968593,1.9773567170428838,2.0618336978835146,4.422129589334526,-8.481546078564582,11.445107842268232,2.5983753176861892,-10.585553889249372,13.386268409096523,2.1218702586697527,25.813737020423027,9.444221376097486,92.63233788019835,27.934517254891922,13.11830867447209,48.13259095989544,30.602996560635976,6.645533085016679,8.654911518806635,30.498304245497877,6.230003279317549,5.062438228255031,34.37887799717684,19.75362336447028,3.3851165088958934,35.39613745424262,23.295546686565558,2.7172572445236933,16.067515057903012,3.827624714493289,100.50060815788004,17.17616300991848,3.6737484155911417,110.36126740782515,18.23849840244718,4.949374113573197,120.14541793982478,19.506189042818608,6.644440167885315,129.8410401762897,19.907833082884128,13.100177087827035,138.14809649195178,1.3139233575654217,6.127722092950821,145.31582844223593,-5.00684717151665,13.519383575516049,117.2684057070567,-6.315337238474054,23.36143056041749,95.93220484721134,-8.071908675376136,28.81272656803937,86.39562844604885,-8.071908675376136,28.81272656803937,86.39562844604885,-2.7331142275856353,25.014999561782464,91.37489487635284,-2.7331142275856353,25.014999561782464,91.37489487635284,19.907833082884128,13.100177087827035,138.14809649195178,40.643299164512314,10.095033611584514,140.74319724237446,41.83906919078554,16.7208202690142,111.83098862984379,50.13957909321245,36.75041158298551,102.68066025349587,58.29125958065368,43.06256856080937,98.50271334755709,58.29125958065368,43.06256856080937,98.50271334755709,54.567313780321214,39.99626780534795,105.16969003170763,54.567313780321214,39.99626780534795,105.16969003170763,21.044245695626792,9.701772830771677,142.19892874856615,22.62295378670458,11.892528353649134,149.13959028077238,25.04012408693912,15.540590044321883,155.16565409915415,28.787664833537953,20.26868407791891,162.79694531679522
4.79999808,15.6152,7.71188,92.3241,5.460631954968022,5.980541592327938,92.00979131902697,1.7628529345451893,6.912287042054472,47.4712419153583,0.7971155479336051,1.3906297830666876,7.771324634533038,1.9851377454869752,2.0634056882499987,4.420882024499964,-8.475815952035262,11.444021239419957,2.59521485345147,-10.581154539557618,13.384234243171278,2.1207328023013283,25.769768045031977,9.443218407672061,92.63840868097303,27.91615617558702,13.084932744552372,48.13722850638021,30.60314662968964,6.646097948531715,8.655254537756065,30.500191102891893,6.230505609309165,5.062738287176073,34.37948218691922,19.75469593508582,3.3870480659372832,35.39645764629954,23.296556785865796,2.718425415759822,16.027281371772805,3.8107118027346494,100.49992892397971,17.119064993777656,3.647703302446819,110.3623229432813,18.158621332762042,4.911526552248469,120.15045108157915,19.391652760853404,6.597614848052806,129.85210654837917,19.738357821970485,13.047546981413035,138.16614364365623,1.1308090188492166,6.007643414485588,145.23182649443737,-4.948622895166478,13.453915356846412,117.14552621470565,-6.072318783664676,23.370532677019295,95.83333461657526,-7.70808748081617,28.849917717524132,86.29137144445103,-7.70808748081617,28.849917717524132,86.29137144445103,-2.4326474217329466,25.03771624439387,91.3267863096878,-2.4326474217329466,25.03771624439387,91.3267863096878,19.738357821970485,13.047546981413035,138.16614364365623,40.475361519478675,10.122369692330905,140.83915773209083,41.823647536917655,16.617760331162913,111.90407959319249,49.95477017381657,36.555305403836456,102.40720413971722,58.12658726360447,42.702619388584196,98.02766112076657,58.12658726360447,42.702619388584196,98.02766112076657,54.391260366221296,39.86811821483618,104.79016707784128,54.391260366221296,39.86811821483618,104.79016707784128,20.86659374214637,9.649013517639963,142.2191525378038,22.39686600627187,11.842027416994178,149.16994158203377,24.759686035740422,15.495362862946289,155.2143384196175,28.437384616813883,20.231885655224673,162.8743270274026
4.80833141,15.5732,7.69801,92.3262,5.420500014471584,5.956473351548372,92.00791095533909,1.7385649712242053,6.923043528082434,47.46879108660861,0.804288334089784,1.3893646793298844,7.769794811461139,1.9929346481343226,2.0626633791883986,4.419678597883293,-8.470011433831093,11.440688418293162,2.5921210333155873,-10.576668100722504,13.379965248523924,2.119666433938996,25.725899985528415,9.439546648451628,92.64448904466092,27.89796575407412,13.048968785902721,48.141923900831394,30.60344543463872,6.644215229098251,8.655669441024088,30.502226389013146,6.228574672186752,5.0631094240093475,34.380311303133794,19.753319436337414,3.389103013194526,35.39702402364287,23.29511424967253,2.719731394594286,15.987126341990075,3.7911964778511336,100.49923958396516,17.062054332268485,3.6189955864896466,110.36332878211876,18.07885485449388,4.870943729970614,120.15537257207582,19.277236862450494,6.547934368902864,129.86294497717995,19.569048433211464,12.991868671119388,138.1837381161714,0.9485119740834094,5.884744162765568,145.14717060575867,-4.889463292597555,13.387147473219855,117.02460473788477,-5.829034695761694,23.379293711443275,95.73879440864633,-7.34403262579357,28.8873514167634,86.19340062851725,-7.34403262579357,28.8873514167634,86.19340062851725,-2.1326218221476254,25.06013114272787,91.2837967981113,-2.1326218221476254,25.06013114272787,91.2837967981113,19.569048433211464,12.991868671119388,138.1837381161714,40.30692289859914,10.146319869127382,140.9348112728329,41.81005536306725,16.51218233424577,111.97858379911906,49.77711593283714,36.34828441781946,102.13650565232194,57.97162632947726,42.32265072424107,97.56426250186341,57.97162632947726,42.32265072424107,97.56426250186341,54.222034779245604,39.724022848263154,104.41307605768355,54.222034779245604,39.724022848263154,104.41307605768355,20.689046499839705,9.593153697001712,142.2388790443584,22.170818409266644,11.788183737350153,149.19953322574835,24.47918596576691,15.446471413949524,155.26194875108462,28.086883503638216,20.190989618770207,162.95022592908506
4.81666474,15.5264,7.68331,92.3289,5.3755984472574045,5.931470378296469,92.00662591375024,1.7094608157825357,6.932757861570626,47.4669698700298,0.806683247402252,1.3869936509416743,7.768931232432898,1.995944595803234,2.0608217271137024,4.419139744509839,-8.46908620406347,11.436150038121458,2.589683426731848,-10.577079330854403,13.374466781875062,2.1192544063827583,25.677201552742595,9.43514962170353,92.65117408624977,27.874953497602192,13.012251724815227,48.14726044730359,30.59903078323228,6.641499931060742,8.656784326923777,30.4995566671339,6.225800474668638,5.0641823860205335,34.37629347102295,19.751135887799954,3.3918263486684146,35.392707581402206,23.29287301501374,2.72169643772771,15.942219193363371,3.770874689549272,100.49915380844861,17.00030161078951,3.5894784737471883,110.36489939868285,17.994341069264717,4.8295305024637445,120.16079320994226,19.158046066029616,6.497358058421558,129.87416136751213,19.394890150658682,12.935132717287528,138.20146609756972,0.7621110732468068,5.760776909766235,145.06245374071906,-4.834409207823061,13.320671252490028,116.90621677782883,-5.590635233037009,23.38928775451931,95.64915709936312,-6.984973117805753,28.926575376484784,86.10228701092102,-6.984973117805753,28.926575376484784,86.10228701092102,-1.8382061014621183,25.083873922976306,91.24650566611493,-1.8382061014621183,25.083873922976306,91.24650566611493,19.394890150658682,12.935132717287528,138.20146609756972,40.133023994635074,10.16932467031065,141.03079452611937,41.79334032868904,16.406577419085473,112.05517115993837,49.60145069594472,36.132117346540994,101.8694954679132,57.82118662635858,41.92596158602019,97.11389130085081,57.82118662635858,41.92596158602019,97.11389130085081,54.054466944679504,39.566818772074136,104.03955507963924,54.054466944679504,39.566818772074136,104.03955507963924,20.506646645855177,9.536216087747714,142.25870534770348,21.939810139634826,11.733069076543842,149.22895576273268,24.19355691478638,15.39604684376238,155.30906520688387,27.73100882764672,20.148213103711452,163.02520998834063
4.82499807,15.4771,7.66847,92.3309,5.328226636223155,5.906228504542906,92.00463451345568,1.6778394784055024,6.942215081790773,47.46447838822637,0.8065989149271552,1.3843813031925825,7.767423040757301,1.9964721857868537,2.058752877727878,4.417958244352891,-8.470731165728083,11.431283707998594,2.5865978664754383,-10.580078025605264,13.3686177664902,2.118193281277222,25.625973363776843,9.430711495457095,92.65716548654432,27.849404317061538,12.975525237002902,48.151943853754716,30.592154073118888,6.638885432100467,8.657272068201507,30.494430575808458,6.223132620775582,5.064628255972292,34.36970811815417,19.749093211836826,3.393947239485552,35.38579573318649,23.290781701676273,2.7230655665232457,15.894859166900524,3.7504220164989936,100.49836473711116,16.93610833036632,3.5598059263429294,110.3657273394561,17.90738730054441,4.787923303585983,120.16540712556153,19.036396962147403,6.446506950886756,129.88445113767062,19.218211294225082,12.877949986696112,138.21802934704687,0.5739510519625775,5.636325079140372,144.97638843465518,-4.781169337369809,13.255065578226894,116.78908277300431,-5.354928487809273,23.401025946608492,95.56311304532127,-6.628780011951993,28.968064689671817,86.0167083420555,-6.628780011951993,28.968064689671817,86.0167083420555,-1.547233250740772,25.10943834733726,91.21357624663317,-1.547233250740772,25.10943834733726,91.21357624663317,19.218211294225082,12.877949986696112,138.21802934704687,39.95598430031073,10.191900089256043,141.12575965375126,41.77570829843457,16.301472456084397,112.13251127235841,49.43019442351351,35.90739674376474,101.60501977501112,57.67773291427784,41.51346135380737,96.67565782215632,57.67773291427784,41.51346135380737,96.67565782215632,53.8910984781819,39.39706480490725,103.66856966551171,53.8910984781819,39.39706480490725,103.66856966551171,20.32172349201337,9.478806178894422,142.2773284608368,21.70618193175023,11.677278552160105,149.2569062098936,23.905149159624443,15.344675854676982,155.35438533316471,27.3721230800617,20.104132766317083,163.09797637528783
4.8333314,15.4305,7.65468,92.3317,5.284428415355261,5.876883833918401,92.0026908798678,1.6578730963278159,6.947891204918312,47.46141629124272,0.8168170219287069,1.3893832239510333,7.763804355570322,2.0070108940919362,2.0643715192353613,4.414577699834068,-8.458993578908569,11.43850323036126,2.584559657956529,-10.568464789300505,13.376007417798636,2.1174204698228265,25.57657158464474,9.4324761660816,92.6607091201322,27.832273858267122,12.944981051627568,48.15454978311694,30.60007093199543,6.643869464721526,8.655941303601885,30.504230657079074,6.228486508933572,5.063203978755437,34.379078800604006,19.75499157793859,3.3959387080792394,35.395105597395286,23.296574418870026,2.7244075110213064,15.8527548725319,3.733619263650652,100.49748756024076,16.87737994899173,3.539597072227829,110.36652388008096,17.825599241402866,4.762606860480922,120.16910039198518,18.920529064524636,6.4157120743368985,129.89297569326095,19.042434836716705,12.839759459992049,138.23334714275668,0.40120765638333467,5.499902206371108,144.8933871987675,-4.765733228031397,13.127055576693595,116.67325298571774,-5.135896734918921,23.365242449510955,95.48707799410023,-6.296139400513903,28.955567618827708,85.93979763322778,-6.296139400513903,28.955567618827708,85.93979763322778,-1.2771622304298975,25.08187880955183,91.18602998881693,-1.2771622304298975,25.08187880955183,91.18602998881693,19.042434836716705,12.839759459992049,138.23334714275668,39.78576942011267,10.236132136868628,141.1761661931868,41.81234991935374,16.20045991927897,112.16640081626477,49.24659409855407,35.64881046984086,101.19802916927517,57.49795428064958,41.17937150106741,96.19039393335082,57.49795428064958,41.17937150106741,96.19039393335082,53.7165066236046,39.15511147702099,103.21332606500643,53.7165066236046,39.15511147702099,103.21332606500643,20.14065454039171,9.440770179889622,142.29421065292405,21.474949979635582,11.639310973536197,149.28353004482372,23.619804704849987,15.309940268685521,155.39831461076037,27.01794462438711,20.074359452735283,163.16931811174445
4.84166473,15.3791,7.63833,92.3327,5.235852469610183,5.844997836607551,92.00094090218496,1.633092411194876,6.951067066175741,47.45859214203436,0.822150421448744,1.3919097268564578,7.76044454726668,2.0126674131002233,2.067517506468283,4.411457646080428,-8.452103356702649,11.443292428858996,2.58280285631037,-10.561691437847138,13.380974950315922,2.1169328542352774,25.522347530389816,9.43166216339245,92.66445909781504,27.810386203956732,12.91191321242347,48.157416577400575,30.603253848499676,6.646451823688334,8.654901928376844,30.509299816631025,6.231449668106351,5.062070775322483,34.38373250298468,19.758499695766854,3.3982649248446,35.39970384228818,23.2999775295647,2.726096337336698,15.805850732409722,3.714262808952807,100.49680947054452,16.813856717981725,3.5167789942023444,110.36748842978348,17.739028336449042,4.734604806856774,120.17291227614602,18.799887927222507,6.38209984659424,129.90151526234627,18.861904231510497,12.798486689580328,138.24844137949606,0.22463434638900992,5.360576436131514,144.81004569024086,-4.753733038515349,12.997450636776133,116.55866108232387,-4.921079311361607,23.32876858177853,95.41516640939346,-5.967747931718357,28.94288078092473,85.86871733942915,-5.967747931718357,28.94288078092473,85.86871733942915,-1.0118970695319023,25.053688683614308,91.16326904998483,-1.0118970695319023,25.053688683614308,91.16326904998483,18.861904231510497,12.798486689580328,138.24844137949606,39.61039317920955,10.277280683466465,141.2264802479371,41.84730336993713,16.099236545530598,112.2032518889348,49.0646707224919,35.377001114362514,100.7975996074138,57.32211362433308,40.82876377072019,95.7141577131417,57.32211362433308,40.82876377072019,95.7141577131417,53.54340372144821,38.899131471179686,102.76514497821132,53.54340372144821,38.899131471179686,102.76514497821132,19.954812490705038,9.399608365418864,142.3108304261692,21.238892329675213,11.597930191350668,149.30961829402762,23.3295353915054,15.271465801487482,155.44140915898527,26.65869224661555,20.040423645979196,163.23944071816314
4.84999806,15.3104,7.60783,92.334,5.170030623796627,5.798801823300549,91.99948426036391,1.5909955755923382,6.939907818548985,47.456106666367596,0.8101845921540315,1.380110017414438,7.75744469510412,2.0010033054106837,2.0563571433170726,4.4086941131010065,-8.46269876274726,11.433596478190118,2.5814331888384507,-10.572437967900171,13.371420650600932,2.116838475178136,25.45076937620337,9.416858176699451,92.66851573963609,27.771143628084957,12.864942245553873,48.16064360632334,30.58922401773995,6.635157166458931,8.654277277898146,30.497166725786546,6.22053179640582,5.061353524030478,34.370957527930585,19.74818992566163,3.4010007424796953,35.38681579886527,23.289578732624797,2.7281925150555573,15.74171567757342,3.6807702394864132,100.49643048228495,16.73310694164006,3.4797895719619603,110.36872146124287,17.635215119719476,4.692376813804269,120.17694311740274,18.66197547586203,6.334155000941703,129.91017005381462,18.663999700602766,12.742622507373028,138.26340786124763,0.03173966372827053,5.206512339155696,144.7264503561397,-4.758229092169487,12.854124875509836,116.44541530698844,-4.724034710244366,23.279335544729246,95.34742214444715,-5.657412450496246,28.917655079971755,85.80349110721889,-5.657412450496246,28.917655079971755,85.80349110721889,-0.7650913226799139,25.012630004111713,91.14526271343627,-0.7650913226799139,25.012630004111713,91.14526271343627,18.663999700602766,12.742622507373028,138.26340786124763,39.41727629114756,10.304210300417012,141.27681880323902,41.86774824658629,15.9867929916383,112.24321477630085,48.87158464551329,35.08123126466456,100.40428724993026,57.137279940644596,40.4511602910902,95.2476794143411,57.137279940644596,40.4511602910902,95.2476794143411,53.35888131863625,38.618470881154174,102.32464939687443,53.35888131863625,38.618470881154174,102.32464939687443,19.75163510956662,9.343833784228973,142.32728673796095,20.985402427888697,11.541673736516223,149.33526998928727,23.02166107156157,15.21781892043998,155.48377540322988,26.28158757302783,19.990940565453354,163.30846258249417
4.85833139,15.2472,7.58295,92.3352,5.10969994463604,5.75841984252276,91.99792097315168,1.5543664521407132,6.934664237927115,47.45355931952124,0.803504846360789,1.3742893819487811,7.754400411554819,1.9946379624659405,2.0511606991692934,4.405887762147354,-8.467828986581871,11.43005249746875,2.580035912770361,-10.57768479698549,13.368055777922715,2.1167195746645664,25.384700055363957,9.407480157477242,92.67247902684832,27.737534576695488,12.823420212668356,48.16383238931763,30.580742869195664,6.62939179193713,8.653644358651015,30.4905781706605,6.2151563758753126,5.060627632998578,34.36397445453755,19.743356474476734,3.4037738916418103,35.379786109117944,23.284639371718377,2.7303381161424247,15.683012671791694,3.6528965696963245,100.49595059688532,16.657790479368934,3.4483479972733946,110.36982253993658,17.536865715244776,4.655609305956523,120.18079221182052,18.529561467675325,6.291525422908179,129.91853900673175,18.471722962810315,12.69181250237839,138.27784649920514,-0.15473572839407268,5.058015220438097,144.64221328020525,-4.755783859032534,12.717695749561766,116.33309157126996,-4.520651069657607,23.237694706088043,95.28348737627269,-5.340692429301652,28.90073576818235,85.74378303450345,-5.340692429301652,28.90073576818235,85.74378303450345,-0.5125080056679607,24.979356938183148,91.13173013862196,-0.5125080056679607,24.979356938183148,91.13173013862196,18.471722962810315,12.69181250237839,138.27784649920514,39.22934332556724,10.335866513515544,141.32673223225913,41.89670397679583,15.882026055135388,112.28586407830794,48.69130340561406,34.7803491734621,100.01808904950906,56.967655412377475,40.06522934945719,94.79118749922316,56.967655412377475,40.06522934945719,94.79118749922316,53.18701733057642,38.331819755638364,101.89193518015482,53.18701733057642,38.331819755638364,101.89193518015482,19.554006839875772,9.293052771353302,142.34317809603783,20.73744827366537,11.490103690056086,149.36008233764733,22.719285474133507,15.168511349774292,155.52499514337842,25.90991182319737,19.94533528294172,163.37594394582123
4.86666472,15.1828,7.56025,92.3351,5.048905839069011,5.716293227012534,91.99511858226887,1.5260892935187305,6.915405502213309,47.448783204509006,0.8012510041445641,1.3707079440780197,7.746948005955957,1.993088675842709,2.0514008471589302,4.399460891773675,-8.468230384808265,11.433314346470642,2.5825779558933046,-10.576637624003965,13.37259675820425,2.118021257364643,25.31669416093099,9.404206772987466,92.67508141773112,27.707856738405567,12.792981140620945,48.16640078054131,30.58082080479315,6.628828908572814,8.653692895313036,30.492397968987618,6.214403487404946,5.0606547914240805,34.363962939684505,19.74326745072034,3.404941790998297,35.37940707299559,23.28471696865523,2.7318280237621493,15.624781424396746,3.6269416751367567,100.4939504702899,16.5830955811032,3.4168825595669934,110.36931821966623,17.438958825178002,4.617851810289775,120.18311208374652,18.398020355897938,6.250968851569851,129.9246986460152,18.280736460486928,12.648010728300193,138.28586731201133,-0.3352096167185472,4.9154973684026615,144.56119819010726,-4.77278632454144,12.54057483963241,116.21666030077253,-4.3616673368152785,23.142919674309795,95.211118950345,-5.077145484706559,28.841792578385096,85.68434617705233,-5.077145484706559,28.841792578385096,85.68434617705233,-0.30847110581105763,24.898802487886417,91.10939221999601,-0.30847110581105763,24.898802487886417,91.10939221999601,18.280736460486928,12.648010728300193,138.28586731201133,39.03477953704795,10.369632863733392,141.4169500516561,41.870884120375365,15.67653964656208,112.3473787986982,48.423539644976444,34.40614310439601,99.69525794375019,56.61666044491945,39.31201811666476,93.98967973007171,56.61666044491945,39.31201811666476,93.98967973007171,52.789772970361355,38.279579816756986,101.20130604926754,52.789772970361355,38.279579816756986,101.20130604926754,19.35914890060769,9.251992682513016,142.35451759603436,20.493391807962517,11.450282631432392,149.37915465641657,22.421103988128902,15.131101971085636,155.5597700175091,25.541139477172997,19.910845925526736,163.4372675112243
4.87499805,15.116,7.53756,92.3338,4.985750575024305,5.674180163092046,91.99110920469836,1.4954196605063768,6.8961360374108915,47.44283745148241,0.7965719912508611,1.3670954474095547,7.738352795724772,1.9891128682579164,2.051609844453172,4.391895543568807,-8.471065726314908,11.436528729681566,2.583990046225564,-10.578021811317756,13.377091382288913,2.1181972467159427,25.246249424975694,9.400939836907954,92.67649079530163,27.67578883442188,12.762543765449138,48.16782804819628,30.578558142741965,6.628268364002898,8.65264899847051,30.491881385772235,6.213651884197599,5.0595903908111435,34.36160687615525,19.74318146445696,3.4050164378048313,35.37668158875262,23.28479799840151,2.7322242901574474,15.564157840498288,3.6010225909075295,100.49075597213294,16.50602091718373,3.385405276593609,110.36758654468731,17.338684682715954,4.580012901536603,120.18415227392265,18.264104378412213,6.210206160622784,129.92948178940068,18.087382542996576,12.603743506620013,138.29228582538204,-0.5171576309231014,4.772632557609947,144.4785427761806,-4.791011170958327,12.364230402683775,116.09987931721906,-4.205244341105289,23.049963370745267,95.14078844007632,-4.816698965720885,28.785171702719204,85.62858735611279,-4.816698965720885,28.785171702719204,85.62858735611279,-0.10769689502560276,24.82017135406256,91.08959664809392,-0.10769689502560276,24.82017135406256,91.08959664809392,18.087382542996576,12.603743506620013,138.29228582538204,38.837216557541815,10.402853521303932,141.50561128063194,41.847401354857546,15.47193932148879,112.4111121738184,48.185904545966686,34.0120750307435,99.37660998084156,56.36411997813277,38.44094515363799,93.27330246683924,56.36411997813277,38.44094515363799,93.27330246683924,52.43379677123153,38.139551507121716,100.49689382522166,52.43379677123153,38.139551507121716,100.49689382522166,19.161880018608045,9.210432851730381,142.36422947262434,20.246873049619392,11.40968055247125,149.39634232552586,22.120367677660028,15.092589223719676,155.59236630066073,25.16966485926704,19.87481675575595,163.4960127386334
4.8833313799999996,15.0498,7.51516,92.3331,4.9232660082108985,5.632190389128212,91.98768782929199,1.4653543847219828,6.877060897703091,47.43752232038483,0.7925469901355526,1.3637832180459082,7.730396018840622,1.9857745555895574,2.0521562570482637,4.384975211256713,-8.473439131942479,11.43988729021025,2.5861099890819164,-10.578976167420741,13.38169626130311,2.1190960739651463,25.1763339917891,9.398129610871788,92.67851217070802,27.64424842944947,12.73277343393503,48.16993264774757,30.576983877548425,6.6285792328525,8.652308027371745,30.492066351642787,6.213783810095475,5.059228065186951,34.359710930662686,19.7440544023976,3.4058484628384056,35.374353379177364,23.285858639736656,2.7333924675203023,15.504209809768478,3.5753985673305193,100.48815331269736,16.42963943522979,3.35415836108631,110.36641286688298,17.2390975002511,4.542316008372735,120.18570194942693,18.13084194699891,6.169443631146578,129.93468274647955,17.894585341642912,12.559184467792004,138.29891831244322,-0.6975372336652121,4.629299650649952,144.39604007369894,-4.807084512364541,12.188711637164008,115.98453477703642,-4.047895235301328,22.95902201828784,95.0743566769855,-4.555840305724843,28.73111856436173,85.57839152861337,-4.555840305724843,28.73111856436173,85.57839152861337,0.09332993618425967,24.743760110161094,91.07427538594018,0.09332993618425967,24.743760110161094,91.07427538594018,17.894585341642912,12.559184467792004,138.29891831244322,38.63961138211725,10.4359597473243,141.59449113161077,41.828912906560696,15.268954752749423,112.47890704501344,47.98166661217601,33.60097633771733,99.06652065457912,56.21360598368497,37.472824143663,92.66398759474583,56.21360598368497,37.472824143663,92.66398759474583,52.12928649322429,37.914118145851894,99.79435537328567,52.12928649322429,37.914118145851894,99.79435537328567,18.965182012291912,9.168550520243883,142.37411785289882,20.000840268603884,11.368468945674326,149.4134560604354,21.819972516000053,15.053140355421286,155.6246126331823,24.798319409773164,19.837414896240904,163.55403300196193
4.89166471,14.9822,7.49005,92.3329,4.859387422056942,5.587672867397482,91.98475984548053,1.4338839925949847,6.855495185431211,47.43273794888598,0.7870109225309776,1.3579077056552435,7.723005302802399,1.9809404630274654,2.0501068370002553,4.37862457410313,-8.47715841819375,11.440798864227457,2.588755293856374,-10.581241333038982,13.38388805966224,2.120514169070225,25.105012577943057,9.392427132602517,92.68104015451947,27.611408439302384,12.700063144650212,48.17259571924441,30.574045069787296,6.625968412413538,8.652563620705784,30.490883065655293,6.21100135751786,5.059462415893991,34.35667514050358,19.74195009162292,3.407300502200017,35.37094530879567,23.283925931177727,2.735186823331068,15.442800265193382,3.547082478153065,100.4860562889389,16.35180598010383,3.3201552565726393,110.36571173266597,17.138093258989986,4.501777181283742,120.18767187219534,17.99618317995244,6.12569615445975,129.94020733208993,17.7005148019941,12.51138183012511,138.30565056050753,-0.8784758656690066,4.48323842054994,144.31356267755635,-4.8223809878595265,12.012024245516814,115.87046653756242,-3.890294900702461,22.868158495088977,95.01172575770242,-4.294904860374921,28.677752796406942,85.53367924665956,-4.294904860374921,28.677752796406942,85.53367924665956,0.29405713098131425,24.66749697049769,91.06340137407362,0.29405713098131425,24.66749697049769,91.06340137407362,17.7005148019941,12.51138183012511,138.30565056050753,38.440057616121905,10.46537205513586,141.68354882741963,41.81380351466823,15.063932047552477,112.55078709345099,47.810399291027274,33.17103405854928,98.76727527322505,56.16153591877585,36.42574499374273,92.17835771539566,56.16153591877585,36.42574499374273,92.17835771539566,51.8816249855743,37.60330129358107,99.10759102928667,51.8816249855743,37.60330129358107,99.10759102928667,18.76710742826496,9.123369345649904,142.3840790160066,19.75342249915687,11.323658027530346,149.43038470053523,21.518166491851424,15.00974784615336,155.656373135458,24.425504439836374,19.795591612776786,163.61115949236782
4.89999804,14.9108,7.46125,92.3325,4.792048361205378,5.537362225552989,91.9845116184059,1.4006410663191575,6.829962338809514,47.43059323003739,0.7870220957587301,1.3586778580130376,7.716700225458197,1.981916210070707,2.0535407508080863,4.373216494467557,-8.475193000779628,11.44623979394205,2.588102313957137,-10.578684379541833,13.389988207374497,2.119939511449371,25.029551638794622,9.38513777444701,92.68048838159409,27.57461739160596,12.688779679837657,48.17394175388083,30.57272084567862,6.6332819581013265,8.65373043472512,30.491668198157722,6.217568676087186,5.060667287619731,34.35843417611886,19.748173137413847,3.4079650207823944,35.373062908274115,23.289845428561833,2.7347937664944526,15.38067865146668,3.515520980869556,100.48379066559325,16.273284778827815,3.2848883438706156,110.3648554831394,17.036311089585215,4.4626342910849655,120.18911547426912,17.861259766845418,6.086935039877638,129.9444466217883,17.510212555885253,12.472360759332169,138.30794744279655,-1.0554419924532752,4.3542738918640485,144.2356894786816,-4.876364438122708,11.802266277195233,115.75456094183761,-3.7941739758128223,22.721239034962217,94.93590584698511,-4.114848722240915,28.568426104263263,85.47778595376818,-4.114848722240915,28.568426104263263,85.47778595376818,0.42569362813229006,24.5413616581642,91.03519343074845,0.42569362813229006,24.5413616581642,91.03519343074845,17.510212555885253,12.472360759332169,138.30794744279655,38.254176305247455,10.50493850021358,141.70532973795727,41.84929290771231,14.989944578910695,112.58134342549084,47.59300363151943,32.71309019827278,98.20388194176189,55.92706266817323,35.53785772233392,91.39854512133613,55.92706266817323,35.53785772233392,91.39854512133613,51.60381497622672,37.212982901742286,98.19722409457462,51.60381497622672,37.212982901742286,98.19722409457462,18.573881228898102,9.088753455743802,142.39079420224695,19.516068859163802,11.29146498115532,149.44237954936526,21.226205785072388,14.980161408014038,155.6820479594351,24.057513651873386,19.77005891952706,163.66177966413497
4.90833137,14.8364,7.42845,92.3331,4.721769451390106,5.48298640937201,91.98525651124629,1.3643960702632016,6.8003560841014625,47.42948602784197,0.7840190649197459,1.355386558226093,7.71147689994185,1.9798653029820819,2.0529262856827346,4.3688910824748,-8.476347811588308,11.447530328522173,2.5885587592971504,-10.579266410646095,13.391918720097499,2.120480311444699,24.951030548609893,9.37391359062799,92.68094348875371,27.53475742392459,12.673580065697042,48.17632958370918,30.56837201033366,6.636702168136165,8.655979541217562,30.489432962539773,6.22024271480357,5.062955745851977,34.357101007666614,19.750523899915656,3.409717727747275,35.372070650564744,23.291897583971476,2.7354902635542486,15.315590956032343,3.479999909092852,100.48253070783305,16.19180634040787,3.2456134913925987,110.36497416316237,16.93156935152793,4.419410183502102,120.19148580531552,17.723347294408622,6.043964562451132,129.94952299521213,17.316885157115504,12.42888903433737,138.31089667214198,-1.2346402295893988,4.220834642836762,144.1584378453712,-4.931529816792789,11.588809488916239,115.6401511561683,-3.7001560713888493,22.571674238165606,94.8634357555371,-3.9374451281601104,28.45693286333589,85.4264931548184,-3.9374451281601104,28.45693286333589,85.4264931548184,0.5546364890401732,24.41276860860156,91.01080054060085,0.5546364890401732,24.41276860860156,91.01080054060085,17.316885157115504,12.42888903433737,138.31089667214198,38.06495796766329,10.540198750365139,141.72781231339454,41.88408618530069,14.915871104416091,112.61571048705366,47.41753052641299,32.221806580395125,97.65920376706511,55.76692445159378,34.581282464977356,90.69723885311352,55.76692445159378,34.581282464977356,90.69723885311352,51.3794432907845,36.751548687813575,97.31225996716326,51.3794432907845,36.751548687813575,97.31225996716326,18.3775986550548,9.04966361981356,142.39813896556254,19.27560464257141,11.254563531690321,149.45480341326657,20.931033973897936,14.945543924553213,155.70786098304677,23.686135961246794,19.739000016636634,163.71209312729238
4.9166647,14.7569,7.39463,92.3337,4.646416788860799,5.427703301519851,91.98598832335064,1.3230369964223057,6.770040962155463,47.428414571966336,0.7758181612548187,1.351475435414967,7.706324006780093,1.9726206808007698,2.0516842211153463,4.364638619249354,-8.48260408878553,11.448297694702468,2.5891129941371425,-10.584929941431902,13.393348520226894,2.12112412640474,24.8673832111392,9.36155669848015,92.68141167664935,27.48982976200353,12.657394992426841,48.17877887500474,30.558896046946725,6.639329789371623,8.65829680506534,30.482066621940024,6.222143942979074,5.065311548677155,34.35077876452954,19.75207000296312,3.4116101943978716,35.366127534313016,23.293137394115472,2.736345633935361,15.245368665938935,3.4434624716004785,100.48126260972673,16.105199621866323,3.2052206982136258,110.36505290621939,16.821719695865998,4.37494434749048,120.19377228405686,17.58032798804551,5.999574653669331,129.9544315275548,17.118528780323807,12.383731665671899,138.3135177505726,-1.4182075689388967,4.0859950620357015,144.0808361581689,-4.989947741062609,11.374896053703505,115.52630383637273,-3.6102520076907165,22.422703060254438,94.79338551141618,-3.764669244951188,28.346521779717143,85.37887607509163,-3.764669244951188,28.346521779717143,85.37887607509163,0.6788817209309572,24.284886956210816,90.98927072501176,0.6788817209309572,24.284886956210816,90.98927072501176,17.118528780323807,12.383731665671899,138.3135177505726,37.87036647471447,10.573543411957488,141.75000427488507,41.91598383813634,14.844184361708212,112.65290256926684,47.28313461140085,31.702600757343628,97.13520327303038,55.679389406508655,33.56912107555677,90.08059710768065,55.679389406508655,33.56912107555677,90.08059710768065,51.20981669831235,36.225822818628075,96.4589516296771,51.20981669831235,36.225822818628075,96.4589516296771,18.176198322567288,9.008830486531934,142.40511942503335,19.030011108985434,11.215642993423028,149.46666980633617,20.63069733686177,14.908524516252648,155.73284417039042,23.309503218883883,19.704958465151513,163.76115413617364
4.92499803,14.6862,7.35062,92.3337,4.5799240588203265,5.362167625395025,91.98611035018178,1.2904581315148644,6.729540426337875,47.42678127324953,0.776343566857323,1.3375224844296145,7.700636124008746,1.9740894538529603,2.0404182309638674,4.359852951863464,-8.480202228704877,11.43898900364714,2.589199443447479,-10.581946457190348,13.384693310881353,2.121314594645716,24.792475941179674,9.339072374604976,92.68128964981821,27.4536315799926,12.631178801095517,48.180678550725716,30.558197096595215,6.631949118958992,8.660105479677085,30.483481285074802,6.214036298511051,5.067160132804398,34.35314355751258,19.743634206509846,3.4129970981713935,35.36884794875636,23.284401790193858,2.736696035374221,15.183979923340726,3.396761194693317,100.47939325779689,16.02743633787046,3.1545982336191525,110.36449909524104,16.720713186281458,4.320156553653402,120.19538003513938,17.4461246012624,5.944718996851775,129.95857388692605,16.928956122076364,12.327852750494397,138.31519892298246,-1.5921899259203514,3.9404137748676487,144.00229003698027,-5.037367454137867,11.151284834182995,115.4124174943299,-3.5100536790894736,22.265260776847036,94.72526318015628,-3.5820642284683775,28.228194137481502,85.3344857337318,-3.5820642284683775,28.228194137481502,85.3344857337318,0.8128670710234847,24.14874724019188,90.97019710308925,0.8128670710234847,24.14874724019188,90.97019710308925,16.928956122076364,12.327852750494397,138.31519892298246,37.68423776793582,10.596268952987685,141.77133696901907,41.958674025248314,14.766248066037345,112.6923550315629,47.204022915717935,31.15019139805485,96.63420388796955,55.67689072693086,32.504380458186745,89.55429259798893,55.67689072693086,32.504380458186745,89.55429259798893,51.110731421480686,35.63265726885847,95.6438430039572,51.110731421480686,35.63265726885847,95.6438430039572,17.98355144414608,8.957244745076487,142.41113074278627,18.793121924366872,11.165721476609377,149.47737003015357,20.338971951221872,14.860158739583376,155.7563820947161,22.941316632632308,19.659046752161895,163.80833940261738
4.93333136,14.6124,7.304,92.3333,4.50981431554094,5.296257828507056,91.9893397247186,1.2559819916614878,6.694319693154466,47.428346687301946,0.7819820823458997,1.327542679273181,7.698284917160642,1.980987585784245,2.0315354819186044,4.35818465217637,-8.47133879421825,11.432281768535129,2.5874775898508293,-10.57266346512397,13.378455474629401,2.11966051229781,24.71498568445906,9.311742171492945,92.67726027528138,27.41869861062271,12.621751226140269,48.18054265789922,30.563419589900356,6.627380199540465,8.662407255935328,30.492458411390217,6.207666585678884,5.069595705480211,34.36427012586076,19.73631539845131,3.4127021215829396,35.38081507866173,23.27682118147097,2.7362933849900424,15.12127825507428,3.348202538323943,100.4773660801721,15.9514699638528,3.1053429054306547,110.36357768855811,16.624118023851203,4.269770312674607,120.19602562592546,17.31847895943462,5.895634528327271,129.96126026129372,16.75209429780016,12.277625343109392,138.31556713865356,-1.7546911964308158,3.81902665015944,143.94370960861175,-5.088016615409758,10.936463914411918,115.31718781359413,-3.5033506418690177,22.062881073256072,94.64103785283788,-3.497840353551939,28.04044619207411,85.25929250786734,-3.497840353551939,28.04044619207411,85.25929250786734,0.8511282011960777,23.95866619213562,90.92886879676928,0.8511282011960777,23.95866619213562,90.92886879676928,16.75209429780016,12.277625343109392,138.31556713865356,37.510018088644784,10.608889104493452,141.78672085167412,41.98623166491102,14.658006656926265,112.72102146724109,47.01332059871816,30.455903862602852,96.01873650468373,55.4219368315808,31.90223366730908,88.88068607229525,55.4219368315808,31.90223366730908,88.88068607229525,50.748501502210516,35.04781999975769,94.87925586859421,50.748501502210516,35.04781999975769,94.87925586859421,17.803935523212658,8.910796425867598,142.41531349306953,18.574778059378012,11.120212705324803,149.48558880531922,20.066513586677193,14.81697832923625,155.77630899786953,22.58911692424137,19.622498683048686,163.84965941865548
4.94166469,14.5881,7.36334,92.3423,4.489266038750497,5.33619999948966,92.0019606819003,1.2709596275570547,6.765051900329256,47.43936438927908,0.8370577632854381,1.4236436290025107,7.705425916719079,2.0373035276994065,2.1287573027513584,4.366007605740544,-8.41316866826687,11.531567402312142,2.5953144892086084,-10.514096992782367,13.478188445357205,2.127578479345507,24.686933961249505,9.39048000051034,92.68263931809969,27.4331258951458,12.718517166889132,48.18986798688899,30.618032664944764,6.729125067916961,8.674196021927315,30.55082753891517,6.307617332587711,5.081522290053942,34.42465585321381,19.83535753941203,3.4219259270768436,35.442005111375536,23.37561303846164,2.745416423842216,15.108124373961495,3.405631128109157,100.48473317997406,15.925052508100665,3.1620246737654254,110.37203126182908,16.577057413473383,4.325246676699243,120.20601230795992,17.24033509552982,5.952288662778155,129.9732112990946,16.62467461250809,12.33292696536642,138.32506491174786,-1.867218928069093,3.803023297896644,143.89423051780105,-5.0869195237917815,10.828106917037346,115.23191292382438,-3.444968023533744,21.967747533915983,94.5673562037399,-3.362136813204354,27.96056974185028,85.19571377535262,-3.362136813204354,27.96056974185028,85.19571377535262,0.9406300129107077,23.87613084705,90.89852951045141,0.9406300129107077,23.87613084705,90.89852951045141,16.62467461250809,12.33292696536642,138.32506491174786,37.38505419654942,10.727291582913757,141.81126103146582,42.06609815583342,14.660111203151278,112.76186381007884,46.915145458795436,29.837334595068565,95.44279534189974,55.256726353726144,31.361227479708155,88.24250093956202,55.256726353726144,31.361227479708155,88.24250093956202,50.47825302723176,34.52400841240261,94.14856224922772,50.47825302723176,34.52400841240261,94.14856224922772,17.67376336401459,8.969857930167512,142.42860077097325,18.405836835562155,11.180024093735133,149.50276117798813,19.843356246113043,14.878793583986942,155.80491586545588,22.28601292083926,19.690399579426646,163.899198823227
4.94999802,14.4559,7.25994,92.3386,4.360844489558707,5.213469405524291,92.00186990473804,1.178003053659343,6.673343868087665,47.4377319775047,0.7840848842133729,1.3575722921391886,7.699939125886495,1.9855661432971194,2.0638150342104398,4.361203763965425,-8.46299155024445,11.46877003346906,2.5906036999606763,-10.563511374633055,13.415855228696724,2.122964956082773,24.55095551044129,9.30641059447571,92.67533009526196,27.339611554840587,12.652633963889492,48.186564222538266,30.56463443095038,6.668357023527791,8.673371025333573,30.50118044854411,6.245070201470411,5.080838255547144,34.37710553038221,19.771884734326086,3.4185944847052046,35.39527865129601,23.311887067029275,2.7419996281591192,14.987050104054827,3.3003238741406067,100.47938759440981,15.790712089649242,3.055888773237968,110.367752369981,16.422081153581715,4.2177987237422405,120.20323494138685,17.054272625894647,5.845862044533771,129.97232511428567,16.38938841441871,12.224930627172622,138.32160381063542,-2.0872109804588312,3.6238962312334664,143.8318189571685,-5.191933335630727,10.5576001639585,115.13458615484748,-3.492927789137712,21.711066523844515,94.48210275570449,-3.3330341780112174,27.719704828152402,85.12159205425294,-3.3330341780112174,27.719704828152402,85.12159205425294,0.9233155363656604,23.632198446764452,90.8569498848334,0.9233155363656604,23.632198446764452,90.8569498848334,16.38938841441871,12.224930627172622,138.32160381063542,37.152006048266145,10.682249224463614,141.8228652862158,42.04078283757815,14.50332478495255,112.79277805408165,46.75326514222393,29.02831703456072,94.88667258926259,55.026021071644884,30.614741237211316,87.62077770890966,55.026021071644884,30.614741237211316,87.62077770890966,50.14473576481633,33.794828295126045,93.43271807432868,50.14473576481633,33.794828295126045,93.43271807432868,17.4356695267531,8.865575464280026,142.42889681400385,18.128971964160012,11.076273580388348,149.50679601307561,19.51223826954364,14.77667291004903,155.82012561257676,21.874834182604637,19.593740745581204,163.93489846866268
4.95833135,14.3512,7.18852,92.3364,4.259948979901742,5.122786611347763,92.00327355797954,1.1124935065757775,6.6137557813184475,47.43765186111967,0.758475849158416,1.323615097189215,7.696063282775732,1.9611984028381482,2.0309824051152643,4.358012984450742,-8.485373717244958,11.438162914813178,2.5875196074899356,-10.585470536812892,13.385728493718254,2.119981428081252,24.44245102009826,9.254253388652236,92.66952644202046,27.27355347780154,12.618663354870925,48.184813262061716,30.53862037576359,6.63949773108384,8.67413500560609,30.478911681135838,6.21443469062034,5.081747759356352,34.35706076697503,19.74028734644167,3.41686620170253,35.37608961781025,23.280027538502306,2.7401881442217455,14.893453958368235,3.2270288154692492,100.47554314863788,15.683845197596362,2.981715706805112,110.36495578074445,16.294583182957663,4.142242751846027,120.20190424718288,16.89568360575867,5.771206745514873,129.97280664304373,16.181629676595122,12.148517280924029,138.31936755561156,-2.2792875286762104,3.476547960284625,143.77064932066517,-5.2676361151824,10.319777078576685,115.03936481056911,-3.5118024820525653,21.487628592473897,94.3994122172051,-3.2751236353790403,27.512615765687222,85.05104479197965,-3.2751236353790403,27.512615765687222,85.05104479197965,0.934610586142786,23.421686940047092,90.81827895416335,0.934610586142786,23.421686940047092,90.81827895416335,16.181629676595122,12.148517280924029,138.31936755561156,36.946270609642085,10.668681760113081,141.83572399274595,42.04550891642912,14.382659311891098,112.82795156748922,46.663571983647536,28.2271305323015,94.36675950482919,54.866704928303065,29.860854602939664,87.03272811791868,54.866704928303065,29.860854602939664,87.03272811791868,49.88471057343992,33.058499265130564,92.74878896576116,49.88471057343992,33.058499265130564,92.74878896576116,17.22504601505139,8.792842969856455,142.43039654537603,17.879575044862925,11.00387861885379,149.51188117859363,19.20855336766788,14.705576579916094,155.83610131431644,21.49097592977214,19.527540448856275,163.9708878622864
4.96666468,14.302,7.16994,92.335,4.214080977408088,5.087238769408244,92.00664015513493,1.1002651546879525,6.627671683538997,47.44033764180946,0.7898885493406242,1.3656616380480804,7.694649871511594,1.994058011122377,2.074929460903863,4.357524625678939,-8.451300561970552,11.483665438477706,2.588136996067586,-10.550589699286427,13.431850178319488,2.1195522947646377,24.38991902259191,9.252641230591756,92.66335984486506,27.258932204952067,12.666836934216176,48.18486916333679,30.567326646050905,6.688791742942661,8.677625756548743,30.510050292363818,6.262628863422453,5.085329212132155,34.38915743080853,19.788019872723893,3.418929844040872,35.40859709453484,23.327550987169403,2.74177706844756,14.854219612388626,3.2117969719506623,100.4751019787038,15.631119547531622,2.9760685225723753,110.36581669652519,16.223287988968647,4.142487509386156,120.20320366281692,16.796870053944385,5.774543180808259,129.97524423480172,16.041280958169992,12.151967815035425,138.31806041994565,-2.405653345804481,3.410076035890098,143.70461142653244,-5.365271791922961,10.130357938682423,114.94135028596638,-3.5452399158052166,21.282030093465295,94.29821112637741,-3.2776831977188747,27.300700666613373,84.94660812125619,-3.2776831977188747,27.300700666613373,84.94660812125619,0.9144202477594532,23.23153640960031,90.74201334484668,0.9144202477594532,23.23153640960031,90.74201334484668,16.041280958169992,12.151967815035425,138.31806041994565,36.807640127467494,10.707312636378168,141.8388965573585,42.10030135383712,14.358303933179501,112.85778682474881,46.44829718625499,27.510943059235995,93.83373577085905,54.53987556241285,29.3518781708649,86.42524212315101,54.53987556241285,29.3518781708649,86.42524212315101,49.41656572364901,32.45192159115606,92.06970647702013,49.41656572364901,32.45192159115606,92.06970647702013,17.081778759839874,8.800143393474352,142.43296800867068,17.702766196255492,11.011605888980515,149.5173395218879,18.9780146860541,14.714505243897701,155.85191047492964,21.177395319409854,19.542521280422356,164.00596017229356
4.97499801,14.2203,7.10465,92.3326,4.135762418799361,5.004896566011897,92.00900750965579,1.0554048779277223,6.594963400485996,47.44212308711284,0.7886018974285118,1.3612810503396924,7.6923788751388,1.9942041805901474,2.072472178921849,4.356180416254573,-8.450010654790606,11.482699116591652,2.5879704587081687,-10.548505406909587,13.43149147777362,2.1183553043233068,24.304837581200637,9.204403433988103,92.65619249034421,27.21158702392692,12.668599433728328,48.18401853850558,30.56329625033598,6.691814835376981,8.680235544765424,30.50845157294871,6.2645608580121275,5.088030658656031,34.38838695734603,19.789530953116753,3.4201438701037326,35.408203236857375,23.32886414477313,2.7425238186862004,14.782516952029871,3.1498618310021658,100.4736481875312,15.545900756308665,2.9236523599104953,110.3656375467528,16.119475360978935,4.095879655267545,120.20343579541074,16.66551935656953,5.730904154288684,129.9765576038648,15.868339558002509,12.108263597663193,138.31555230615106,-2.564003618115864,3.2962509970981273,143.63740797924905,-5.493741927678164,9.893838145909895,114.84270015139782,-3.6093185029992747,21.029964712585446,94.19694669729728,-3.310840804807008,27.042624076423735,84.84241307615969,-3.310840804807008,27.042624076423735,84.84241307615969,0.8633843359403355,22.995173696721537,90.66586056471536,0.8633843359403355,22.995173696721537,90.66586056471536,15.868339558002509,12.108263597663193,138.31555230615106,36.63638008881263,10.699047374326431,141.8408311584566,42.12476218874482,14.294731876291396,112.88922608157921,46.26396428093733,26.721017546607385,93.3376038286896,54.235723230306,28.74952129511671,85.84863242893728,54.235723230306,28.74952129511671,85.84863242893728,48.978093539093265,31.75104134563652,91.42238862832113,48.978093539093265,31.75104134563652,91.42238862832113,16.905938322571043,8.760265764206242,142.43430532168057,17.493362570601946,10.971993227881107,149.52145608074812,18.714804334545157,14.675736974218708,155.8661289471188,20.830965054030983,19.509153082899644,164.03897991945695
4.98333134,14.1144,7.02154,92.3286,4.0332572403591485,4.904823230395817,92.00978094941287,0.9862267282738446,6.544595084896173,47.44240660927914,0.7628605074684582,1.33930674441915,7.68866640142074,1.9698928332774222,2.052417613545632,4.353394943745086,-8.473107558076862,11.464222075070131,2.586408638138304,-10.570791745239848,13.413640772013292,2.115772813073118,24.19554275964085,9.138256769604183,92.64741905058712,27.139929147882373,12.652463625296711,48.18164523271522,30.534837503426505,6.677023063229364,8.681347929572595,30.48241579375498,6.248689033515529,5.089235491612973,34.363332884439814,19.77319834932271,3.4198969094567833,35.38356581317113,23.31232389982131,2.7418196804184456,14.686575987527169,3.070132200303977,100.47059570095064,15.436411827620951,2.8533950876737997,110.36383330435022,15.991385094911028,4.031370845301483,120.20201183634663,16.50989641875567,5.669265230139036,129.9761525674576,15.671178484502974,12.046419308097041,138.31122904213655,-2.7461212948690026,3.164429210944691,143.56844404542795,-5.645635620614577,9.63923727328775,114.74282351662384,-3.6971072477905746,20.760059171345343,94.09477131473365,-3.367861962403354,26.766849097175182,84.73749964186536,-3.367861962403354,26.766849097175182,84.73749964186536,0.7883510592307479,22.741058432267216,90.5887775873148,0.7883510592307479,22.741058432267216,90.5887775873148,15.671178484502974,12.046419308097041,138.31122904213655,36.44082782253322,10.67251492276305,141.84096585317778,42.126840313289,14.220501650861875,112.9216336725723,46.12033214876846,25.891244833376756,92.88024452990703,53.96588890426395,28.08671228091887,85.30557472100143,53.96588890426395,28.08671228091887,85.30557472100143,48.58075075200178,30.98963227718535,90.80938188787152,48.58075075200178,30.98963227718535,90.80938188787152,16.705837259552588,8.702219208624399,142.4338051792018,17.25971288424011,10.914060821953463,149.52362111280848,18.427332031763935,14.618311550889599,155.87812373425825,20.460174255494515,19.456492654374166,164.06928339511842
4.99166467,14.0125,6.92994,92.3231,3.9348018530407582,4.796175134469819,92.00905801649581,0.9209368622724035,6.485731939796394,47.44128807151207,0.7409576063145197,1.3089545058752368,7.683605008271705,1.9494048462108249,2.0239930417124103,4.349258744870912,-8.492457669546587,11.437295016503564,2.583525431651367,-10.589346031629253,13.387324877763877,2.1118761741990153,24.09019814695924,9.06370486553018,92.63714198350418,27.072059363780458,12.628045356675887,48.17785630776714,30.510163763016134,6.654007677695201,8.68108312766956,30.46016469800261,6.2245943419698735,5.089065014658571,34.34196114370808,19.74867214242281,3.418275679821753,35.362583789783734,23.28759765300972,2.739741034844272,14.594665949603762,2.9819337696036556,100.46603758826467,15.33093048637256,2.7746189794173706,110.36049634809922,15.867279548494096,3.9582767854987013,120.19902585824778,16.358240363415856,5.598936788278403,129.97412541139252,15.477932828357677,11.975720509519965,138.30519555647163,-2.9237188862158803,3.02356384561606,143.49779549103746,-5.792278119673691,9.375641136685335,114.64178738782911,-3.7797690909535264,20.481606544140057,93.9918759590181,-3.4198582538333633,26.48275229850072,84.63211235863233,-3.4198582538333633,26.48275229850072,84.63211235863233,0.7181828091615889,22.478604404185074,90.51105499784724,0.7181828091615889,22.478604404185074,90.51105499784724,15.477932828357677,11.975720509519965,138.30519555647163,36.2491566510672,10.637352913218846,141.83931806765816,42.134198699684184,14.145504358838767,112.95496460145425,46.04583194989814,25.037415506963058,92.46406664413703,53.76061886378694,27.378927222965434,84.79935226015782,53.76061886378694,27.378927222965434,84.79935226015782,48.25442224606152,30.18367114182242,90.23384957916977,48.25442224606152,30.18367114182242,90.23384957916977,16.509672680777783,8.635302237381966,142.4315675387455,17.029982322525054,10.84710816950701,149.5239369522646,18.143710586662742,14.5515184573459,155.8880131048192,20.09307044093502,19.393824138226755,164.09700892269245
4.999998,14.0015,6.95104,92.3309,3.9243622052446128,4.813380564288807,92.02548092327517,0.9388847057181948,6.551076399151877,47.45765127525078,0.8042705617355623,1.3910069161858898,7.697616797735513,2.0141465930294062,2.105535774156908,4.363679434252616,-8.42549548781604,11.52036153182852,2.5929478971402964,-10.522188764242612,13.470543324605913,2.1210596003928996,24.078637794755387,9.088699435711192,92.63631907672483,27.089729125132386,12.731254336034153,48.18534355257843,30.57128188168456,6.74219032593369,8.694652467510501,30.524119925244246,6.311184094024825,5.102786765466444,34.40720028221695,19.834530816779434,3.429065953187699,35.4283377504012,23.37308920291163,2.749392179525823,14.592166430733302,3.0032281269113055,100.47331963649656,15.316247943574227,2.8017898877291416,110.36879878805648,15.832756448624087,3.9902485631346325,120.20781113592274,16.29580118392998,5.638167657581545,129.9830518629669,15.378872922378104,12.01897013824441,138.30709198852696,-3.010417549962547,3.0121818587861977,143.44875997206069,-5.875804933077044,9.241766828536665,114.56574510364109,-3.8635792210464115,20.274982303592605,93.87684454791244,-3.5040172955768654,26.23738340092193,84.49233874274707,-3.5040172955768654,26.23738340092193,84.49233874274707,0.6351874831748678,22.276213755293853,90.39950977394952,0.6351874831748678,22.276213755293853,90.39950977394952,15.378872922378104,12.01897013824441,138.30709198852696,36.149796549747165,10.68332701179184,141.84400843435404,42.138979492857494,14.130669148282163,112.973742735751,45.857649264052775,24.333480082144618,92.09586816910377,53.26292772633301,26.9987868552142,84.23416024191759,53.26292772633301,26.9987868552142,84.23416024191759,47.649514685952056,29.55748887842822,89.68036890008021,47.649514685952056,29.55748887842822,89.68036890008021,16.408232431109955,8.6841270147453,142.4385647810592,16.894929979073233,10.898849593461927,149.5324100640231,17.957685908058366,14.602762574780446,155.90548545701253,19.82944564246437,19.44469762232295,164.1327402226337
5.00833133,13.9346,6.92783,92.3334,3.8579989666385988,4.786428490504657,92.0366071436321,0.9008649683793184,6.572306232389954,47.468792507312116,0.8115134118967482,1.4290486167685055,7.706452321041567,2.0228236061622633,2.1430482100511146,4.372922354525486,-8.414420011103989,11.55959855233014,2.5972291588524277,-10.510882254852191,13.509972725793148,2.1251095459080647,24.011201033361402,9.069231509495342,92.6301928563679,27.051465663568667,12.789921365710722,48.18767537341958,30.576440630153336,6.785783263507163,8.703125777094954,30.532115934710642,6.353184842797973,5.111415352885643,34.41676226260651,19.875719923556968,3.434773203586197,35.43848954661144,23.41388961101745,2.753963215810077,14.53370570041157,2.980224753213251,100.475303225277,15.245595291863562,2.784665048286298,110.3717848552196,15.74227558919727,3.977923466594385,120.21123718092235,16.177417428235238,5.633081497828067,129.9865367933108,15.223971720939215,12.017867834390206,138.30341640442026,-3.1527379577580206,2.956700735734282,143.39426908693926,-6.01429410742813,9.063535578894703,114.48467230246911,-4.001782426035337,20.023683565336533,93.75699864893161,-3.642235426038221,25.947184454823063,84.34789008340272,-3.642235426038221,25.947184454823063,84.34789008340272,0.49780661239551627,22.02908155140747,90.28312995319834,0.49780661239551627,22.02908155140747,90.28312995319834,15.223971720939215,12.017867834390206,138.30341640442026,35.99456699537613,10.68465470208973,141.84317678181876,42.08971325920349,14.075448630284715,112.98839502559909,45.689074661251446,23.570445526434145,91.7586721428208,52.76208147505642,26.50348518727764,83.68908022063219,52.76208147505642,26.50348518727764,83.68908022063219,47.06397757190576,28.828807617731464,89.15195842329163,47.06397757190576,28.828807617731464,89.15195842329163,16.25087790677945,8.68860567294097,142.43999763024254,16.703995760915884,10.90615524333007,149.53518399957986,17.715829455252173,14.60930552583197,155.9169848475155,19.510025292619513,19.450350427404683,164.16202493501845
5.01666466,13.802,6.78015,92.3185,3.72598753375129,4.634804752107001,92.03033102640383,0.7970732208521047,6.4689639964223495,47.46261375185422,0.7530736953269567,1.3426981160979494,7.698003331834066,1.965809289083436,2.0562032132297827,4.364885767210367,-8.469204779864937,11.474291592737398,2.5842528301250507,-10.565471137601726,13.424821272179852,2.1119059110760854,23.87801246624871,8.925495247893,92.60666897359617,26.947244206089767,12.724515972471346,48.17277019899643,30.515808202845978,6.705529793705093,8.694397181977664,30.474335065947738,6.27135266478427,5.102843194740679,34.36032963786923,19.793145608417277,3.423342442578514,35.38259084079603,23.330945457542548,2.7414129153399176,14.409624382596308,2.832756270404625,100.4598744728839,15.109323219499002,2.6430698652475995,110.35733978708105,15.586148125855471,3.8411139442590057,120.19719280599469,15.993345062394607,5.503475969229626,129.9724739883039,15.003265383233702,11.892149605528182,138.2820848783382,-3.3603501979429584,2.7762644895833404,143.32224858397922,-6.2180646985867245,8.759802833965498,114.38650151648295,-4.205356584945218,19.646521269894325,93.62018576269338,-3.845818175657625,25.530932600985587,84.18658113616617,-3.845818175657625,25.530932600985587,84.18658113616617,0.2949473640362372,21.656140794983497,90.14968435170644,0.2949473640362372,21.656140794983497,90.14968435170644,15.003265383233702,11.892149605528182,138.2820848783382,35.77356122252113,10.561747219866975,141.82465867160016,41.97611484781518,13.900610179211533,112.98671414873118,45.52998133770563,22.676947767979996,91.4424008911682,52.25448958741633,25.819548191328302,83.15665939087943,52.25448958741633,25.819548191328302,83.15665939087943,46.491745505903495,27.92657990610081,88.64024843070504,46.491745505903495,27.92657990610081,88.64024843070504,16.027764673298396,8.568496317750911,142.4237701777428,16.447262786813905,10.788771632226068,149.52017140394113,17.408100440563445,14.490915920497489,155.91043197565935,19.124607475648197,19.330598674597734,164.17279331637602
5.02499799,13.6946,6.67878,92.3096,3.619153904128291,4.52963708659406,92.0300548034028,0.7184132869223689,6.41219603662343,47.46251305022377,0.7197164167743809,1.3029653514041986,7.695685922615674,1.9338962310095194,2.015957844832317,4.36298447684843,-8.49871675392597,11.43576900909273,2.5774019567082167,-10.594751990640162,13.386491494833397,2.1048256613037175,23.770046095871706,8.827922913405938,92.5891451965972,26.86818181910364,12.70528913281178,48.1640206780205,30.480308605451597,6.6714918218629355,8.691870878703334,30.441687071507186,6.23574411810112,5.100475306034948,34.32927587549121,19.756728117054926,3.418153698501678,35.35213645253951,23.294140561815183,2.7351141277770523,14.310684845871199,2.7315960274223436,100.45044031926766,14.99818432879107,2.547769999412145,110.3488710783734,15.455165008667088,3.7505853509267526,120.18908362327205,15.834429470414097,5.42011637227191,129.96426667410142,14.807816102918734,11.81262762557747,138.26648966653192,-3.5424751448623883,2.642264596641599,143.25610306629886,-6.395310424655454,8.50252195416276,114.29465565409262,-4.3816011907280945,19.315667678211568,93.49003220372273,-4.021631121737515,25.160912028682308,84.03212541291617,-4.021631121737515,25.160912028682308,84.03212541291617,0.11946507886343127,21.32947353806833,90.02294773575083,0.11946507886343127,21.32947353806833,90.02294773575083,14.807816102918734,11.81262762557747,138.26648966653192,35.57778489213775,10.484747378326475,141.8119260830861,41.88895874950754,13.77625248056434,112.99210997777422,45.47102638324978,21.830811525562382,91.17229393139252,51.837654290871505,25.123209214638695,82.66496606809014,51.837654290871505,25.123209214638695,82.66496606809014,46.027753410940534,27.029406487857525,88.17223530744228,46.027753410940534,27.029406487857525,88.17223530744228,15.82983763045638,8.494582449969451,142.41328063086493,16.21574910047708,10.717480905413222,149.51076654466513,17.125649396729987,14.418320363286998,155.90923356891582,18.764517170167093,19.25607889474674,164.1884693608762
5.03333132,13.5721,6.58973,92.3037,3.4987650953939653,4.429789523494438,92.0313842869047,0.6379186720160659,6.416224135196247,47.46577268417586,0.6972257010625676,1.312386969005356,7.698297172807102,1.9130866105306739,2.0270978779087474,4.366576835035356,-8.520340464221192,11.445726247192454,2.579512169960563,-10.616652910959385,13.396184925442157,2.107076613518254,23.645434904606034,8.749670476505562,92.57601571309532,26.78424804622734,12.758119671685415,48.165383097001595,30.454974681079293,6.691596290181067,8.703656833141203,30.42005782161373,6.252110468340519,5.112678850902075,34.3067730321028,19.772081689612477,3.420229723592483,35.329706546377416,23.309356779126716,2.7365883072960333,14.19740964222384,2.6469274584742353,100.44596006243843,14.873057947106078,2.4835046009751998,110.34556466960112,15.316369749394878,3.7030263426835677,120.18434611893986,15.675422711893713,5.386446956487457,129.95791021028037,14.619229005660987,11.789845727004732,138.24802364657617,-3.7210524588165903,2.5806731279785105,143.20283995851798,-6.584798844919346,8.317750180726389,114.21781580522605,-4.62621896520665,19.004353792321417,93.34266382150558,-4.310425779228689,24.778717135042104,83.83974513929024,-4.310425779228689,24.778717135042104,83.83974513929024,-0.140754793597754,21.014274508133237,89.85317729855362,-0.140754793597754,21.014274508133237,89.85317729855362,14.619229005660987,11.789845727004732,138.24802364657617,35.38584420520037,10.463950888009446,141.81378932454564,41.67343793092733,13.591193855395328,112.97053641848224,45.08606003237308,21.227964978764035,90.97405398510199,51.11784603995317,24.613882140191492,82.26190250767829,51.11784603995317,24.613882140191492,82.26190250767829,45.194923132833004,26.300957740524446,87.72004421606553,45.194923132833004,26.300957740524446,87.72004421606553,15.636461085721441,8.479614439374771,142.40223052752128,15.991347106889814,10.706974627085458,149.49993677733752,16.85715562793894,14.404092516033874,155.90666811418913,18.43202698285564,19.234185644479226,164.20278293212698
5.0416646499999995,13.4686,6.50367,92.2965,3.3973960638894454,4.332919700460021,92.03141657102277,0.5765108379997472,6.423187679926048,47.468006820798585,0.6936318387612139,1.3246364286306687,7.699981505237666,1.9111625908287864,2.041054706874046,4.3692378102096985,-8.523063561718226,11.458518930806047,2.580704000502762,-10.6196508752383,13.408716787979925,2.108411464502991,23.539803936110555,8.674420299539978,92.56158342897722,26.71896316726088,12.81406144815451,48.165858184380866,30.448257866314588,6.714973350081395,8.714644450079192,30.41704490704129,6.27176284433677,5.124090169418475,34.302963629701296,19.790697335008428,3.42156060497366,35.325985793609284,23.327832807100577,2.7373297054810486,14.103138202500563,2.565255037326973,100.44016943127363,14.766891790105657,2.42219208600062,110.3408938091815,15.196499559681927,3.6583694299349343,120.17820450769372,15.535311240666102,5.355611286306039,129.9501007293188,14.449507671737953,11.769788709200082,138.22804735534504,-3.880513783483659,2.52165392549278,143.1481393578891,-6.755185951775525,8.135128058807414,114.14000446921598,-4.851422914169583,18.694217470619016,93.1950093789799,-4.579557496382135,24.39696592200961,83.64759034943913,-4.579557496382135,24.39696592200961,83.64759034943913,-0.3815922514442738,20.699865240294827,89.68307583987996,-0.3815922514442738,20.699865240294827,89.68307583987996,14.449507671737953,11.769788709200082,138.22804735534504,35.212749558279576,10.445990240372184,141.81417797411677,41.481597129125454,13.406944537576225,112.9493027548582,44.76268054504325,20.619973736558773,90.7903721932897,50.47060172492324,24.039334010514207,81.87543686250704,50.47060172492324,24.039334010514207,81.87543686250704,44.44526654720914,25.512304476236682,87.28323167713104,44.44526654720914,25.512304476236682,87.28323167713104,15.461937358662894,8.467361381313232,142.38963202528257,15.785788175244443,10.699068985344944,149.48745657377674,16.60750803611425,14.392238333201208,155.90226663649932,18.11838853325133,19.214286975777547,164.21494535628625
5.04999798,13.3719,6.40025,92.2829,3.302847284064626,4.218675458560544,92.02505366231473,0.5220021410957911,6.412665206235519,47.46411323767912,0.6967585986840475,1.3192315918097304,7.695643643213103,1.9159450488146423,2.0373493393577635,4.365871707468179,-8.519062104869164,11.453675470925583,2.575902745021938,-10.615921402354166,13.403617112779822,2.1037597954679907,23.440952715935374,8.581824541439456,92.54074633768526,26.660153835249368,12.852692505139867,48.16033925032243,30.448010691702166,6.721136610350675,8.71973907190096,30.420502454672256,6.274210124710332,5.129615138534776,34.30569964618734,19.792082649287384,3.4170363250700673,35.32882569609349,23.329075453311376,2.7322234967104175,14.015669715278795,2.466243203029108,100.42797544652453,14.667481327406197,2.343515437921837,110.32976612086054,15.083346190961791,3.5963160775921015,120.1655643097673,15.401884153101994,5.307325799400884,129.93574129582808,14.286438898653683,11.732184006650641,138.20145485528948,-4.0330718271154335,2.444940381540661,143.08690483009065,-6.917837475065193,7.934852502708096,114.05613298884833,-5.068049594330407,18.365802999577355,93.0422076352132,-4.839628520755335,23.99635829356979,83.4509026288387,-4.839628520755335,23.99635829356979,83.4509026288387,-0.6137959675463556,20.366887855337314,89.50795094662517,-0.6137959675463556,20.366887855337314,89.50795094662517,14.286438898653683,11.732184006650641,138.20145485528948,35.046284088743526,10.41056355021716,141.80799556525523,41.30140578028202,13.203399310175207,112.92339339243755,44.48861496873703,19.99101542047284,90.61685920695155,49.891324950158356,23.38656653862533,81.50481123234519,49.891324950158356,23.38656653862533,81.50481123234519,43.77249282974362,24.650507286780766,86.86026621031831,43.77249282974362,24.650507286780766,86.86026621031831,15.294052721935719,8.43755640968794,142.37038403104467,15.586857127997902,10.673507575938775,149.46822169222233,16.36448675424886,14.36253324708031,155.8909075217282,17.811377313352722,19.17620035953702,164.21981243935264
5.05833131,13.2826,6.28314,92.2672,3.215718008525684,4.0907307292028445,92.01659399637528,0.4749739861771891,6.388406314001209,47.45839484783492,0.7071692062230333,1.2999896063176273,7.689576906151579,1.9279995180306702,2.0197968343128974,4.3607722035747765,-8.507773267158466,11.435005008770613,2.569386592509864,-10.604901955881955,13.38469385430395,2.09739617583195,23.349481991474317,8.475549270797156,92.51780600362473,26.608385665605965,12.877755592798508,48.153132798570425,30.454770314265147,6.713829134785076,8.723244193037175,30.430966324569734,6.263195655963167,5.1335572036968165,34.315520553056395,19.779980021581487,3.410960367718466,35.338766628375325,23.316827096279926,2.725574447859073,13.9356045507167,2.3535478106057646,100.41367121374005,14.575429087123052,2.2511130673668687,110.3164743889218,14.97751437778136,3.520489159869283,120.15072020622877,15.275748603953886,5.245197866611877,129.91912925088008,14.130634679030118,11.680627890151474,138.17255255621652,-4.17809801457158,2.354096644468587,143.02344019844665,-7.072557346633562,7.720261356394171,113.97050397679214,-5.27612936727617,18.022327327880554,92.8884788019157,-5.090765957376566,23.5800642712935,83.25387132133002,-5.090765957376566,23.5800642712935,83.25387132133002,-0.8374316332349201,20.01851167618689,89.33195004680996,-0.8374316332349201,20.01851167618689,89.33195004680996,14.130634679030118,11.680627890151474,138.17255255621652,34.88705464251002,10.361259572068185,141.79957425189062,41.133538835755246,12.984564213569962,112.89721397420027,44.26361456918657,19.34956832315459,90.45838934304021,49.38681338949937,22.668224120202034,81.15850663522433,49.38681338949937,22.668224120202034,81.15850663522433,43.18183428528784,23.72785266421368,86.45888137846447,43.18183428528784,23.72785266421368,86.45888137846447,15.133419500396043,8.393789730584967,142.34878825440882,15.39517023107868,10.633869189137744,149.44653733963696,16.12871697381042,14.318533939837438,155.87690796298978,17.511635059466688,19.12345303119213,164.22171656356895
5.06666464,13.1945,6.16724,92.2544,3.1254687885494032,3.9835299154301955,92.01440929313435,0.40402418727226763,6.408618880512432,47.46177990895978,0.7062277925647951,1.3060954898042079,7.695239856822688,1.9273908932383308,2.023199671392328,4.365973853947246,-8.508434546264846,11.436664370186294,2.5657542115763072,-10.60646745624331,13.385485742804294,2.0941999186527935,23.263531211450598,8.350950084569803,92.49439070686566,26.546292018102886,12.945311807542566,48.15096476688228,30.447145236615082,6.728341766269821,8.734757347046212,30.427550601355104,6.272680042357686,5.145679709653779,34.310507087127846,19.788069337061884,3.408595329955829,35.33361823162295,23.324354800066274,2.720117058872598,13.853008139021387,2.2357256769548535,100.39950068157745,14.479917588363037,2.1528301132700887,110.30331267031428,14.86301202262295,3.443289779457306,120.1355724077695,15.13234097105376,5.1919499144889985,129.90056235605354,13.962667949032872,11.64823241895305,138.13423243628557,-4.351302504327508,2.320601267244239,142.96318389298034,-7.235197330568577,7.57135431385596,113.88811786184849,-5.561150456863129,17.676492533743627,92.70096961434706,-5.453042632226951,23.13491613090998,83.0085816029737,-5.453042632226951,23.13491613090998,83.0085816029737,-1.1507344940497255,19.665232554819212,89.10530132096501,-1.1507344940497255,19.665232554819212,89.10530132096501,13.962667949032872,11.64823241895305,138.13423243628557,34.70956677545943,10.31425265847932,141.81005559915224,40.88396093292512,12.698482784102769,112.87151684654202,43.79710686998494,18.831272510821396,90.33900759530135,48.55662303039078,22.202927391180438,80.86655225798513,48.55662303039078,22.202927391180438,80.86655225798513,42.322037300696664,22.944002751418555,86.1862607879054,42.322037300696664,22.944002751418555,86.1862607879054,14.954179782804358,8.372259137427317,142.32168159230173,15.188462815924902,10.62137795934028,149.41753161099638,15.888282246995706,14.304029160461175,155.8528128323012,17.224150191119236,19.097907787470493,164.21162405350762
5.07499797,13.1021,6.04989,92.2416,3.0309299437963624,3.8749193953335808,92.01222829759493,0.3288524066470435,6.427455634209442,47.46554000337424,0.7011634185069564,1.31097170883855,7.701388353403516,1.9226904250483552,2.0253647069063545,4.37167301118555,-8.51303138111822,11.437244774736822,2.562588996255629,-10.611934517348306,13.385233191813887,2.091465831300759,23.173270056203638,8.22486060466642,92.47097170240508,26.479798454561504,13.011360758643168,48.14964062495622,30.435461722174786,6.741468013585863,8.747280888910808,30.42011000258049,6.280792290523735,5.158822717705982,34.30172976441677,19.79470725580464,3.4073401069790306,35.324775307062545,23.330412924950956,2.7157933924042243,13.766093581479563,2.116442962895505,100.38532211488996,14.380118497703652,2.0531119818240806,110.29008569760573,14.744260269609502,3.3646814262031617,120.12027213545748,14.984726149561798,5.137314891036735,129.8816924112335,13.79057470371172,11.614425792003157,138.0954661144077,-4.528554511204938,2.2856795867356183,142.9026469810793,-7.401316046726436,7.420701910327883,113.80581711017692,-5.847904017838172,17.326358809248877,92.51552883807115,-5.816180322129725,22.683954012435947,82.76649667704196,-5.816180322129725,22.683954012435947,82.76649667704196,-1.465717372056372,19.306751057732065,88.88094866201513,-1.465717372056372,19.306751057732065,88.88094866201513,13.79057470371172,11.614425792003157,138.0954661144077,34.52782945905106,10.265978434254546,141.82010620111896,40.635692384332636,12.405448351836398,112.84833717336139,43.33647527738559,18.2942585165193,90.22447391243887,47.73833321727015,21.66527972822458,80.5803916078247,47.73833321727015,21.66527972822458,80.5803916078247,41.49643944834487,22.098028166387408,85.92548671647181,41.49643944834487,22.098028166387408,85.92548671647181,14.770795598217024,8.349360077029353,142.2940777857674,14.977643806187537,10.60752655267375,149.38790675816554,15.643765728305624,14.288143721676782,155.82792619467455,16.932633340269,19.07092173381709,164.20046435534118
5.0833313,13.0121,5.92548,92.2265,2.9388405281554935,3.7591081445566057,92.00775035579996,0.25614411011100024,6.439083311845378,47.467375690993556,0.6987961205575172,1.308668355959206,7.705739893807497,1.9207006338116686,2.0203575512068657,4.375584087624117,-8.514954263058183,11.430594448523387,2.557588100329566,-10.614733714491479,13.377740413959746,2.0868874209977926,23.085359471844505,8.091851855443394,92.44524964420005,26.41548072477904,13.070523648152822,48.14686116480687,30.426404374603322,6.747895316687336,8.758517176420781,30.415337671060463,6.282219857723083,5.170688621627349,34.29561669632423,19.794657850108493,3.404898376995384,35.318596573488364,23.329785747778544,2.7103074631243635,13.681631090206366,1.99010142812774,100.36883544935333,14.282802657362879,1.9463639389564011,110.27449336891038,14.628006764114273,3.2790666771222625,120.10252046374316,14.83962049049577,5.075690130748493,129.86022218274888,13.620959620547612,11.573573787559134,138.05396463736696,-4.703092957469401,2.243352462602216,142.83946941590256,-7.564588810177908,7.262091661821849,113.72124797339086,-6.130431275759323,16.96565516215467,92.32976485974307,-6.174393908509344,22.220876348035883,82.52521599682996,-6.174393908509344,22.220876348035883,82.52521599682996,-1.7764821276599116,18.936834199904823,88.6564466963656,-1.7764821276599116,18.936834199904823,88.6564466963656,13.620959620547612,11.573573787559134,138.05396463736696,34.34846738502763,10.211094949742865,141.8274328206068,40.39553693902308,12.100690221288364,112.82555182714545,42.88906391051005,17.73403109517263,90.11301572742528,46.94556703907335,21.052720824330294,80.30080182431433,46.94556703907335,21.052720824330294,80.30080182431433,40.716718336085236,21.188976947337167,85.67680674041982,40.716718336085236,21.188976947337167,85.67680674041982,14.589931717346452,8.319470725999873,142.2636835629457,14.769341935342156,10.586690570379421,149.35537148990852,15.401734987646886,14.265248093845473,155.79996651802688,16.64357558209603,19.03686786763651,164.18596777957845
5.09166463,12.9207,5.81402,92.218,2.8453252822933432,3.656455619099595,92.009877319671,0.18213158287959663,6.46387923747468,47.476183623814244,0.6951653123573194,1.3195447816275,7.717192199372889,1.9174821771029305,2.0284865950409947,4.386601736564163,-8.517806702174871,11.437392827937678,2.5596396388240397,-10.618399231378914,13.38376130410432,2.0893513590031323,22.996074717706655,7.971584380900405,92.426122680329,26.349799070228322,13.142268173075514,48.15151749475291,30.416220027143606,6.7668867812568925,8.777369727467672,30.409464233019772,6.29622030157117,5.190181794316413,34.288846478887656,19.80704736739328,3.41015191032746,35.31187775591155,23.34156451274894,2.7125351279764667,13.595682500747872,1.876701825538169,100.35894755978914,14.18402433546604,1.8525941275413513,110.26544299181846,14.510344858677149,3.206472772493716,120.09122064914784,14.693172329211425,5.027127622616607,129.84504908075058,13.450188651839188,11.545797088266454,138.01860288074423,-4.878874581730667,2.2143987020325415,142.7825753803698,-7.7288426100069465,7.116339003132651,113.64333405252714,-6.412225634379652,16.615166910439484,92.15263163574096,-6.53099341716143,21.76648273091136,82.29371179823374,-6.53099341716143,21.76648273091136,82.29371179823374,-2.0864496845973886,18.576120604823522,88.44075753317944,-2.0864496845973886,18.576120604823522,88.44075753317944,13.450188651839188,11.545797088266454,138.01860288074423,34.16780512241918,10.169049931953383,141.840895894831,40.160215092152555,11.803665678302515,112.81218983072219,42.45245328012757,17.170135813276715,90.01398497551442,46.181975058954855,20.387392759438658,80.03959848438176,46.181975058954855,20.387392759438658,80.03959848438176,39.98446784165839,20.240610969066328,85.45142905742608,39.98446784165839,20.240610969066328,85.45142905742608,14.407837455666067,8.302691998555295,142.23938541928118,14.559879556693955,10.578985139540645,149.32880600479578,15.158632476381339,14.255476056312796,155.7777920477763,16.353576389664955,19.01588866552715,164.176965895277
5.09999796,12.8177,5.6845,92.2018,2.73845984449207,3.5447589023534207,91.9968591972333,0.08689891872434252,6.53189739122902,47.47416464091495,0.6780471949383865,1.3477746440290517,7.721426436515834,1.9013074180118466,2.0565695364685332,4.39115106191121,-8.534480018741624,11.464143093574314,2.560178276055962,-10.635262299492371,13.41018030447094,2.0893669894565696,22.89694015550793,7.8242410976465795,92.4067408027667,26.276207096291724,13.215894627930911,48.160444580344894,30.39717826301075,6.805110792709138,8.797718214515896,30.395678952549513,6.328586542987271,5.211297682133344,34.268458920954515,19.839094879706813,3.414550398914947,35.290109549015874,23.3734552399644,2.714121631928822,13.488508867792932,1.7449998547917143,100.34203691444507,14.058558515436562,1.7455351645420636,110.24963108018808,14.36645374339755,3.1260872856615305,120.07229138225857,14.523575801229743,4.97705613249264,129.82086081717586,13.267541875247737,11.526390178243602,137.9678629701122,-5.093373028791863,2.246101472409258,142.70896350300328,-7.95460508237521,7.009744309100484,113.54789734108137,-6.746244108106448,16.261656909212423,91.9434191192924,-6.967876409522519,21.297642330224935,82.02685767929808,-6.967876409522519,21.297642330224935,82.02685767929808,-2.4595827078385826,18.21265632771206,88.181262607268,-2.4595827078385826,18.21265632771206,88.181262607268,13.267541875247737,11.526390178243602,137.9678629701122,33.964668855743525,10.098790924162355,141.88141429377973,39.87466243183867,11.477755790816166,112.82255758077314,41.89004564388287,16.73574001651407,89.97297695812445,45.208632748198994,19.949278478221515,79.85326297911014,45.208632748198994,19.949278478221515,79.85326297911014,39.12732776121629,19.491158193509147,85.37833367673912,39.12732776121629,19.491158193509147,85.37833367673912,14.205111101551736,8.295964777247082,142.20285326130346,14.333376837534749,10.590012011582957,149.28701917481146,14.906875705858996,14.268634889079813,155.73708462220713,16.066781998400096,19.0194304713198,164.14660893780862
5.10833129,12.7302,5.5445,92.1806,2.6471300392140726,3.422573929465456,91.97884587468327,0.007692896385592007,6.589273046456075,47.46784172378246,0.6769795575421206,1.365137474321238,7.721580986712446,1.9011927369842012,2.0737533129258217,4.391617694398395,-8.53498490958831,11.480101263106501,2.5565767222912408,-10.635934629030334,13.425828200938724,2.0852305176066985,22.813269960785927,7.666426070534545,92.38235412531672,26.218214484058375,13.278829985656468,48.165486559454926,30.394201441916653,6.832602906417197,8.814348468407552,30.398005400959075,6.35022003851875,5.2287129400452965,34.26431771567836,19.86035002453647,3.4152692971506777,35.2846212965098,23.394542286233253,2.712034428913114,13.396834915340648,1.6028400084838768,100.32013422226541,13.94866318410114,1.6281077106286213,110.2287277725845,14.23821363447062,3.035412818885532,120.04814893217252,14.36972595508195,4.916786999019985,129.79127547062262,13.100789632211198,11.496763769503882,137.91154320354815,-5.291770400322315,2.2675287053450077,142.62958775824995,-8.164471248090495,6.892676175148683,113.44736162037965,-7.063810299134856,15.895657864414064,91.7322431906267,-7.388037024220373,20.814691793309645,81.75995944677051,-7.388037024220373,20.814691793309645,81.75995944677051,-2.8166007533549413,17.835460837669697,87.91988672622249,-2.8166007533549413,17.835460837669697,87.91988672622249,13.100789632211198,11.496763769503882,137.91154320354815,33.77689388131373,10.018853583643317,141.91647558784305,39.607548173388395,11.13552712929077,112.83034087800642,41.33436876024159,16.266605903572483,89.928340451997,44.244546924817065,19.426993663846012,79.66718685768777,44.244546924817065,19.426993663846012,79.66718685768777,38.30241682833593,18.679401528198778,85.31083343317205,38.30241682833593,18.679401528198778,85.31083343317205,14.01828568091482,8.279136390612564,142.16064924402565,14.122828035214084,10.591021716332985,149.2394039819281,14.671053746631658,14.271884853715331,155.69038891724614,15.79585836146519,19.01320087191395,164.11002533935027
5.11666462,12.6455,5.36722,92.1557,2.5586353959155694,3.2631027128607384,91.95713587728304,-0.06819552944300922,6.6092669634413745,47.45851740043911,0.6792417618709407,1.3449478983998127,7.718951952802513,1.9044220554033768,2.053373063697281,4.389303791642986,-8.532092753819246,11.458542520955923,2.550144440981361,-10.63319878996478,13.403968502570107,2.0782530765411056,22.73236460408443,7.471337287139261,92.35426412271696,26.163118080008648,13.304330119439303,48.167951451757745,30.394584920550855,6.822606173683018,8.828572672239616,30.403738091101395,6.334363398150033,5.243740032462869,34.26377107640296,19.84404031885835,3.413620951510756,35.28277526992106,23.378049158998575,2.707585831277152,13.307961824339845,1.4234080667672329,100.29453251585159,13.84164444167861,1.4734626792224652,110.20402576425346,14.112935746243956,2.907565620644585,120.02009059807926,14.218938507350282,4.819403251865548,129.75759640433608,12.937252272995224,11.429973684528418,137.8509690448036,-5.486736638543736,2.251738653825596,142.5458197504884,-8.370811822584246,6.7385480062840415,113.34312511784373,-7.377089732014184,15.490900067957407,91.52065156338077,-7.803542518629811,20.291520056437875,81.49465303067323,-7.803542518629811,20.291520056437875,81.49465303067323,-3.169630194519373,17.418332517789658,87.65827215371921,-3.169630194519373,17.418332517789658,87.65827215371921,12.937252272995224,11.429973684528418,137.8509690448036,33.59180966864645,9.902274011797935,141.94735542058513,39.34652342212665,10.750296676584865,112.83703338843452,40.77449433818868,15.734838093199317,89.88214832732092,43.28377496469115,18.793590240337828,79.48522537527887,43.28377496469115,18.793590240337828,79.48522537527887,37.50136117627449,17.780272787425552,85.25197743106523,37.50136117627449,17.780272787425552,85.25197743106523,13.834682730766156,8.22524832009637,142.11408773937814,13.915557695788403,10.55502921231015,149.18728303830832,14.438497537745098,14.238194268321223,155.63905338406408,15.528145924532692,18.970108236686357,164.06859649597484
5.12499795,12.5564,5.19981,92.1318,2.465775459227494,3.113497245533997,91.93642784816633,-0.1479726918622717,6.639114252168161,47.450897081688936,0.6776176676045766,1.3345164566494532,7.718235171414996,1.903778933120307,2.0427317202683066,4.388903476475884,-8.53296008213715,11.44683964300281,2.545592893593829,-10.634199062378972,13.391988067300295,2.0731496268777825,22.647024540772506,7.286122754466003,92.32717215183366,26.103704228269606,13.339614423826262,48.1725494448392,30.3910873625335,6.822545438317684,8.845066212522497,30.40563302570204,6.328460763255538,5.261051898774333,34.259524771652536,19.837633912122353,3.414346658507095,35.277263771576166,23.37145166186057,2.705535640484946,13.214690766663841,1.2538398165869649,100.26992481672777,13.73030574076381,1.3287359001154195,110.18021799178348,13.98342576167484,2.789681440325254,119.99280926136946,14.06402247091826,4.732038647843714,129.72451680369008,12.769741357626852,11.373151462027199,137.7908355883071,-5.685486449321488,2.2458789269568147,142.46228627350015,-8.581552543526527,6.59397979072787,113.23980277711557,-7.694494143517424,15.09362583984641,91.31309197328827,-8.223005720921421,19.774218980287387,81.23533507023336,-8.223005720921421,19.774218980287387,81.23533507023336,-3.5271574972092807,17.00739047196653,87.40074018418707,-3.5271574972092807,17.00739047196653,87.40074018418707,12.769741357626852,11.373151462027199,137.7908355883071,33.40222465092593,9.796189658822879,141.97877224768595,39.08458262814991,10.36953528126816,112.84753807788289,40.204751137794425,15.186986343946671,89.83995476262142,42.32539826215721,18.097273795553814,79.31467359992492,42.32539826215721,18.097273795553814,79.31467359992492,36.720688094957424,16.84345302637351,85.20820464457239,36.720688094957424,16.84345302637351,85.20820464457239,13.64711564975518,8.181431058552079,142.06786286312692,13.704382569490152,10.529165823161438,149.13534993261976,14.202023017988061,14.214717376843279,155.58775841563386,15.256460510821583,18.93733606477215,164.02698674460635
5.13333128,12.4728,5.03472,92.1073,2.373435500738955,2.9908238270440872,91.91520638937779,-0.22694447491004643,6.696925981297596,47.443564491933955,0.6698374233486453,1.3525069407778707,7.717782598605716,1.8965453721829484,2.0608704187563553,4.3886838264253285,-8.539969316435386,11.464963642856025,2.544028631898054,-10.640562647920545,13.4103880705107,2.0698538361691394,22.572164499261042,7.078616172955913,92.2993936106222,26.04596855731391,13.364321509591182,48.17857430683716,30.375975389948337,6.848043101598598,8.855630161861598,30.39536204943945,6.35030802020583,5.2721438998836465,34.241924222165366,19.860338748459174,3.4164526073986927,35.258032409722205,23.394225277282843,2.7056475904084154,13.117443599152136,1.0846185137435427,100.24451302614395,13.612605975802861,1.1850811999679187,110.15562297961668,13.845589255586582,2.6737008070664574,119.96455306893341,13.898064039276916,4.648333444073785,129.68995544551106,12.602560061182391,11.327171425124746,137.72486891185358,-5.914454179009983,2.3085616426200204,142.36274019719806,-8.83730977722445,6.493533528490664,113.11911444548153,-8.03910300031219,14.713679342332131,91.08269978745524,-8.676983053265214,19.263880922097254,80.95169611297108,-8.676983053265214,19.263880922097254,80.95169611297108,-3.915131075650467,16.60683638497266,87.1147660318335,-3.915131075650467,16.60683638497266,87.1147660318335,12.602560061182391,11.327171425124746,137.72486891185358,33.207948908185976,9.679987716466036,142.01785448528724,38.74635483714533,9.996680282620623,112.85499304775664,39.513003352700004,14.71789130585847,89.81298968937534,41.369934268057385,17.60422696989307,79.23143333688277,41.369934268057385,17.60422696989307,79.23143333688277,35.897227742651474,16.03600593590717,85.1735471719677,35.897227742651474,16.03600593590717,85.1735471719677,13.44674594060255,8.148037219397423,142.017919458372,13.479727485763517,10.5233952467017,149.07632564973702,13.958911769682679,14.21816703735227,155.5248569041823,14.990172984005412,18.93647539126854,163.9693584922926
5.14166461,12.3902,4.85926,92.0803,2.2822736106366364,2.8578228521967843,91.8914925303251,-0.30370599389676123,6.744397402635563,47.43441941480365,0.6644724072549499,1.3599750960891672,7.715715927676719,1.8917629477677704,2.0684736405101694,4.386860631133916,-8.544412666120543,11.472661626263438,2.540770740392697,-10.644334685522457,13.418383614700993,2.0648466487125194,22.498126389363364,6.860697147803215,92.26910746967489,25.989831418608283,13.378477821095633,48.183388315581446,30.363340233199498,6.8629591751555,8.865132795872803,30.387650964779628,6.36157566450638,5.282185209432387,34.22706118884141,19.87241383576705,3.417582827857266,35.241589587889514,23.40635684308842,2.7048047641310653,13.021178374847025,0.9050632576852906,100.21659506397371,13.496107472175671,1.0312570903883653,110.12840097962291,13.709195178138602,2.5477170994284615,119.93351809829872,13.733832926068255,4.554853263358869,129.6523748438846,12.437513187863496,11.271399040156748,137.65566227534168,-6.140574097194145,2.3616848051918122,142.25964467322757,-9.09157787268338,6.384152905222943,112.99604870927809,-8.38364097518313,14.323785033317062,90.85394923204483,-9.131494038954095,18.742436048413687,80.67236291985074,-9.131494038954095,18.742436048413687,80.67236291985074,-4.30373931676106,16.19502689964187,86.83045042530733,-4.30373931676106,16.19502689964187,86.83045042530733,12.437513187863496,11.271399040156748,137.65566227534168,33.01508977169855,9.554705206956848,142.0535359728752,38.41061845936521,9.607139842790087,112.86223174662436,38.80864349729505,14.210325150894882,89.78705540215347,40.400827588381304,17.051238916373496,79.15020344172504,40.400827588381304,17.051238916373496,79.15020344172504,35.085097406905,15.180716884976869,85.14709519675662,35.085097406905,15.180716884976869,85.14709519675662,13.248574197810477,8.105131762076326,141.96457845622768,13.257534501671241,10.508311061453666,149.01363232681905,13.718334524711347,14.212527105242216,155.45808407558758,14.72635058129902,18.92683428580829,163.9076255970741
5.1499979399999996,12.3094,4.67822,92.0527,2.193089440627231,2.7192860518136355,91.86719187897567,-0.3774409497901363,6.786066191193039,47.4253447632235,0.6623435838728549,1.361232060498459,7.713950901159102,1.8902488700387134,2.069830538383477,4.385343587439898,-8.545480450559886,11.474203772801296,2.537675160756024,-10.64470710201815,13.420240319819534,2.0599728388267144,22.425710559372767,6.637153948186364,92.23820812102433,25.936111749457574,13.386635407917009,48.18885300929309,30.353998111776846,6.871707559924355,8.875461208087707,30.383317018858705,6.366664806472559,5.2930650738678535,34.215741821458614,19.87825727264816,3.4195789755997694,35.22873855967975,23.412242749119603,2.7048357489496415,12.926690047987405,0.7200063526788045,100.18809185739175,13.381605923978464,0.8721290094706555,110.10047246365693,13.575040192677806,2.41663170502271,119.90161901125661,13.572127931174132,4.456532697696199,129.61368236047457,12.275402120437622,11.210795074732296,137.58509902628276,-6.363031195243632,2.410196748858489,142.15491975400613,-9.34314037724309,6.270968321213951,112.8724998784314,-8.726556945705212,13.929366207748489,90.62884305399095,-9.584825253726375,18.21546480783479,80.39941515539131,-9.584825253726375,18.21546480783479,80.39941515539131,-4.691374118103357,15.777448109239147,86.54992418427685,-4.691374118103357,15.777448109239147,86.54992418427685,12.275402120437622,11.210795074732296,137.58509902628276,32.82446256994322,9.425310073246443,142.0876701575403,38.07831751701162,9.205935779775126,112.87131164463645,38.094194653309714,13.667810494058834,89.76497216408309,39.4223972870924,16.442071274287898,79.07442420255373,39.4223972870924,16.442071274287898,79.07442420255373,34.28753518010658,14.283469822839283,85.1318313764037,34.28753518010658,14.283469822839283,85.1318313764037,13.053402479928634,8.057690239944362,141.90973455236687,13.038610930446676,10.48891228554594,148.94915584090649,13.481109892357964,14.202785527727478,155.38933066091062,14.465829355841027,18.91338711676487,163.84368461221854
5.15833127,12.2338,4.48329,92.0243,2.1092835262334138,2.566901621917469,91.84210074978421,-0.44476908342450816,6.813783599823721,47.4161521275788,0.6667872884440329,1.348343342346345,7.712270895209286,1.8953462787609425,2.0570157940264666,4.3839205520000295,-8.539817114812035,11.461680422875329,2.5345397993388743,-10.638321553979347,13.408051961713772,2.0550325142067805,22.358316473766585,6.399678378082531,92.20649925021578,25.88818649124027,13.380603200004977,48.19478707560926,30.35130872828794,6.866206978877501,8.886416955985496,30.3857169372045,6.357503941263016,5.304584026006635,34.21136654262437,19.869790508252034,3.4222775078967453,35.22289106646654,23.403803059908384,2.7055857736055886,12.83738224060958,0.5211097303024679,100.15878947038105,13.2725116291349,0.6993233804804234,110.07162364384183,13.446540833472179,2.2720354741949547,119.8686471482906,13.416372136188082,4.344928155999885,129.5736759900728,12.119650699807858,11.136885203459908,137.51300056637587,-6.578396084210288,2.445596219338297,142.0483650607859,-9.589425681036328,6.14510988967001,112.74829644294702,-9.065940638822973,13.521316938631722,90.40710052103124,-10.035353180651772,17.673790041126242,80.13258509266828,-10.035353180651772,17.673790041126242,80.13258509266828,-5.076245702797959,15.344927632785984,86.27279711342766,-5.076245702797959,15.344927632785984,86.27279711342766,12.119650699807858,11.136885203459908,137.51300056637587,32.63948772720658,9.283335592872948,142.1201288530735,37.75325047262962,8.784965979037922,112.88234884241727,37.37540429629854,13.08118730417528,89.74771643054466,38.44223309741075,15.768131091433402,79.00571148621064,38.44223309741075,15.768131091433402,79.00571148621064,33.510786338714176,13.337586207108911,85.12876915253953,33.510786338714176,13.337586207108911,85.12876915253953,12.864659705733118,7.997223681548805,141.85319805046817,12.826388357604197,10.456683383494797,148.88271473235434,13.250669471083132,14.180426573757263,155.31841467037344,14.212042362359432,18.887620495374836,163.77735243079027
5.1666646,12.1611,4.27954,91.9938,2.0244198546385537,2.4285257507396603,91.81204002181387,-0.5077987514583535,6.842110283524145,47.401092691759054,0.6495546129464405,1.3571713904366858,7.701209087156414,1.8783538753112956,2.067712724882571,4.373345924636739,-8.555644146793515,11.474687436705072,2.5291460857242205,-10.652948230690779,13.422032136025763,2.0483400056924936,22.297780145361443,6.1305542492603395,92.17555997818612,25.844327647079837,13.327377241939619,48.19997764116529,30.32942201067104,6.882805908851613,8.882599694862428,30.36512001215597,6.373988365226523,5.300795651703546,34.18301438182561,19.888542178772465,3.419020212705645,35.19257239203565,23.42316188292513,2.7025498430206962,12.73859456379198,0.31803290709870913,100.13051091634595,13.147776316313802,0.5253021759725999,110.04388515441362,13.296820861209701,2.132578408050632,119.83570969725719,13.23371012537826,4.243304297690118,129.53242214500094,11.946204626810578,11.075873202098283,137.4383296516489,-6.838174169746191,2.54468788870863,141.92062585070505,-9.856648415718707,6.083489185379179,112.60147817808189,-9.440859468715374,13.149031181876232,90.15784348832437,-10.480719051615356,17.142418592084436,79.82730575446435,-10.480719051615356,17.142418592084436,79.82730575446435,-5.479764672203107,14.912773954633135,85.97040683124033,-5.479764672203107,14.912773954633135,85.97040683124033,11.946204626810578,11.075873202098283,137.4383296516489,32.429128318367795,9.106538048753158,142.1602513938682,37.39840129405808,8.41102635980166,112.90158923676324,36.69575922096,12.603461313620972,89.75550348743823,37.66798778336667,15.316631186690362,79.01111231375262,37.66798778336667,15.316631186690362,79.01111231375262,32.81543048912522,12.758520101224942,85.1452223660982,32.81543048912522,12.758520101224942,85.1452223660982,12.646888057425587,7.948210905948198,141.7945434185918,12.58836221047196,10.436525279290588,148.81375831821953,13.002432111287684,14.17383081848523,155.24225774860324,13.948464037240091,18.882953814817473,163.70185139646208
5.17499793,12.0972,4.07075,91.9633,1.9487801567065652,2.2851803787012734,91.7819422823723,-0.5599471863550369,6.865286416416691,47.386525648991565,0.6435505941171105,1.360523691843861,7.69075811480031,1.8726391808293459,2.072912901015911,4.3633968924096695,-8.560136607489468,11.482219777599772,2.5241866127133736,-10.656225319302786,13.430542491484246,2.0420445178174487,22.245619843293436,5.856319621298727,92.14465771762771,25.810282434995415,13.26876145680167,48.206371577945305,30.3185506865897,6.893925568141085,8.880276368093718,30.355648091598102,6.384984053310884,5.298504158610822,34.16588095269116,19.901784627412034,3.4173372908860777,35.17350384484745,23.43700550270883,2.7011089127353975,12.648614144001098,0.110086671626771,100.10223060515784,13.032197247525195,0.3467567444811164,110.01597007720903,13.156678392934731,1.988959764355926,119.80234084099841,13.061092781282488,4.13798606004951,129.49037100257732,11.78335362257419,11.01117610515998,137.36258053942896,-7.0857673239785335,2.640520985969884,141.79128197663852,-10.11335305702693,6.018810981878046,112.45414505135916,-9.80756685628374,12.772895975802669,89.91306404502147,-10.918954397214051,16.6066791188783,79.5296452738942,-10.918954397214051,16.6066791188783,79.5296452738942,-5.875705670851837,14.475842363920332,85.67323768888481,-5.875705670851837,14.475842363920332,85.67323768888481,11.78335362257419,11.01117610515998,137.36258053942896,32.22812948603658,8.927120440063053,142.1991951320509,37.051570248612634,8.028730052367163,112.92166047557384,36.01907402050098,12.105965590944981,89.767360569468,36.89135297326512,14.843419824609123,79.02055013203946,36.89135297326512,14.843419824609123,79.02055013203946,32.1235493805097,12.160106350272192,85.16761678639699,32.1235493805097,12.160106350272192,85.16761678639699,12.43982227586907,7.896020934188707,141.73461487827078,12.361417278861174,10.413506587839501,148.7432260204734,12.765419391235644,14.164636739901113,155.16430975906388,13.696026917363104,18.876090599142785,163.62431641691893
5.18333126,12.0375,3.85339,91.9365,1.8777347992413418,2.133509688772742,91.75550941873617,-0.6057524268202927,6.879909828528906,47.37614395277539,0.6441697540572622,1.3548373697854608,7.68463291379647,1.8736118778614868,2.0690202746290947,4.35778685690642,-8.557703334382238,11.480876663917698,2.5233432763567345,-10.652523735874277,13.430221168944618,2.039821021321785,22.197265200758657,5.573270311227258,92.11749058126382,25.781628664137834,13.200892200942128,48.217652026663934,30.31416915725427,6.89560879984331,8.883134645614405,30.35276591831516,6.3865325012536776,5.3013974336110055,34.155647234023135,19.905497987198288,3.420911621785355,35.16142285515678,23.44129765061229,2.704943913201615,12.562772083473675,-0.1062538513817346,100.07765549311263,12.921114686610121,0.1601524314823019,109.99158495178985,13.021487422570095,1.837639980550949,119.7722464773205,12.893938362130655,4.025431611007476,129.45122772842774,11.626636360774505,10.939268412273574,137.28945763503404,-7.3257628150680745,2.729850691832292,141.6640450453879,-10.364400131495543,5.947758153976812,112.3100252786798,-10.171084563686298,12.389579407966274,89.67648666310109,-11.355139649342961,16.063277435486345,79.24334633108265,-11.355139649342961,16.063277435486345,79.24334633108265,-6.2691210761257565,14.030728464845165,85.3849837763084,-6.2691210761257565,14.030728464845165,85.3849837763084,11.626636360774505,10.939268412273574,137.28945763503404,32.0320037963537,8.74113715818029,142.24063806486922,36.70835816575162,7.634128047700407,112.94639012638942,35.34150915039088,11.584731471093708,89.78746185670732,36.108650551225566,14.344330477205858,79.03829592499642,36.108650551225566,14.344330477205858,79.03829592499642,31.431283377302154,11.538500522804723,85.20012238644867,31.431283377302154,11.538500522804723,85.20012238644867,12.238951889460193,7.837116743393227,141.67711667016806,12.141091017499166,10.384086725268563,148.67482191286476,12.535234661041544,14.149317162032071,155.08826108766206,13.450414932534983,18.863518598153014,163.5484200918856
5.19166459,11.9884,3.63316,91.9118,1.8177455432305205,1.9788552944036428,91.73113823858696,-0.6389328140456012,6.891375145249234,47.368361246902374,0.6578733337668281,1.345683471684283,7.681230116437071,1.8877068855252324,2.0616605087569186,4.354914412696068,-8.542256545954757,11.475904357128018,2.5250410341812994,-10.635827293386505,13.426238565126143,2.0400995041899046,22.159054456769482,5.287464705596357,92.09246176141303,25.76441409062533,13.130089616422119,48.23224381087547,30.322537993773878,6.894322921171767,8.889601552176678,30.362752299566036,6.385101004082448,5.307902836153019,34.1581239498604,19.906280780032034,3.4281654867890756,35.1620177604608,23.442671730203767,2.7124770879857336,12.487610730095424,-0.3252980040812825,100.05517165008342,12.821067103556022,-0.028845420380937126,109.96911646297279,12.897734686432095,1.6842459639196696,119.74381947795851,12.738665745173078,3.911220637300423,129.4133934042723,11.482233608095104,10.865648005561077,137.2173898170409,-7.551718547059746,2.817545308739186,141.53730847098385,-10.603400134437985,5.875253240303927,112.16752155765226,-10.525186418026788,12.004243446272163,89.44658707181496,-11.783143445217533,15.517467821638803,78.96692775307109,-11.783143445217533,15.517467821638803,78.96692775307109,-6.653837754794305,13.582761965955319,85.10416549817597,-6.653837754794305,13.582761965955319,85.10416549817597,11.482233608095104,10.865648005561077,137.2173898170409,31.847012674892916,8.554840616907061,142.2830518283732,36.37540271850895,7.233929955764055,112.97442510724964,34.67014089863142,11.046644193481917,89.814831101586,35.32702961656623,13.826203807617357,79.06350530452352,35.32702961656623,13.826203807617357,79.06350530452352,30.745703184607155,10.90056230887329,85.24174297382888,30.745703184607155,10.90056230887329,85.24174297382888,12.050572892372324,7.776999698206694,141.62046478613058,11.933596788278711,10.353731619998598,148.60697183162833,12.317967500650246,14.133302410340217,155.0125643334011,13.217567556234153,18.8506380168406,163.47264737093903
5.1999979199999995,11.9379,3.40744,91.8893,1.7541668815669613,1.8367407624101304,91.6994092746744,-0.6671185611230341,6.878582899739724,47.34919724680168,0.6494654833088134,1.3449511283428075,7.661033953918825,1.879882440260642,2.0645764166096976,4.335721427233221,-8.546740151939812,11.484538884767055,2.516268372515433,-10.638409095166757,13.4367170111213,2.0305401770975493,22.12163311843304,4.978139237589869,92.07919072532562,25.767884964163855,12.943255348812372,48.24443425215414,30.31378494652955,6.889914173017732,8.871897711441449,30.356383623550066,6.384466210039759,5.289692028759685,34.148358004580615,19.90888799526489,3.4264940604976504,35.15146408186106,23.444685103299744,2.706778402660869,12.395353823103783,-0.5437156433303234,100.03866856672998,12.699446671729966,-0.22042593583151343,109.9527187151224,12.75103407701637,1.527613919417959,119.72139694938087,12.560831359605904,3.792207959377544,129.38166691459764,11.324274775939811,10.785714775809918,137.15385013232392,-7.811480597519635,2.9386269821185316,141.39307981296375,-10.873929588812224,5.837151074920776,112.00827615700621,-10.891223600611186,11.650194164314588,89.2043349801393,-12.184522567165244,14.985358022006004,78.67093473822675,-12.184522567165244,14.985358022006004,78.67093473822675,-7.034016404339297,13.13254945268531,84.81568350655795,-7.034016404339297,13.13254945268531,84.81568350655795,11.324274775939811,10.785714775809918,137.15385013232392,31.63491986219831,8.299875152559578,142.3522428057877,36.111947887534654,6.836164760191017,113.04250903716358,34.27139986222944,10.541555425788369,89.87585271343293,35.29897084083424,13.512253534126518,79.20498060924626,35.29897084083424,13.512253534126518,79.20498060924626,30.44737727462904,10.680063930915985,85.21824034699138,30.44737727462904,10.680063930915985,85.21824034699138,11.840109683223316,7.707881156999429,141.57093985920832,11.706877413562234,10.31556689646488,148.54566105428196,12.087640788814552,14.112885458034487,154.94096421336093,12.977902005837262,18.839200412345185,163.39702253887668
5.20833125,11.8863,3.1772,91.8712,1.6901605916324893,1.6903859755981736,91.67195133130421,-0.6938547152412378,6.8614094451356085,47.334595867270444,0.6432089409770059,1.3396109066058655,7.645469127455279,1.874308248527699,2.062853208787471,4.32119403190689,-8.548761480063142,11.488698215152203,2.511878042666128,-10.638478196340804,13.442756689187588,2.0253086122040322,22.082439408367513,4.664014024401826,92.07044866869579,25.771398011157014,12.751306613721018,48.26164378598245,30.307008984618456,6.880420227341286,8.860302364329847,30.35213284418598,6.378731106051116,5.277599235897793,34.14097751854228,19.90631170531324,3.431040229510829,35.14338201026858,23.441491212978303,2.7073243300365086,12.301977573714261,-0.766294033799912,100.02651543930678,12.577059616473894,-0.4157559824301425,109.94048699387022,12.60408204252633,1.3676473023040208,119.70286997923243,12.38331491273552,3.6704024483614868,129.35346372532442,11.167350260615642,10.702957830020207,137.0935952820034,-8.067820003423286,3.057907650424954,141.2512895354212,-11.143543529381288,5.798444356809968,111.85271635588025,-11.26108268037839,11.296755139986988,88.97114592639306,-12.592385146010303,14.454006734589488,78.38776948292067,-12.592385146010303,14.454006734589488,78.38776948292067,-7.419356933837671,12.682405236629183,84.53754655223423,-7.419356933837671,12.682405236629183,84.53754655223423,11.167350260615642,10.702957830020207,137.0935952820034,31.421417015359655,8.043047958212686,142.4248848265915,35.8452694566338,6.43413178056908,113.1146879669464,33.86997047304688,10.03204806089888,89.9421892970753,35.28934579532457,13.15693843732967,79.36065374401575,35.28934579532457,13.15693843732967,79.36065374401575,30.167778279515392,10.44516741363076,85.20311853636146,30.167778279515392,10.44516741363076,85.20311853636146,11.630729860817741,7.636602836074742,141.5244612796637,11.48176820669555,10.275571886392825,148.48708752839806,11.859253810533836,14.090870454150485,154.87187514900543,12.74029605769088,18.826572694710276,163.32364592996498
5.21666458,11.8303,2.94099,91.8572,1.6224828836540741,1.5379667675883768,91.64846490820099,-0.7225737180956542,6.83798770473737,47.32426621436815,0.6358493327380017,1.3278823001566158,7.6342396971765325,1.8676859243706234,2.054755279917405,4.311029784094213,-8.551981078512085,11.486256602477408,2.511617838044571,-10.63977057330726,13.442153543018872,2.024162744417017,22.038117116345923,4.344013232411624,92.06593509179902,25.771288767155667,12.553329165692304,48.28357947240396,30.298735894306166,6.865247893987911,8.8544946028899,30.346541440076678,6.367319349295421,5.271301663935315,34.13205665455663,19.898113728046454,3.441536913782924,35.13372450808437,23.432689493993447,2.7138630269425636,12.204329406676306,-0.9944786633937741,100.01840648904849,12.450749237894064,-0.6162704662394292,109.93211492064904,12.453666683284322,1.202906994489003,119.68793184673422,12.20283348609452,3.5443455515314284,129.3284778494865,11.007925817003644,10.615862156774927,137.0363238722164,-8.323976404090699,3.1731310672466977,141.11165199189185,-11.415562619254473,5.756883790064835,111.70054799728567,-11.63829547503524,10.941884254690233,88.74673213811336,-13.010382341595108,13.921454255497693,78.11715072247115,-13.010382341595108,13.921454255497693,78.11715072247115,-7.813456540410758,12.230490086058992,84.26947980570645,-7.813456540410758,12.230490086058992,84.26947980570645,11.007925817003644,10.615862156774927,137.0363238722164,31.203115755766646,7.783677979949407,142.50057358885866,35.57191623458297,6.027402128231525,113.19057872108417,33.4622670179653,9.517661064988745,90.01345692010959,35.29121561163796,12.758272372726541,79.53004878035233,35.29121561163796,12.758272372726541,79.53004878035233,29.902645225613874,10.193231164483667,85.19594884553564,29.902645225613874,10.193231164483667,85.19594884553564,11.419023699790587,7.561664040334183,141.48072478665895,11.254774355533035,10.232231872083187,148.4309478846205,11.629185179421125,14.065724457292516,154.80500959098958,12.500975614355726,18.811217631795834,163.2522467993731
5.22499791,11.7796,2.71052,91.8496,1.5608094294662394,1.3913471651123794,91.63124909602928,-0.7435243202225501,6.820255121121229,47.32051555859809,0.6370427191418364,1.3217174017045297,7.629648885168386,1.869701113980357,2.0522184197575877,4.307539406560318,-8.546550594476606,11.489322112345253,2.517753039024876,-10.632403157773911,13.447050411322508,2.029358448074395,21.99839057053376,4.02969283488762,92.06795090397071,25.77740766909111,12.360875211075527,48.312556582430105,30.298735626473132,6.855781342331155,8.856805231225188,30.349372054720302,6.361606436804933,5.273131563257844,34.131577620958694,19.895603467783676,3.460286721531477,35.13253229895915,23.429571044593697,2.728688116937051,12.112050474932582,-1.2165783668739296,100.01663606292473,12.33016813593386,-0.8103181969951672,109.92989770583165,12.309474802722745,1.0450099180220214,119.67888269976756,12.029117713873806,3.4256260338584488,129.30901488225354,10.855845522706467,10.536009849237399,136.98435957219615,-8.570227589279671,3.296143966033233,140.9764785935914,-11.680252489556192,5.724358945145403,111.55406810813191,-12.013046333758373,10.5975948048549,88.53337474861507,-13.42865361433071,13.399827600816165,77.86135487347926,-13.42865361433071,13.399827600816165,77.86135487347926,-8.206491857673445,11.788784333401233,84.01376228290749,-8.206491857673445,11.788784333401233,84.01376228290749,10.855845522706467,10.536009849237399,136.98435957219615,30.989819717474404,7.533012461455929,142.5816873858405,35.30171263528688,5.6271817436145,113.27260841054257,33.05844662401904,9.009541074324598,90.09203669195355,35.31147211412336,12.326159096648102,79.71550635345393,35.31147211412336,12.326159096648102,79.71550635345393,29.661292363782913,9.933513741903408,85.19905153417646,29.661292363782913,9.933513741903408,85.19905153417646,11.214793820246683,7.494625399696114,141.442045501216,11.035745530612513,10.197085270117883,148.37956406776695,11.407346697799763,14.048981446519623,154.74268593688643,12.269927411449713,18.804659038233996,163.18513970593398
5.23333124,11.7303,2.471,91.8475,1.5009071261252451,1.2413503002099433,91.60448177490852,-0.759036601227387,6.776462583413268,47.30460267110586,0.6244630496645527,1.313873953925624,7.608874514653387,1.857737953427612,2.04798584237735,4.2877899643020925,-8.553426333629243,11.492851556344235,2.5093831399098887,-10.636553064647465,13.453061986734003,2.0193133734393443,21.959692873874754,3.700649699790057,92.09051822509147,25.79960452147595,12.016455599467108,48.337500580276235,30.289057875323664,6.838147557444181,8.833896768781436,30.34195563013022,6.349634402260236,5.249479582076092,34.116382193896264,19.888903846481814,3.4599410852827734,35.11540377097793,23.42255653461657,2.7241910001565324,12.006524434824335,-1.4426538844292476,100.0230804863629,12.190518064232236,-1.0087549289974387,109.93586299589131,12.142650218020659,0.8827985210341465,119.67778853735244,11.833985552935872,3.301198024801119,129.29763515801682,10.68618670842661,10.445776109392266,136.94502710244618,-8.8412293846427,3.428616258732813,140.8391864723784,-11.943849856625103,5.720655122289591,111.40507317343933,-12.37427083640779,10.282227608271752,88.32221597431223,-13.799976997988415,12.905232641269137,77.60607546718163,-13.799976997988415,12.905232641269137,77.60607546718163,-8.57230560986871,11.343391217259871,83.76648567899767,-8.57230560986871,11.343391217259871,83.76648567899767,10.68618670842661,10.445776109392266,136.94502710244618,30.756805147677973,7.2251125637192875,142.64788521321455,35.10777459852001,5.270350899486548,113.34780512264336,33.04482602736903,8.685520732815837,90.15529856465564,35.34546113930813,12.033766079755596,79.79939242326591,35.34546113930813,12.033766079755596,79.79939242326591,29.666040490088335,9.653681057907683,85.25814018550545,29.666040490088335,9.653681057907683,85.25814018550545,10.989832909769257,7.414482263296141,141.41368279460124,10.79468890386488,10.143470863056903,148.34037403514571,11.171421159142353,14.012338161506188,154.6928892958376,12.039408764409838,18.779467508411297,163.1283273872101
5.24166457,11.6832,2.22953,91.8527,1.4440748142956465,1.0892993923455052,91.58481121180111,-0.7698080204939104,6.730699303615593,47.29601542680661,0.6178048096554167,1.3044030446729886,7.595453475698285,1.851779963894996,2.0421740511510693,4.275440056400146,-8.554418489780971,11.494605349288125,2.508200034017541,-10.634834560883812,13.45726373927692,2.0164162398522505,21.922325185704352,3.369760607654495,92.12058878819889,25.82338210972094,11.67029252758869,48.3700799114814,30.284456348400678,6.819812298377032,8.82167364936997,30.339852009803575,6.336994620111852,5.236522571123427,34.10640903516574,19.88156242846525,3.4706539294596004,35.10349781298019,23.414914054727273,2.7308472831336763,11.9033507836921,-1.6701554729000456,100.03665318897855,12.053548909747281,-1.2082218364418702,109.94873858403231,11.978978165612048,0.7199156626409624,119.68332147335786,11.642495694182049,3.1765063300140017,129.2925524977321,10.520546739727866,10.355088986488012,136.91188470821942,-9.105047157258422,3.561088418094119,140.70696169126447,-12.202679923619108,5.718436118218895,111.26214476560614,-12.737274957809673,9.971518657663138,88.1226331177322,-14.177290851740837,12.41556693829683,77.36617259123832,-14.177290851740837,12.41556693829683,77.36617259123832,-8.942419331404729,10.902555279404174,83.53265186545897,-8.942419331404729,10.902555279404174,83.53265186545897,10.520546739727866,10.355088986488012,136.91188470821942,30.52483500845805,6.918255988908358,142.72063833083863,34.916083963576,4.915818270450236,113.42978826741657,33.03542893354332,8.361111607536811,90.22624128167666,35.38475744765512,11.740435076817704,79.89138331198919,35.38475744765512,11.740435076817704,79.89138331198919,29.67578592753483,9.373033148595194,85.32476191525878,29.67578592753483,9.373033148595194,85.32476191525878,10.769016085776498,7.334561775996498,141.39122678566278,10.558126442736521,10.090372006074332,148.30682849749934,10.9401851791749,13.97621728568979,154.64865387252357,11.813567710174423,18.754832281332117,163.07703344183386
5.2499979,11.6434,1.98611,91.8645,1.395390371134205,0.9353735304087003,91.57153869172751,-0.7706675506942444,6.683216852092113,47.294065949048715,0.6221957935747333,1.2934362929059118,7.588713955671167,1.8569708439212989,2.034886199152094,4.269817685046073,-8.544226046275329,11.494854612415386,2.513497135879496,-10.621913884675422,13.459959996920235,2.0199544742438515,21.891409628865794,3.0368464695913,92.1574613082725,25.854022282558354,11.322193305319201,48.40960614920797,30.290130509147527,6.800505012951691,8.819455120465292,30.348252036673134,6.323419553324771,5.233579886181386,34.10710456902114,19.873240537240264,3.491759015969892,35.10232963196961,23.40628694680547,2.7479957730372924,11.807563704671432,-1.8991016133084084,100.05664770084024,11.924302798066085,-1.408725563714726,109.96781727634738,11.823536632564831,0.5563646290729951,119.69477187449883,11.459773579784251,3.0515699235033527,129.29305328423456,10.364179370626106,10.26399713490835,136.88420660866714,-9.356525309566448,3.6938567500140094,140.5790748173333,-12.451412469323072,5.718131751673846,111.12452158992838,-13.096505005020285,9.66616563755684,87.93382547497082,-14.554950228199504,11.931726697403555,77.14083555345435,-14.554950228199504,11.931726697403555,77.14083555345435,-9.311247538526313,10.467015614887005,83.3114720117811,-9.311247538526313,10.467015614887005,83.3114720117811,10.364179370626106,10.26399713490835,136.88420660866714,30.299109796347103,6.6121348479748665,142.7992247488706,34.73195279268974,4.5630264393955144,113.51786925873549,33.035608449064824,8.035692486211714,90.3041985314433,35.434765985154534,11.445451481400347,79.99080687095555,35.434765985154534,11.445451481400347,79.99080687095555,29.695895615702174,9.090985653815004,85.39824695875298,29.695895615702174,9.090985653815004,85.39824695875298,10.557548430472222,7.254913057836118,141.37395587959583,10.331317534788287,10.037849541269928,148.27820063289877,10.718967239262039,13.9406826893175,154.60924577786673,11.597815251415925,18.73081860968825,163.03051435939926
5.25833123,11.6101,1.73823,91.8805,1.3540535461298067,0.7770773179951693,91.56226821665403,-0.7624043948098347,6.631486119785384,47.296360278199245,0.6368130739617679,1.2784766302179804,7.586257538849836,1.8724850158801463,2.0236312038157367,4.268524976239943,-8.523676699688789,11.491111555381892,2.522902343352899,-10.598618541241791,13.458664125859658,2.0275605204881533,21.866146453870194,2.6993826820048303,92.19873178334596,25.890733278160788,10.969602628991257,48.453671888859425,30.30527976763558,6.777595255710668,8.824848626433038,30.36635356768372,6.306275927541751,5.238260006944865,34.117681241301305,19.861297564336187,3.520852044000258,35.111117373825124,23.394032603821593,2.77322820075542,11.718360984473165,-2.1320007198653323,100.08066443059232,11.801991293460187,-1.6128099375228047,109.99070105733338,11.675553738938026,0.38956962996339195,119.70974775199024,11.285066559562525,2.92377970940445,129.2967534407547,10.216353735675858,10.169866227837312,136.85963151814335,-9.596412431970299,3.824365736780723,140.45322430867714,-12.690842372447438,5.717305424099171,110.98989109052863,-13.452738013501481,9.363992276765956,87.75343929016267,-14.933737208108887,11.451715405891097,76.92770539575385,-14.933737208108887,11.451715405891097,76.92770539575385,-9.679577494733538,10.034662332403885,83.10057482957697,-9.679577494733538,10.034662332403885,83.10057482957697,10.216353735675858,10.169866227837312,136.85963151814335,30.078922484918188,6.30411958945165,142.88120560217087,34.554603269727494,4.209460811064265,113.60959123339009,33.044536471528204,7.706785822671208,90.38675940201853,35.494669752069754,11.146359552604991,80.09527552967067,35.494669752069754,11.146359552604991,80.09527552967067,29.7255448643572,8.805097087044171,85.4761898433441,29.7255448643572,8.805097087044171,85.4761898433441,10.354704180333641,7.172887362466696,141.35949861917922,10.113553376451854,9.983229775679906,148.25212753076167,10.507073430556451,13.903037518717865,154.57231429438957,11.391476239836706,18.704704703604424,162.9864312654639
5.26666456,11.5789,1.49026,91.9016,1.3149582496421495,0.6301877721303538,91.55038736055157,-0.7529570412986062,6.538964993351845,47.289409283361856,0.6174170869097955,1.2684316763814287,7.567270204588134,1.8542532520749693,2.018481498176132,4.2510748832951855,-8.536833799790223,11.493957418785573,2.518669919520792,-10.609388066475368,13.463938070285728,2.0229831946025008,21.842841750357852,2.350332227869646,92.25281263944844,25.927048890165274,10.497517877922878,48.49019479873062,30.29059105155567,6.747286447515121,8.811484591439985,30.35627061328137,6.283817628743517,5.223954425323194,34.09632010778348,19.84619069384436,3.540319185224659,35.087141579792934,23.38006985090906,2.794635248513728,11.620316817973178,-2.357183051544367,100.11309009417974,11.664725882830881,-1.8100993478234593,110.02187943983047,11.509626088259312,0.22683286345378106,119.73332785192561,11.090132756188352,2.7942685900756326,129.3102625480804,10.055982615021378,10.067472618282405,136.85188560917283,-9.85050866413485,3.965276354913648,140.34756788252167,-12.947179929203147,5.72069431737651,110.87595685609215,-13.778251899177185,9.112274608788056,87.60326889901181,-15.270980276318442,11.030814126681044,76.74788180590342,-15.270980276318442,11.030814126681044,76.74788180590342,-10.014565674036284,9.636439133542428,82.92399503844608,-10.014565674036284,9.636439133542428,82.92399503844608,10.055982615021378,10.067472618282405,136.85188560917283,29.85050846440229,5.983303202048802,142.95281139283,34.45745087610889,3.8962688882828678,113.70102356664094,33.17172919398473,7.495757450248627,90.48029782241852,35.537230446568316,10.845458022073348,80.13948689029107,35.537230446568316,10.845458022073348,80.13948689029107,29.81061548709641,8.567814624829484,85.59263024203857,29.81061548709641,8.567814624829484,85.59263024203857,10.136074201202115,7.078733604288853,141.35864181913757,9.889063720078342,9.908510571756983,148.24310691376198,10.295859233473339,13.840726711460432,154.55473943977594,11.190668268828059,18.65139651876727,162.9626115416644
5.27499789,11.552,1.23797,91.9232,1.2812733151440288,0.47908978726785034,91.53868862473121,-0.7366337190035321,6.4426123541165214,47.282744932993886,0.6065442722608263,1.2554293836918653,7.54870681194307,1.844686684957356,2.0104200581694553,4.2341205193668925,-8.541180501967428,11.493979529295322,2.514695169670666,-10.61130615987009,13.466414635085934,2.018620781259157,21.822726684855972,1.9968502127321497,92.30771137526878,25.965793134242872,10.021433797556089,48.527976783380964,30.28401497749483,6.714837806924688,8.804883213554334,30.354673589935835,6.259304098357852,5.21643142421018,34.08405744045179,19.82885023013403,3.5672877454759586,35.07247301523604,23.36385117512616,2.8237310293953106,11.526711796088959,-2.5859854012058747,100.1457195986894,11.532190647003883,-2.0105167169409865,110.05299898386993,11.348885711829245,0.061381490818197104,119.756555865644,10.900809353576566,2.6625198510486188,129.32309577558598,9.901558506559821,9.962567989620794,136.84345724730164,-10.09527988229131,4.104665046620572,140.23998730024678,-13.196950701574064,5.725232328829839,110.76117929428015,-14.103630611023334,8.866129383066557,87.45615409634296,-15.61321497534118,10.616662656078503,76.57473648934206,-15.61321497534118,10.616662656078503,76.57473648934206,-10.352921073274372,9.244094310060031,82.7524314440279,-10.352921073274372,9.244094310060031,82.7524314440279,9.901558506559821,9.962567989620794,136.84345724730164,29.62512562987746,5.660847419621873,143.0241601935394,34.36609173308403,3.5791036125763003,113.79341773341577,33.30880638837107,7.276192338515655,90.57650181220893,35.58946152729553,10.535998744123008,80.18801129788864,35.58946152729553,10.535998744123008,80.18801129788864,29.905955514433376,8.32240897401802,85.71217010129122,29.905955514433376,8.32240897401802,85.71217010129122,9.92339060810258,6.982796668323739,141.35680559682197,9.67073934847199,9.832138103937924,148.232991474676,10.090990872121338,13.776613751287165,154.5360869068299,10.996263388287401,18.59622642348227,162.93771507331587
5.28333122,11.5327,0.983505,91.954,1.2563106387142788,0.3258038210889028,91.53587840941587,-0.7101979560308771,6.344416228957098,47.285078971658265,0.6075612326076061,1.241339196789422,7.5393006396829065,1.8471422181890358,2.0013148850529228,4.226391679715339,-8.533460176371825,11.492930651831195,2.5196740516691873,-10.601137124945986,13.46782289808604,2.0231632895325085,21.80908936128572,1.641206178911097,92.37212159058411,26.010169608856966,9.543685623703418,48.57570797453443,30.288845192490893,6.682532361465856,8.813772446318474,30.364861222566745,6.235018531823095,5.224421142942058,34.084063300028774,19.81159049206584,3.6104847391910786,35.070250422025936,23.347699598108616,2.869241884137278,11.440898733821566,-2.8162664995827167,100.18725039294851,11.407742567061321,-2.211926510915281,110.09275658330058,11.196676980612386,-0.10465938954927134,119.78812948163858,10.720422035652467,2.53064558818475,129.34395115965933,9.756328349570925,9.85724931743087,136.84304729886534,-10.327373230940083,4.244282732662088,140.13918530921148,-13.436764914274924,5.7325897630095835,110.65421715282667,-14.425422244087766,8.627348689971532,87.32066985116289,-15.956985459775979,10.211204090050046,76.41680920371985,-15.956985459775979,10.211204090050046,76.41680920371985,-10.691193388486772,8.859566401609692,82.59443497539779,-10.691193388486772,8.859566401609692,82.59443497539779,9.756328349570925,9.85724931743087,136.84304729886534,29.40606838472815,5.339025761871953,143.10390676803823,34.28375404978238,3.260284955451449,113.89545352496755,33.45884360612995,7.05037817140216,90.68411538141457,35.65446142343378,10.22031708589363,80.24959524344969,35.65446142343378,10.22031708589363,80.24959524344969,30.014645993004276,8.071177658898195,85.84354129143648,30.014645993004276,8.071177658898195,85.84354129143648,9.71994579179128,6.8871728985233975,141.36268771236496,9.461843162094503,9.756202364576898,148.23047953055226,9.895685985364771,13.712792490333625,154.52505548799064,10.811429277537709,18.541300399939587,162.9204391049621
5.29166455,11.5173,0.729196,91.9863,1.236375409482454,0.1725756404111891,91.53426222571245,-0.6773793406236865,6.246600969020176,47.28872164461137,0.6167472592027727,1.22844422252924,7.531356051538317,1.857893133235827,1.9934601487070396,4.220193507103954,-8.517481720776043,11.493016313860423,2.5259118587837732,-10.582706377988641,13.470350967836916,2.028915816219279,21.79822459051755,1.2858163595888108,92.43833777428755,26.05642841432138,9.066742330667994,48.625679860420604,30.301401290406318,6.6525585991554905,8.830495454744039,30.38315691233996,6.213130158942215,5.2402714355756,34.09259235657204,19.796586552189893,3.662183320857831,35.07671287549087,23.33379048607871,2.923421685467618,11.359214028875117,-3.0457015348081566,100.22998002665878,11.28772338794355,-2.412028472280234,110.13345045769888,11.0493362463748,-0.26901890730320455,119.82035195485223,10.545301304432432,2.4008864085689403,129.36513762148607,9.61656923591594,9.753732340781637,136.84298190898312,-10.55046489643832,4.386197126112343,140.03755368994896,-13.670356200177789,5.745037196552232,110.54744427075863,-14.747343359877272,8.398521689501816,87.18913480830997,-16.3060128413939,9.817266623867445,76.26639828812124,-16.3060128413939,9.817266623867445,76.26639828812124,-11.033103265817713,8.485605722270854,82.44229130894989,-11.033103265817713,8.485605722270854,82.44229130894989,9.61656923591594,9.753732340781637,136.84298190898312,29.18967189381062,5.020293617030184,143.1843696933728,34.206685609822955,2.942210660091429,113.99947863245868,33.61788451616918,6.820576636478025,90.7955330010511,35.72827578532279,9.900678029548798,80.31661679133038,35.72827578532279,9.900678029548798,80.31661679133038,30.13272807301657,7.8163511939013794,85.97912314410992,30.13272807301657,7.8163511939013794,85.97912314410992,9.522048932362827,6.794065989192673,141.36860541204746,9.258670796948023,9.682890683629136,148.22789366558365,9.70621518867666,13.651438419800877,154.5139770555538,10.632406060586051,18.488782495391856,162.9031255969456
5.29999788,11.5039,0.475538,92.0186,1.2195053129353912,0.018901289366512863,91.53457144177328,-0.6522651287948791,6.12309730109228,47.29138700943505,0.6000411976136799,1.213593095379455,7.5191193219002415,1.8427527204152334,1.9825313148419408,4.2094528841234515,-8.523937139960148,11.493610254852776,2.5266933244499516,-10.586257060139252,13.473957319804946,2.029629612167728,21.788294687064607,0.9321747106334872,92.50262855822673,26.089557548385052,8.564086311494682,48.66797143210715,30.287249236052354,6.570061020660382,8.844510666814514,30.37395541968543,6.147984723772123,5.25232143447654,34.089536627081245,19.737821749340615,3.7452225957354432,35.075725672916334,23.277242948281323,3.0199623927985964,11.281813666659877,-3.272316175034722,100.27313631027924,11.174366218524,-2.612385982804466,110.17456682448636,10.908652700649014,-0.4367240268679442,119.85347535904278,10.375633219986723,2.262699377147816,129.3883787439485,9.481458864688083,9.635721152214836,136.85055294941395,-10.76008016104118,4.508446613141813,139.96762569653626,-13.883370495301335,5.764853260560913,110.47333435966502,-15.026384384792795,8.231909904927257,87.0977348379005,-16.599216709057824,9.51345536957944,76.16007967179472,-16.599216709057824,9.51345536957944,76.16007967179472,-11.329003660611516,8.17712795213338,82.33726626531221,-11.329003660611516,8.17712795213338,82.33726626531221,9.481458864688083,9.635721152214836,136.85055294941395,28.98320963093067,4.722733515136245,143.27466832581166,34.195154946747536,2.6696877473037164,114.12218385638573,33.76796960662596,6.659139952230743,90.93353822905794,35.7668748979485,9.602713088013001,80.39369877764847,35.7668748979485,9.602713088013001,80.39369877764847,30.22977936865259,7.615976748798036,86.14800173905552,30.22977936865259,7.615976748798036,86.14800173905552,9.329571978073663,6.683751927431054,141.37964062372583,9.0590817658246,9.588118165659901,148.23208568383495,9.523954054494332,13.561852649981404,154.51363322451638,10.469508844223597,18.395587006404988,162.90270223111958
5.3083312099999995,11.4917,0.223095,92.0517,1.2049288754026382,-0.1337163385047067,91.535366475169,-0.6239057065346274,6.00100670528371,47.294608801978974,0.5884258494564771,1.2010791592744896,7.507729966847791,1.832824314872324,1.973994624925524,4.199624166570519,-8.52519417349796,11.496504504259601,2.5281518836521704,-10.584602412282127,13.479851700415646,2.0309779800451424,21.77847112459736,0.5799063385047067,92.568033524831,26.12152972787875,8.063631923606001,48.71195303893528,30.27838420181621,6.491550026712269,8.8653233309918,30.370484111791946,6.086910483760286,5.271262356208252,34.09265554880915,19.682714567455168,3.8359532914982024,35.08108299335042,23.224293897074546,3.124405219692518,11.205880575549978,-3.4970516365605695,100.31680249262489,11.062692099650098,-2.81041225696986,110.21596419769692,10.769994629837528,-0.6016868691419384,119.88660220109307,10.208248020449162,2.1277489133038188,129.41130692600424,9.348612199080234,9.52069747235016,136.85780809124378,-10.964249270777254,4.6339523548920845,139.89628960400287,-14.092560758363819,5.789528943119971,110.39840778809322,-15.305765097828123,8.073546105304843,87.00774933063312,-16.897046069077003,9.21874334271393,76.05764389786053,-16.897046069077003,9.21874334271393,76.05764389786053,-11.628655869187487,7.8774845676142125,82.23531662743193,-11.628655869187487,7.8774845676142125,82.23531662743193,9.348612199080234,9.52069747235016,136.85780809124378,28.776959623689756,4.4294863669449684,143.36502521293778,34.1854935618195,2.3986732103771837,114.24681303905578,33.922298070969255,6.497093626246588,91.07473543543162,35.807431405989625,9.305324349083593,80.47716149856413,35.807431405989625,9.305324349083593,80.47716149856413,30.330890606620795,7.415987350929907,86.3215141003516,30.330890606620795,7.415987350929907,86.3215141003516,9.139415216700458,6.5771279287161875,141.39007706564874,8.861862022521665,9.497215466760188,148.23555473320863,9.343947836796897,13.475926028127294,154.51265334953135,10.308438417834775,18.305808138031814,162.9017854387235
5.31666454,11.4838,-0.0308795,92.0842,1.195745056126757,-0.28807165178949207,91.5352441922129,-0.5891744758548756,5.877580100356868,47.29699261074095,0.5851096391089379,1.1881995260470068,7.49579229797866,1.8313090995565042,1.9651613649658306,4.189312742735035,-8.518109268884512,11.498954138380318,2.5289224908468144,-10.574610739923237,13.485278491178265,2.0316021212686315,21.771854943873244,0.22631265178949206,92.63315580778709,26.155481669678643,7.562794419629716,48.75623756768102,30.278026040534083,6.414479170831788,8.89158179731588,30.375968934236994,6.027369159097286,5.295744916701297,34.1051460916564,19.6287257828663,3.93306493899707,35.095976571852525,23.1724050117515,3.2354503592455317,11.134529753860765,-3.722675923100732,100.35957022857845,10.955809659805352,-3.0088979553991066,110.25623427163885,10.63645940718129,-0.7667262934482109,119.91832828354399,10.046232360598992,1.9931866218374554,129.43252250974737,9.22108403924048,9.405793834088868,136.8633654168904,-11.159901797420606,4.759739142575128,139.82217953225546,-14.294786105707272,5.816145130417263,110.32127736973662,-15.582223879096404,7.920653922870609,86.91775094823046,-17.196195669164513,8.930514574720377,75.95765344156686,-17.196195669164513,8.930514574720377,75.95765344156686,-11.92876671870436,7.584029512123377,82.1350089422501,-11.92876671870436,7.584029512123377,82.1350089422501,9.22108403924048,9.405793834088868,136.8633654168904,28.57402330588365,4.137734373520857,143.45398603270047,34.180657183889714,2.126370725018044,114.37191605012399,34.08369235701775,6.331633494367285,91.2176968859398,35.85286842430039,9.005814532441711,80.56559696857977,35.85286842430039,9.005814532441711,80.56559696857977,30.438936301622817,7.2136129297801705,86.49821048542219,30.438936301622817,7.2136129297801705,86.49821048542219,8.954648593620599,6.47131110149793,141.3985225627281,8.670070585510958,9.407280732219347,148.23691485823747,9.16923010117855,13.390745215938944,154.50966242109723,10.152197173544389,18.21652262172202,162.89901213671155
5.32499787,11.4799,-0.29452,92.1203,1.1916432093053047,-0.451882422649613,91.53842021287701,-0.5481665598891103,5.745116439468079,47.30275169391001,0.5897517718948977,1.167140304423807,7.487527770551814,1.8379036693878896,1.9481543254416036,4.182739761713992,-8.502566566804195,11.493531750936452,2.5331925210206956,-10.556078398528081,13.482899329710435,2.0356826433368984,21.768156790694697,-0.13715757735038706,92.70217978712299,26.191389890574193,7.052800558745939,48.80498610466404,30.28610877200405,6.329523048369146,8.927487103158875,30.39032580877892,5.960001989506027,5.3299764582958815,34.12746900663415,19.566323003889742,4.040654864486006,35.12101066539819,23.11199542916994,3.3571670119911423,11.067323845845559,-3.957302161343905,100.4056431256686,10.853333914248255,-3.2159565408198425,110.29958036119343,10.507778238356892,-0.939950764373326,119.9528579403808,9.889453445193544,1.8509228150876074,129.4562298763847,9.099056725699763,9.282956263662832,136.87143004840112,-11.347044423502302,4.878587946962139,139.74953295959824,-14.490067697390339,5.837715643713754,110.2461738220166,-15.855680855966543,7.766467166923533,86.83193626230009,-17.496545507021413,8.642256694926221,75.8643012970752,-17.496545507021413,8.642256694926221,75.8643012970752,-12.229267127185883,7.289947366405326,82.04051281410379,-12.229267127185883,7.289947366405326,82.04051281410379,9.099056725699763,9.282956263662832,136.87143004840112,28.374369696430243,3.8386643132100255,143.54578274200554,34.18048167069105,1.8437379986821516,114.50174627353323,34.25212622865463,6.153712667556455,91.36669737254803,35.903390688118876,8.695149390353851,80.6632920312657,35.903390688118876,8.695149390353851,80.6632920312657,30.553986858349933,6.99998545496626,86.68233254051455,30.553986858349933,6.99998545496626,86.68233254051455,8.775349437810124,6.358257190840257,141.4091801535962,8.483917658663053,9.310282284418964,148.2403679615462,9.000181405015102,13.298263990833815,154.50885941930565,10.00137102188921,18.11965866235753,162.89857414978763
5.3333312,11.4764,-0.545589,92.1594,1.1889645689155248,-0.6152269516031449,91.54670299742507,-0.5077205354300485,5.5885435434210775,47.31030855176801,0.5702880036366078,1.1541206790163772,7.477174465440527,1.8202088865443862,1.938603362467235,4.173876938810995,-8.514878786326678,11.49109509510216,2.531797314672719,-10.566614879145046,13.482351234289014,2.0345164297826175,21.763835431084473,-0.4759510483968551,92.77209700257494,26.20488788526326,6.592898491234398,48.85703669821822,30.248825551511505,6.135837043901441,8.970416853026265,30.334728580566136,5.805007277574857,5.368658646412232,34.20016815736808,19.387496361108294,4.213267728242872,35.225718704796286,22.930041625656585,3.5615831857714486,11.007181151567199,-4.186082620675596,100.45154946950402,10.764819004763428,-3.424581236044277,110.34330135030861,10.400472082614332,-1.1241654745118712,119.9900996629517,9.761287149637683,1.692594422771296,129.48444984308057,8.993490542267818,9.142640712811389,136.8839322838984,-11.502374018593091,4.934593476327523,139.70117618501288,-14.688529885103785,5.850731924753336,110.20107749403194,-16.10484243135497,7.700937892849058,86.78351359667158,-17.737486658104736,8.484282069865213,75.80766257909396,-17.737486658104736,8.484282069865213,75.80766257909396,-12.49075371840804,7.107183841666153,81.99587271475974,-12.49075371840804,7.107183841666153,81.99587271475974,8.993490542267818,9.142640712811389,136.8839322838984,28.20010449612529,3.572303354422938,143.65167274739355,34.1900184350812,1.6197251548204772,114.64210379130012,34.368668239687445,6.009974067012642,91.52273310401043,35.92725721807426,8.513786716131865,80.79658824924431,35.92725721807426,8.513786716131865,80.79658824924431,30.632662274728425,6.799759069346824,86.85859487788777,30.632662274728425,6.799759069346824,86.85859487788777,8.623092710215944,6.227924555609079,141.424533814638,8.321841918514764,9.190047434377941,148.2509228684551,8.852179345857502,13.175413299757423,154.51990305942138,9.871484611758802,17.98257787236776,162.91559993538982
5.34166453,11.4758,-0.790734,92.1969,1.1900389605438324,-0.7726468563340855,91.55318616261604,-0.46285629899075653,5.438452583200785,47.31616226562205,0.5574281857903218,1.1489283668052641,7.465644310932028,1.8092697670899633,1.936931527905561,4.16391241433213,-8.520264735423252,11.496666919562383,2.5290615945650714,-10.570180957665055,13.489842793798148,2.0319663310044627,21.76156103945617,-0.8088211436659146,92.84061383738396,26.21964971791534,6.140384824375227,48.90818749875868,30.2185997798005,5.9515142639589165,9.014860913928025,30.286940107178477,5.659825410029463,5.409346102455579,34.281161782572376,19.215796552610698,4.388365892403334,35.338885130541534,22.754616084645154,3.768647199404359,10.950079082974549,-4.408446616818844,100.49562736592857,10.679494304139206,-3.626522488469503,110.38505392035364,10.296600467172668,-1.301486567278742,120.02522919444414,9.636823425441664,1.5414365341398586,129.51036817787633,8.891824415253133,9.00941575040249,136.89408706785903,-11.651800089915863,4.998149175244698,139.64984857670586,-14.881559511786788,5.873645556662863,110.1532575566751,-16.350008592576668,7.647873113286893,86.73302536067749,-17.97744806790693,8.338734077250718,75.75019272453704,-17.97744806790693,8.338734077250718,75.75019272453704,-12.750902770980119,6.937302378673556,81.95001241604092,-12.750902770980119,6.937302378673556,81.95001241604092,8.891824415253133,9.00941575040249,136.89408706785903,28.0283955116584,3.313715151980773,143.7552553506929,34.202221722724595,1.4017400417652255,114.78156137264673,34.48761370512651,5.870558907638078,91.67832108907614,35.95455322018353,8.333716730870027,80.92986060266789,35.95455322018353,8.333716730870027,80.92986060266789,30.714750271886544,6.602645517872636,87.03448248058251,30.714750271886544,6.602645517872636,87.03448248058251,8.474782592501525,6.105143608740701,141.43733552433193,8.16375448420431,9.077548582829165,148.25881495978896,8.70798961688928,13.06011324482973,154.52838419027327,9.744892385733491,17.85273055202736,162.9302406804255
5.34999786,11.4797,-1.0427,92.2365,1.1964668748755543,-0.9369518309750212,91.561586206178,-0.4120482229535989,5.2818590948613755,47.324009734373476,0.5527114085956872,1.1384249808282147,7.456655015430826,1.8066048430789983,1.9299984441543205,4.156556145591081,-8.517268780345116,11.497043207038873,2.528720492789752,-10.565334498614689,13.492157031945471,2.031771879535313,21.762933125124444,-1.1484481690249788,92.911413793822,26.237226934424594,5.68245631908121,48.96208454942478,30.19700447468047,5.763522236229092,9.064486002159285,30.248543072355666,5.511394325279472,5.455709875399708,34.37197102724589,19.038131688945803,4.569550073093778,35.46201766788309,22.57261735562365,3.9819421996914417,10.89765326552839,-4.637113677403538,100.54158969663094,10.59900467191792,-3.83446724074904,110.42854811444884,10.19780951881423,-1.4845694102356064,120.06194843186918,9.517708142135902,1.3848263293053042,129.53767580488625,8.79567042494452,8.870683056899194,136.90555557690277,-11.793673695858244,5.0564920893511065,139.5992231098844,-15.067408656570429,5.893570091956427,110.10636496652087,-16.58934989389334,7.59432182436332,86.68409691547913,-18.214596123649166,8.192696831954411,75.69551270850239,-18.214596123649166,8.192696831954411,75.69551270850239,-13.007858577657352,6.767442551436294,81.90655812105476,-13.007858577657352,6.767442551436294,81.90655812105476,8.79567042494452,8.870683056899194,136.90555557690277,27.86092113933458,3.050514217677117,143.86018272150207,34.21872957845763,1.1773622515145334,114.9237645740693,34.61048878138201,5.722952628067739,91.83706634553279,35.98680817815961,8.142408197472376,81.06671628174217,35.98680817815961,8.142408197472376,81.06671628174217,30.801777957047598,6.3960838361069,87.21361497822485,30.801777957047598,6.3960838361069,87.21361497822485,8.332055781746867,5.977331864693272,141.45125766053883,8.01128295734713,8.960227195117636,148.2677048102906,8.569216047608483,12.93983681893536,154.537946385486,9.623168655126372,17.71764289020651,162.94611464812388
5.35833119,11.4989,-1.29653,92.2843,1.219049156810227,-1.1032095022802968,91.57799366636571,-0.3444525945601533,5.123823174519935,47.339959933326405,0.5670473314105545,1.1277743532001003,7.4563098823019445,1.823133958621875,1.922974600794649,4.157917426155093,-8.494978875738775,11.49738283259786,2.5368635873881713,-10.5411641802539,13.494450932993393,2.0400185543356786,21.778750843189776,-1.4898504977197031,92.99060633363429,26.268469120745678,5.2242505766029215,49.02485399386464,30.19497049843464,5.577027754946437,9.125444037281987,30.230481455020755,5.364876449037729,5.513904111022889,34.483405785874396,18.859665893081456,4.763002321865876,35.605894080572334,22.389210822418896,4.207658968926011,10.860705411989123,-4.867156111852237,100.59552372407894,10.534143497244798,-4.043521116617211,110.47987305779145,10.11488118634006,-1.668555182308455,120.10635398105347,9.414712314627293,1.2275849650424302,129.57247857554233,8.715778937445577,8.73123639408375,136.92446804178257,-11.917232899744302,5.114356370930006,139.555435594698,-15.235290471305317,5.915335433053076,110.06652838988882,-16.812039124997842,7.545223869801479,86.64284743221624,-18.43811430088268,8.051246241835734,75.64974588114177,-18.43811430088268,8.051246241835734,75.64974588114177,-13.250782009052408,6.602633810911919,81.8716150916662,-13.250782009052408,6.602633810911919,81.8716150916662,8.715778937445577,8.73123639408375,136.92446804178257,27.708409041315825,2.7874595895409193,143.972624387618,34.250360436249984,0.9513616942510998,115.07490236484895,34.748227732941565,5.5719623051105325,92.00514553063394,36.03507102244644,7.944680176349241,81.21335675014788,36.03507102244644,7.944680176349241,81.21335675014788,30.904721833131006,6.184937662028464,87.40216715544763,30.904721833131006,6.184937662028464,87.40216715544763,8.205668683151336,5.849265929352655,141.4724193235007,7.8751755754895525,8.842837644814336,148.28371980084538,8.446591319201337,12.819322573231664,154.55472954126265,9.517023098761346,17.58203468455292,162.96937686817907
5.36666452,11.519,-1.54724,92.3313,1.2436518893570536,-1.2772668827930225,91.58570592069681,-0.30209525323881015,4.965447281540421,47.34925841545983,0.5438214193860453,1.1164466460770135,7.44970454851569,1.8015979669485809,1.9128622310104344,4.152249436451718,-8.508869494791128,11.495976172670275,2.5339945425701886,-10.552940829815515,13.495095380081995,2.0366967879109157,21.794348110642947,-1.8172131172069774,93.07689407930319,26.28357680677002,4.8569025043385405,49.105004096791504,30.142729267251646,5.249281540743002,9.199393455322188,30.148184319788616,5.07399207671813,5.585706461433025,34.701422189603704,18.476038660306553,4.94248544793323,35.90008778906126,21.985502104732507,4.420048147853123,10.82236874006879,-5.1006069914864565,100.64522752349941,10.471571002565742,-4.258285488132914,110.52717138453966,10.039653630350742,-1.8623741803653084,120.14790084904962,9.326260683179651,1.0553156202015468,129.60641742254012,8.645348443679982,8.572734127541105,136.94602362816235,-12.020255796992462,5.101532521232732,139.51673357217842,-15.411801079232564,5.931355008812048,110.03698566149197,-17.020388167186265,7.584840895924911,86.61712370114756,-18.62851603719192,8.058075840644852,75.61992249940214,-18.62851603719192,8.058075840644852,75.61992249940214,-13.470775939426815,6.558929837447918,81.85440957523835,-13.470775939426815,6.558929837447918,81.85440957523835,8.645348443679982,8.572734127541105,136.94602362816235,27.577668202901503,2.5441524267987763,144.0838426264324,34.26936512589293,0.7425478367330716,115.2182552457488,34.820939014573675,5.432244150727314,92.16366748175192,36.06772437029276,7.852952362120456,81.377836087607,36.06772437029276,7.852952362120456,81.377836087607,30.967346214643772,5.994978308832627,87.56270680900867,30.967346214643772,5.994978308832627,87.56270680900867,8.09843772942177,5.699933908991422,141.49549993504982,7.758350467691635,8.699381348067192,148.30374252893046,8.339609147768229,12.669222693731202,154.57805600050582,9.422557311088534,17.412907990349677,163.001844552494
5.37499785,11.5468,-1.79868,92.3811,1.276684678607106,-1.4521149711920476,91.59611670329984,-0.2507937097564701,4.80715646035668,47.36137432618997,0.5313119717803729,1.1066832566796538,7.446469986309907,1.7908683362573412,1.904393532974287,4.150007348360024,-8.511859404422593,11.496298968565895,2.5345469755584276,-10.553791546563524,13.49749122051122,2.0367990649191667,21.81691532139289,-2.1452450288079525,93.16608329670017,26.306135170019388,4.491542877195886,49.188542964259796,30.100154822969557,4.9267033770331174,9.277130687789189,30.076812053607025,4.789342344034156,5.661874555046732,34.92916830303111,18.09073840652599,5.125159903297998,36.20391530141416,21.57803219960908,4.635388823672471,10.79183684316447,-5.334346791384506,100.69748105948867,10.41696043169219,-4.473235091205799,110.57692099079738,9.972595619533031,-2.056361286075874,120.19183856528502,9.246192706912495,0.8829318483004513,129.64267311674897,8.583455028576157,8.414007024479439,136.96993230463457,-12.113561312994303,5.088668060164583,139.48003671863307,-15.577744850016035,5.9501276136959635,110.00964409316137,-17.217275047316257,7.628856000059069,86.59372399642037,-18.808721443767684,8.068912521683394,75.5927190670577,-18.808721443767684,8.068912521683394,75.5927190670577,-13.680977271628379,6.519856708338008,81.83973567868891,-13.680977271628379,6.519856708338008,81.83973567868891,8.583455028576157,8.414007024479439,136.96993230463457,27.45466616551811,2.3010795512715188,144.19727599178947,34.2956219679583,0.5331389886175089,115.36461341068221,34.899489255007246,5.290305223548977,92.32516428634635,36.105336293730524,7.756320933472338,81.54494349693404,36.105336293730524,7.756320933472338,81.54494349693404,31.036589519228663,5.801636962092674,87.72600873374981,31.036589519228663,5.801636962092674,87.72600873374981,7.99979255930998,5.550626296426421,141.52078013994884,7.650120640911862,8.556033327659652,148.3259083260007,8.241033495592912,12.519067981252189,154.6036220686858,9.336014103382444,17.243448842496765,163.03669881640195
5.38333118,11.5841,-2.04954,92.4313,1.3199445940065573,-1.6265223500068553,91.60683370025824,-0.18880495881025428,4.6501522403449265,47.373914588767214,0.5313182351016708,1.0995273992860297,7.444235582874299,1.7927500400651215,1.8985969117814694,4.148819439315652,-8.502195001227571,11.499307976765138,2.5360532927639676,-10.541972848329085,13.50257988384669,2.0378381929609275,21.84825540599344,-2.4725576499931448,93.25576629974175,26.33793443447066,4.129565466407622,49.273055437095515,30.069076992968633,4.610657248648287,9.356243119536572,30.018226129552456,4.51224949605556,5.739999219089662,35.16817299990355,17.705144359994744,5.308567484503297,36.518815442047696,21.168186460944543,4.851207647910626,10.770942935523335,-5.567069610290126,100.7498854556964,10.372147037518447,-4.687030747306574,110.62672060020363,9.915532915277048,-2.2491425922449477,120.23575717663417,9.176321461412503,0.7118379811231188,129.6788255080089,8.53186435033472,8.256482696499369,136.99374539114683,-12.195352330550518,5.0770519315425,139.442969250756,-15.731306834761225,5.972745511264972,109.98212268458624,-17.400882748203117,7.6782132804479115,86.57025820954854,-18.976937086341916,8.084670993751605,75.56574524070736,-18.976937086341916,8.084670993751605,75.56574524070736,-13.87955786883272,6.486403075720354,81.8252033265852,-13.87955786883272,6.486403075720354,81.8252033265852,8.53186435033472,8.256482696499369,136.99374539114683,27.34122015275409,2.0597948382926914,144.31045112022647,34.330912001521945,0.32456111514713815,115.51149465605357,34.98561223464926,5.14743569663828,92.48709997093862,36.149667572108314,7.656008628798088,81.71210587134709,36.149667572108314,7.656008628798088,81.71210587134709,31.114203482869843,5.606181224592907,87.88955354597155,31.114203482869843,5.606181224592907,87.88955354597155,7.9115264543606525,5.402783906523329,141.545823070944,7.55226846685844,8.414261270377127,148.34776759349873,8.152624743326802,12.370361056984626,154.62895842981385,9.259127770328623,17.07521381890274,163.0714433736149
5.39166451,11.6242,-2.30016,92.4853,1.3667328617748975,-1.8007651498752992,91.62127019617317,-0.12281394550183045,4.494092357590562,47.39028420761949,0.5370787605313592,1.0946867662286857,7.446406542426018,1.8004750521451962,1.895180595248755,4.152088815849362,-8.486588790444333,11.504781311500512,2.541979324944856,-10.524185938190616,13.510153948424849,2.043292313412226,21.881667138225104,-2.799554850124701,93.34932980382682,26.37233318270953,3.770453752870691,49.36191106069662,30.042881933498826,4.300493480497105,9.44010111368624,29.96583964860037,4.242017409076057,5.8234542026637115,35.41167807835631,17.31856854452834,5.496016882104511,36.837981732806306,20.75526992594043,5.070793270456688,10.7529759214127,-5.799098289087844,100.80584700176284,10.330432617875786,-4.900012853992109,110.67997894221385,9.86178962684495,-2.4410772023847116,120.28307158201545,9.109995561643553,0.5416600327725827,129.71829618506197,8.483981148107826,8.099776672105033,137.02089986911133,-12.272244256146298,5.066431045273022,139.40897652532968,-15.879116105407942,5.999028220798499,109.95787366633294,-17.577855928114303,7.732771231343349,86.55018432227041,-19.13984605972407,8.10528617068549,75.54246519978255,-19.13984605972407,8.10528617068549,75.54246519978255,-14.07318620358183,6.458425227843338,81.8142558285314,-14.07318620358183,6.458425227843338,81.8142558285314,8.483981148107826,8.099776672105033,137.02089986911133,27.230717971269456,1.8198495458438693,144.42680039585116,34.36857273651491,0.116405645035766,115.66230787699969,35.07265070878688,5.003275575732713,92.6528689718588,36.194107723882645,7.551663813584328,81.88270126734574,36.194107723882645,7.551663813584328,81.88270126734574,31.193549744302324,5.4083123880344575,88.05676114016953,31.193549744302324,5.4083123880344575,88.05676114016953,7.827028846987612,5.256016944056757,141.5740604609622,7.458205208759751,8.273662612411561,148.3727585162257,8.067817058276578,12.222683383009423,154.65751148263698,9.185358636098371,16.9077625127956,163.10953342155085
5.39999784,11.6678,-2.54024,92.5325,1.4160388583333745,-1.976936881150217,91.64050341900415,-0.06387061519521264,4.319142472091395,47.40936783582196,0.5305555231033209,1.0854904704582427,7.450702542941599,1.794945317365526,1.887066378109842,4.1570291596143925,-8.485977824676404,11.503880669522257,2.550771636079437,-10.52164045391912,13.511065142487073,2.0514736926693127,21.919561141666627,-3.1035431188497826,93.42449658099585,26.417023279309262,3.487231863858386,49.44087892967277,29.996468738128968,3.810130263767841,9.508585149817463,29.909058319282128,3.7508434693017896,5.892187171403173,35.64604784078237,16.701686092121264,5.541206275685469,37.14848871512233,20.105983237525876,5.11752480983808,10.752214250279234,-6.0272788158136485,100.85327916942983,10.308078517742842,-5.116638265380246,110.72540438537956,9.828293812376007,-2.6448993685129008,120.32465917429985,9.067425892230967,0.3505822566297563,129.755117746497,8.458240391433689,7.916383036472144,137.05118472339316,-12.319163034814418,4.990621476776084,139.38879354411964,-16.008928659262427,6.005409638333747,109.95067953754977,-17.71080401150091,7.835144657840674,86.55052585677595,-19.273021205138186,8.265472874880174,75.54494745778265,-19.273021205138186,8.265472874880174,75.54494745778265,-14.222336802827561,6.539631892936627,81.80838187725767,-14.222336802827561,6.539631892936627,81.80838187725767,8.458240391433689,7.916383036472144,137.05118472339316,27.149741879501136,1.5614161975325604,144.53230478910194,34.398802266778475,-0.10645007759560743,115.79354929708565,35.12865609014255,4.872304444420179,92.80462111315266,36.27339866980704,7.515587012331157,82.05980457105456,36.27339866980704,7.515587012331157,82.05980457105456,31.26308455083006,5.295580828794478,88.19876830510633,31.26308455083006,5.295580828794478,88.19876830510633,7.771176354187129,5.078957254938953,141.60385262639392,7.3938884879572155,8.100527862902828,148.4003426344484,8.01099641730519,12.041331255859827,154.68952047611376,9.13794612078499,16.705769588616718,163.15170340323928
5.40833117,11.7107,-2.78062,92.576,1.4651322908775093,-2.153310213347595,91.65600023948011,-0.004909866490262038,4.1445895531357895,47.424794775047076,0.5254638880912504,1.0776403954033893,7.452087758454674,1.7909252636006396,1.8803132704385925,4.159093132528812,-8.483643189072724,11.504546292935306,2.556612917358237,-10.517322085393237,13.513585553686127,2.0566912431707958,21.95626770912249,-3.4079297866524048,93.49599976051988,26.46194150827035,3.2057027908862272,49.516653812734425,29.94485883261947,3.3251102921997697,9.574698321667398,29.847123027193096,3.265387626013653,5.958571836174768,35.8724189766894,16.083970872086613,5.584014384665725,37.4503179433551,19.454148901197016,5.161866871707476,10.750771132468117,-6.255471927569506,100.89687997781758,10.285142083607253,-5.333138195022789,110.76692907167032,9.794360266914982,-2.848522896351764,120.3623029083905,9.024563833371475,0.15977748891353416,129.78795520854015,8.432380050106602,7.733215241533587,137.07749570983566,-12.365568975486795,4.91547315698644,139.36455380131272,-16.136829193498983,6.014549325769403,109.93979637523948,-17.839918441992168,7.940678316425686,86.54746822340687,-19.401281838547824,8.42895124303555,75.54418713439074,-19.401281838547824,8.42895124303555,75.54418713439074,-14.36773479980544,6.624164825169937,81.7991612309334,-14.36773479980544,6.624164825169937,81.7991612309334,8.432380050106602,7.733215241533587,137.07749570983566,27.06796785760454,1.3033091066966298,144.63369601198625,34.42804411496596,-0.3298432031910159,115.92117587427396,35.18314435094425,4.739749517220021,92.95292484110252,36.35033268457026,7.477388384420761,82.23418118069608,36.35033268457026,7.477388384420761,82.23418118069608,31.330931519853088,5.181195870757306,88.33759519594982,31.330931519853088,5.181195870757306,88.33759519594982,7.715199737145236,4.902319383147294,141.62958403605165,7.329505161087471,7.92791554147013,148.42381092976382,7.954012002740764,11.860416195467714,154.71745385842897,9.09005411357913,16.504052153499355,163.18985575506238
5.4166644999999995,11.7526,-3.02082,92.6128,1.5136964681354996,-2.3296786623986483,91.66477419516595,0.05354130771640331,3.9705066469008097,47.43356672548466,0.5213259699629176,1.0712713998018315,7.447564272354313,1.7879183450429645,1.8751062163257879,4.155287979766921,-8.480342875902835,11.506689550599685,2.556546295391987,-10.512043146382517,13.517573296909392,2.0559957438387784,21.9915035318645,-3.711961337601352,93.56082580483404,26.506624079417122,2.9266136056453496,49.58620685919716,29.887616526849953,2.846293555070473,9.635396874293498,29.77960341440074,2.786494125456441,6.019564046388304,36.08984475443577,15.466511757364628,5.6213579627953765,37.74238549725785,18.8009159434065,5.200725775463628,10.74845092818678,-6.483204945408785,100.93365801380381,10.261414498505768,-5.549031430726453,110.80156024280008,9.759725356467344,-3.051461338001761,120.39300594598205,8.9810770530543,-0.030271803574486,129.81380737988667,8.405871856597418,7.550751361931006,137.0968197025481,-12.411907539515198,4.84086693428855,139.33324011106026,-16.263309943075743,6.026264002047644,109.92221743320025,-17.965776246805063,8.0491515135409,86.5380125752088,-19.525239875783907,8.595461662312786,75.53719082217121,-19.525239875783907,8.595461662312786,75.53719082217121,-14.509936998958779,6.711887189823534,81.78358458289911,-14.509936998958779,6.711887189823534,81.78358458289911,8.405871856597418,7.550751361931006,137.0968197025481,26.985045820374562,1.046518854703102,144.72795612877096,34.45594895657254,-0.552676250052311,116.04215993995177,35.23559138388762,4.606649791764461,93.09471967486422,36.424288865242296,7.438095447570907,82.40274255990089,36.424288865242296,7.438095447570907,82.40274255990089,31.396545768034628,5.066063420559349,88.4701814071474,31.396545768034628,5.066063420559349,88.4701814071474,7.658650854273171,4.726570114845677,141.64824674791498,7.264531709513604,7.756295956740407,148.44014949495056,7.896240010829059,11.680441165458326,154.7382873550998,9.040936696472103,16.303167163138617,163.22095287571585
5.42499783,11.7958,-3.25834,92.6447,1.5640370877046479,-2.503453988627818,91.66861105609584,0.11391413324456678,3.7995927148130324,47.43748120481133,0.5205980234094244,1.069080079437375,7.43893512309063,1.7883900864986693,1.8741256992208348,4.147416525477155,-8.473493062997223,11.513117375411863,2.5523758700666286,-10.503195067472262,13.525860374854624,2.0511915964464653,22.027562912295352,-4.013226011372182,93.62078894390416,26.553545439634743,2.6524052184839206,49.65137975160564,29.82737658948045,2.376303645038034,9.692518691592419,29.70914674475843,2.316791859071178,6.077000762616261,36.300962042409076,14.851964115303321,5.6551138248629265,38.02732483165355,18.148944434852787,5.235988650224704,10.747511523856422,-6.707989405282066,100.96540388884989,10.239147891241307,-5.761848624161981,110.83109003223271,9.726648732350032,-3.2512636273237945,120.41856554073789,8.939235886522994,-0.21712822446606195,129.83447667072164,8.381044247967607,7.371419934631964,137.11097312696327,-12.45588018323715,4.7694111748704815,139.29663538412623,-16.385978095233835,6.043128351312934,109.89971893704706,-18.085927718799024,8.163090441851805,86.52393158662785,-19.642419412313988,8.767511479654406,75.52572856759132,-19.642419412313988,8.767511479654406,75.52572856759132,-14.64649068228868,6.805294742394775,81.76343266078857,-14.64649068228868,6.805294742394775,81.76343266078857,8.381044247967607,7.371419934631964,137.11097312696327,26.903219855673996,0.7933128301886914,144.81697770260163,34.48495523677246,-0.7726185304182918,116.15843850003816,35.28863571505512,4.475419062658092,93.23195378583733,36.49799782449468,7.400147742627388,82.56743943835386,36.49799782449468,7.400147742627388,82.56743943835386,31.46260055195065,4.952640027318159,88.59844524542467,31.46260055195065,4.952640027318159,88.59844524542467,7.603827336465145,4.554134854626181,141.661650630638,7.2012841951046935,7.58808109869801,148.4511749666962,7.840020574408937,11.503797993393324,154.75384809330293,8.992961493016438,16.10547727748255,163.2468343461462
5.43333116,11.8377,-3.49578,92.672,1.6100853853301604,-2.694919213768969,91.68909812042641,0.16347446587524894,3.594215766167714,47.45587304806874,0.5106229322269142,1.0472266239986059,7.444660695254655,1.7798269390957782,1.8539027137754656,4.154085560307826,-8.476093021775636,11.49988808835172,2.562974970292074,-10.504013883079654,13.514363940837885,2.061542716704311,22.065314614669838,-4.2966407862310305,93.65490187957359,26.617691583337386,2.3990938723619752,49.692792017024196,29.784719817599814,1.6848876356480214,9.730752262967307,29.673614276826335,1.5957012460778408,6.115618629154462,36.38760553078658,14.062408421346769,5.601717230203649,38.146834902598904,17.338931153084086,5.159467950541774,10.768449640507,-6.938770137586657,100.99279476586852,10.246225873473188,-5.989508554143778,110.8574571434537,9.725679067116111,-3.4745009929646558,120.44333983781227,8.929910781646045,-0.43695902678690235,129.85745002836927,8.385450987479427,7.152482515594029,137.13405516767142,-12.465518991171518,4.628709499168737,139.2770926267375,-16.468492772227417,6.044988557575843,109.89653653640973,-18.157666379628402,8.31756724041112,86.53431102396372,-19.725422791802266,9.042502076370145,75.54499484202752,-19.725422791802266,9.042502076370145,75.54499484202752,-14.731754111145452,6.9902873012263615,81.75548905571719,-14.731754111145452,6.9902873012263615,81.75548905571719,8.385450987479427,7.152482515594029,137.13405516767142,26.85912374926195,0.499693599603912,144.8921994799315,34.500006418303364,-1.017142507639221,116.24673139330903,35.32987597080099,4.362929066212138,93.35180512948207,36.56564695821428,7.381790784434349,82.71658981319514,36.56564695821428,7.381790784434349,82.71658981319514,31.512260103813972,4.898102194391432,88.71768330032137,31.512260103813972,4.898102194391432,88.71768330032137,7.5838345786551535,4.337696162033776,141.68204549405897,7.175809721942184,7.3728701883496495,148.4706938019905,7.819173927327316,11.27991798750827,154.77827428081272,8.976071088071679,15.861476675547316,163.28159418740896
5.44166449,11.8866,-3.71973,92.6951,1.6633441516789222,-2.8729339971069,91.70537721090543,0.22014601859725835,3.402403363768215,47.47008109563256,0.5087327693701331,1.039375489068421,7.447117729076723,1.7793876831468585,1.8476905343145829,4.157504876274169,-8.47052426154501,11.500695750895662,2.570256812888548,-10.496651473785633,13.516910918072842,2.0685644725416545,22.109855848321075,-4.5665260028931005,93.68482278909457,26.68935733283283,2.159497060677479,49.73015429811774,29.740451919088592,1.009448813031843,9.769261033029089,29.635807603245965,0.8904366930412475,6.154793502941542,36.470692886112076,13.287113449866826,5.5487328155176145,38.26239216377639,16.542770118840927,5.083343761304212,10.796424091573236,-7.1559665204632275,101.01597122954205,10.260348708949326,-6.203466038549948,110.87957833123156,9.73177366817304,-3.6839378739314608,120.46383444708961,8.927653748559932,-0.6428785624277897,129.87609923614002,8.396896188260364,6.947464014462621,137.1527768931226,-12.467731611059683,4.5019498515085825,139.25319497403703,-16.54232908631339,6.061537110904384,109.88974720925664,-18.219272255095323,8.486612255238704,86.54197698610669,-19.797117160509355,9.33209806188678,75.56272291144025,-19.797117160509355,9.33209806188678,75.56272291144025,-14.806512758977528,7.190149460122547,81.74531740312216,-14.806512758977528,7.190149460122547,81.74531740312216,8.396896188260364,6.947464014462621,137.1527768931226,26.821613026121643,0.22028501574423398,144.96301767070642,34.522307603591535,-1.2478638921544971,116.33103269849813,35.379533443762924,4.264002427780914,93.46848700100189,36.64248562664574,7.376607797828886,82.86353059255947,36.64248562664574,7.376607797828886,82.86353059255947,31.570772800474888,4.857014036870133,88.8341190930639,31.570772800474888,4.857014036870133,88.8341190930639,7.570899801687791,4.135324152903184,141.6980410725073,7.1573868197880035,7.171816131100366,148.48576786302004,7.805266384889963,11.070203556653986,154.79824273836874,8.965850641208597,15.631648716807524,163.31186727327145
5.44999782,11.9271,-3.94125,92.7101,1.7084144115273698,-3.0485414983526278,91.71355035997783,0.2685338369509369,3.213123097094723,47.476208637457034,0.4994834564410129,1.0345558845519909,7.442406833685119,1.771634806469802,1.8445184320035224,4.153777718393194,-8.472202309862455,11.504591702761594,2.570317413352628,-10.496518480541685,13.522557166582502,2.0683515650594853,22.145785588472627,-4.8339585016473725,93.70664964002216,26.7531490703159,1.922529257756115,49.75956581011136,29.679240889034965,0.3391452973310374,9.804144881377631,29.580393802305448,0.19017709937296579,6.1906247730840285,36.53490435957704,12.515259662991092,5.492281226687032,38.3586808679747,15.74964414228602,5.003742684591395,10.816030804125415,-7.370638335617667,101.03103287077886,10.266116501218988,-6.4147817482803715,110.89355341495532,9.72953869396207,-3.890635866675159,120.47614966365195,8.91707624711303,-0.8459471194037111,129.88652448323796,8.400001453915188,6.745308000513429,137.163235354818,-12.477903777433582,4.378099683361687,139.2209979198452,-16.622742756368254,6.081631458702475,109.87538477291795,-18.285897398331446,8.658988758622893,86.54294709003828,-19.87260591070356,9.625009333269077,75.57491986646748,-19.87260591070356,9.625009333269077,75.57491986646748,-14.88590303108268,7.393599470996713,81.72895554809125,-14.88590303108268,7.393599470996713,81.72895554809125,8.400001453915188,6.745308000513429,137.163235354818,26.775311296756243,-0.05596085872623657,145.02553266056302,34.53641323764935,-1.4758869727351467,116.4074295065484,35.42208150564102,4.167515614612519,93.57808213970083,36.712947753322844,7.373455097178439,83.00433742954327,36.712947753322844,7.373455097178439,83.00433742954327,31.622593969579373,4.818253041334949,88.94384848382255,31.622593969579373,4.818253041334949,88.94384848382255,7.549639061621915,3.9359652737999844,141.7057351443211,7.130634696792099,6.973868622899731,148.4924935816225,7.782918769540416,10.863607329464472,154.80984823254965,8.946920362770811,15.404948258141907,163.33374777130985
5.45833115,11.9743,-4.16275,92.721,1.7604111060031258,-3.223992155650987,91.7176146399511,0.32386442859595177,3.024138808809914,47.47825099913258,0.49812662391405127,1.030379007131676,7.434533211812997,1.7718281710613248,1.8419723775090613,4.1469063452793105,-8.465723094799648,11.509313742885086,2.5671544647113307,-10.488180869630888,13.52907014052487,2.0649006164256005,22.188188893996873,-5.101507844349013,93.72438536004891,26.824275100141936,1.685539128405665,49.78503169697356,29.61633745809763,-0.3285468150483508,9.839410844473747,29.522621065776107,-0.5075860186384219,6.22711904493871,36.595633419745454,11.744261692113222,5.436369455532051,38.45113302090937,14.9569488467983,4.924670231571266,10.842314015347304,-7.585176267212976,101.04198005829485,10.27858329533577,-6.625835306952877,110.90338217146733,9.734063068677948,-4.096964003546473,120.4842843572726,8.913313752846282,-1.0485221340262787,129.8927248108822,8.410022110986969,6.543662795983709,137.16943198224507,-12.480816368061262,4.2551354161344115,139.18449994983274,-16.694479737094525,6.103399836102049,109.85745302576709,-18.342245794615113,8.832919961349326,86.54123358209326,-19.93657338247218,9.919498364014084,75.58559906152237,-19.93657338247218,9.919498364014084,75.58559906152237,-14.95463285188528,7.59884025561601,81.71041458914326,-14.95463285188528,7.59884025561601,81.71041458914326,8.410022110986969,6.543662795983709,137.16943198224507,26.735365758906216,-0.33168563972907616,145.0837451497415,34.55744729051126,-1.7039726227197127,116.47992389122365,35.472741138573205,4.070696622188102,93.68459685861419,36.7923014285994,7.369535361658443,83.14301801847739,36.7923014285994,7.369535361658443,83.14301801847739,31.682954578987385,4.779104746964398,89.05087674686449,31.682954578987385,4.779104746964398,89.05087674686449,7.5352636535051545,3.737280071439342,141.70912808842257,7.110814097909841,6.776692602796079,148.49487237637555,7.767456003838668,10.657780798688371,154.8170940844133,8.934680684986477,15.179008267787847,163.35123898608796
5.46666448,12.0233,-4.38822,92.7291,1.8111709857074736,-3.424301597604053,91.73167475519858,0.36345750547226907,2.828675553868484,47.49335986106741,0.48925231641342704,1.010228509508751,7.441116407018555,1.765171151056731,1.8243028982617886,4.154963053844233,-8.466197865327972,11.498816506219114,2.579071084192855,-10.487573460391221,13.520039676695825,2.078363700873247,22.235429014292528,-5.352138402395946,93.72652524480142,26.899351445426248,1.4592495102945175,49.79388448068137,29.533916369955858,-1.16043873687742,9.87269861607976,29.445282290896532,-1.3664544182333407,6.261716563692243,36.567824792878234,10.851147101866351,5.389843635151677,38.437818472972864,14.054530034647081,4.872605738265479,10.887658715230385,-7.809412624949603,101.05008929513897,10.31915788556493,-6.852242097181692,110.91142847538433,9.7716135458313,-4.3255915720087055,120.49274421801951,8.945855806809675,-1.2831882872463223,129.90270093682076,8.452323413619855,6.303020902680906,137.18630565217538,-12.447130457633868,4.059620015493351,139.16240513922142,-16.715863023838217,6.113769057006201,109.8570282326966,-18.346205435859837,9.045118605915299,86.56409635022045,-19.95178893850391,10.281729546499866,75.62602724143677,-19.95178893850391,10.281729546499866,75.62602724143677,-14.963172313047675,7.87833360313077,81.71338650941026,-14.963172313047675,7.87833360313077,81.71338650941026,8.452323413619855,6.303020902680906,137.18630565217538,26.740515671636814,-0.636938738454937,145.13010656566848,34.57706647257709,-1.9466144796912395,116.52731050239699,35.49565897205442,3.97802073810372,93.77063263422019,36.844365289774885,7.365977701899022,83.26105606278422,36.844365289774885,7.365977701899022,83.26105606278422,31.712616235399143,4.762324105220516,89.14363120851596,31.712616235399143,4.762324105220516,89.14363120851596,7.561352433088979,3.4946062569918674,141.72159009548554,7.133262862547554,6.531485883320182,148.50823970757585,7.7907551022910395,10.402553441113815,154.83651367605847,8.957195996478578,14.904799558905763,163.3807945715812
5.47499781,12.0695,-4.61274,92.728,1.8592165114871246,-3.62345246008342,91.73653842355485,0.4004764850844442,2.634405977712785,47.49927599064797,0.4780319412049569,0.9912933905518047,7.439334080216568,1.7561935044249941,1.8078162978972685,4.154660092788437,-8.468780720811807,11.489712546879476,2.5826078935318884,-10.489030065791148,13.51244260900939,2.0834426255429612,22.279783488512876,-5.6020275399165795,93.71946157644514,26.971967341448682,1.2332129795805873,49.79353529160884,29.438596181362662,-1.9895973756611838,9.905767551733362,29.35444864963944,-2.2226454520895023,6.296321939097268,36.525887527485196,9.960183244698971,5.342534559211336,38.410093861911186,13.154291617075916,4.819550989277753,10.930134930686265,-8.03266167444886,101.04900270003336,10.356874315381178,-7.077599224443117,110.91027072315944,9.806349337992854,-4.553109192265417,120.49198515050004,8.97561422437143,-1.5166660965550571,129.90342879841663,8.491960833253097,6.063583117665168,137.19389812443217,-12.415987794955731,3.865785283104907,139.13099845187594,-16.73878781717939,6.125885352478934,109.84871593694417,-18.350816014612768,9.258927894772008,86.58077851742068,-19.967270974471376,10.645330689468075,75.6622886271258,-19.967270974471376,10.645330689468075,75.6622886271258,-14.972230028875337,8.159685374155103,81.71122936679632,-14.972230028875337,8.159685374155103,81.71122936679632,8.491960833253097,6.063583117665168,137.19389812443217,26.742578614653354,-0.941249701164387,145.16711934408266,34.594232826812735,-2.188416240955225,116.5656714192886,35.51788122166411,3.886432078098429,93.8488363892238,36.896952884440566,7.36299823400045,83.37219045918361,36.896952884440566,7.36299823400045,83.37219045918361,31.742413490843287,4.746621216958094,89.22913895633727,31.742413490843287,4.746621216958094,89.22913895633727,7.584710792899334,3.253234137001799,141.72475489364948,7.153038357915287,6.287640242524379,148.5122838989755,7.811400387019171,10.148694480131734,154.84658189602212,8.977017235661323,14.631960727696823,163.40094929531034
5.48333114,12.1144,-4.82555,92.7231,1.906015794920112,-3.811007176176755,91.73762062928532,0.4361155056454824,2.4516798980457493,47.501410958926385,0.46560911975299174,0.9840202756102592,7.434593203464452,1.746009212793504,1.8029929329521273,4.151401276106526,-8.47260530312258,11.492225629203343,2.583202266731276,-10.49173654376677,13.516452108331253,2.085581448083103,22.322784205079888,-5.840092823823245,93.70857937071469,27.043366851052475,1.0186150520087223,49.78935433193989,29.3317665271327,-2.804326407201368,9.94398916593886,29.251513294380317,-3.064439872403551,6.336304278444762,36.470844066081206,9.083300936503537,5.299859659381097,38.36889097535138,12.268222834724737,4.770932394021266,10.971363409650206,-8.244191143574312,101.04412535983892,10.393340587109972,-7.291182924190038,110.90531413152404,9.83981555772578,-4.76879954379338,120.48741051825193,9.004052853687893,-1.7382535288943632,129.9003096781558,8.530166922046709,5.836045831720739,137.19760116648064,-12.386085657834828,3.68375098209697,139.0957565170466,-16.762116354075662,6.149716040840328,109.83800381259893,-18.355106218208718,9.484236087639088,86.59677188332577,-19.982124327633848,11.020108883270458,75.69987472596459,-19.982124327633848,11.020108883270458,75.69987472596459,-14.98082545821708,8.452843966443869,81.70942639138573,-14.98082545821708,8.452843966443869,81.70942639138573,8.530166922046709,5.836045831720739,137.19760116648064,26.74300603993995,-1.2333587925974365,145.2001631539573,34.61036360805643,-2.4178962342189316,116.60036809202029,35.540640879157905,3.8073460585290015,93.92455620279668,36.95118537402729,7.372003143400946,83.4817574914296,36.95118537402729,7.372003143400946,83.4817574914296,31.773555696308573,4.743253541182693,89.31274173107626,31.773555696308573,4.743253541182693,89.31274173107626,7.606668110281088,3.0238377629885225,141.72401948727523,7.171383716900803,6.055827626356717,148.51239753124213,7.83051925727327,9.906911141929186,154.85268203574222,8.995139681188348,14.371257700391062,163.41707399084035
5.49166447,12.1643,-5.03535,92.7162,1.9578863671874647,-3.9955192503617836,91.73668605010178,0.47695638522969075,2.272124372274546,47.50154626216661,0.4587166161917083,0.980107614486267,7.428673396618031,1.7413749610692744,1.8015255128068373,4.146974134005053,-8.470793874674545,11.498173408736257,2.582624987353237,-10.488789130953966,13.523911053814523,2.0865479531675075,22.37071363281254,-6.075180749638217,93.69571394989822,27.120093504396298,0.8067014162115091,49.78321924803967,29.220164563380795,-3.61308148875459,9.989249851783342,29.14322258692603,-3.9002746895497253,6.383547445694303,36.40959140454788,8.211971462693613,5.263753556731096,38.321154058868515,11.38777311905752,4.728696851658706,11.01756450714515,-8.452715291244264,101.03724050766044,10.434753029048125,-7.501735204074469,110.89834321958901,9.878207640791425,-4.981433326884674,120.4808123543707,9.037374191544231,-1.9567468290411876,129.89514449960492,8.573225797585247,5.611589486625721,137.1992456371401,-12.35117159681978,3.5049089584196937,139.05840665036465,-16.779381610563174,6.176752853753124,109.82659302354442,-18.352422899325045,9.712586936621577,86.6137749981026,-19.989606490579938,11.397622640733049,75.7404707443231,-19.989606490579938,11.397622640733049,75.7404707443231,-14.982283669606657,8.749309519223278,81.70970072236578,-14.982283669606657,8.749309519223278,81.70970072236578,8.573225797585247,5.611589486625721,137.1992456371401,26.74799271885791,-1.5223238662176861,145.23106463855788,34.63167213787303,-2.644106754348369,116.63323388848009,35.57022160023079,3.73178621150745,93.99966112511242,37.0133772219054,7.384024201490915,83.59163920223897,37.0133772219054,7.384024201490915,83.59163920223897,31.81233047527782,4.743314999717499,89.39631993461589,31.81233047527782,4.743314999717499,89.39631993461589,7.633451466623804,2.797591610963951,141.72119955714382,7.194542792381059,5.827198074958732,148.51040829981005,7.854387154456631,9.668311972247857,154.85666396345846,9.017871836525659,14.113735973454535,163.43104728416944
5.4999978,12.2198,-5.24254,92.7074,2.013174682021745,-4.1939415317693785,91.73950760885846,0.5173644049763249,2.0907491692595412,47.507287263758364,0.4406188599188334,0.9696811591706438,7.42933701267804,1.7254325519034412,1.7947917683653738,4.149407729433783,-8.482696092337914,11.496701628867452,2.5913269737244633,-10.499466754002636,13.523840737000253,2.0959953480160016,22.426425317978254,-6.2911384682306215,93.67529239114155,27.16683257593586,0.5140083595444933,49.74987130117218,29.1241166057233,-4.522473348069032,10.021950754966724,29.050776629835813,-4.838590797378585,6.418593868703743,36.27823199004934,7.288157097066015,5.207629162073424,38.18040054704786,10.467563673868556,4.660635359776796,11.079111937716055,-8.66675266078272,101.02645651818753,10.49463155897914,-7.726266539953107,110.88846683981052,9.936337551077994,-5.21770460143777,120.47391434328024,9.092996492414313,-2.2065435027323352,129.8923570880664,8.633142070156868,5.35214714292162,137.2067108790471,-12.295868752867221,3.2655814865590194,139.03639352131836,-16.75274068695417,6.191785308875307,109.83330557854406,-18.297157876202334,9.961569565972626,86.65540652706625,-19.947980031364803,11.813552732069441,75.81135721901795,-19.947980031364803,11.813552732069441,75.81135721901795,-14.926343773820822,9.090216453794419,81.73462992640825,-14.926343773820822,9.090216453794419,81.73462992640825,8.633142070156868,5.35214714292162,137.2067108790471,26.78642873779325,-1.8209494071547478,145.25219768134178,34.64647258335531,-2.87169297319602,116.6451640996461,35.55761343107948,3.6549110975399497,94.05346730858011,37.01754254704362,7.392952167460043,83.678299032026,37.01754254704362,7.392952167460043,83.678299032026,31.80075222758301,4.7529039245209175,89.46913617284598,31.80075222758301,4.7529039245209175,89.46913617284598,7.686731141201791,2.533000054813409,141.72407107513123,7.245626640304888,5.5574104634257075,148.51545385053612,7.904896988043909,9.387462196844975,154.8684513973973,9.06674521572618,13.812504139636191,163.45359280489726
5.50833113,12.2839,-5.45091,92.6961,2.0771123078486475,-4.393252863771579,91.73984626822543,0.5665310330137068,1.9084230428097637,47.51054458675492,0.4318572947262348,0.9584233832757121,7.428327291287076,1.718877546452299,1.7871585068435856,4.150177384676349,-8.484819689185656,11.494718570603,2.5982748967803886,-10.500282110875563,13.523336064665784,2.103671445075603,22.49068769215135,-6.508567136228422,93.65235373177457,27.222032735655457,0.21959483619510678,49.71409804493439,29.034198549548993,-5.432133506185221,10.062127078828674,28.964223624231252,-5.777106278414842,6.4613511707989915,36.15255217309681,6.363370347618319,5.158538457356689,38.04520827922578,9.546343435025735,4.599424150284509,11.149158476432518,-8.881928198415002,101.01316551322861,10.563038899035575,-7.951875505219616,110.87606796987251,10.003071742728956,-5.454996328372353,120.46446774253971,9.157308356459442,-2.45729750798257,129.88698678561303,8.701977983632492,5.091772005626032,137.21155267556765,-12.23164854349486,3.0260242939969886,139.0118181156208,-16.716534553571833,6.206382879708522,109.83960807964809,-18.231869916681983,10.209912894206731,86.69901585731463,-19.896599191552998,12.22819986852367,75.88681649911031,-19.896599191552998,12.22819986852367,75.88681649911031,-14.860599677122828,9.430660992500298,81.76312791713106,-14.860599677122828,9.430660992500298,81.76312791713106,8.701977983632492,5.091772005626032,137.21155267556765,26.833472925718382,-2.1210417953490373,145.2706591444994,34.67021976999615,-3.1006600858773665,116.6547113436041,35.55575569811147,3.5771329637521556,94.10622118691433,37.03385872467133,7.40040147072574,83.76473724130369,37.03385872467133,7.40040147072574,83.76473724130369,31.801069289341022,4.761535398604454,89.54166127859781,31.801069289341022,4.761535398604454,89.54166127859781,7.748842362832102,2.267539034710191,141.72431986503722,7.305644287175536,5.286796509239272,148.5178588007271,7.964443309812007,9.10578017090854,154.87756470133104,9.12474304814312,13.510415532362963,163.47340278358072
5.51666446,12.3502,-5.6602,92.6781,2.143246191292098,-4.59372513391625,91.7334836138861,0.6177584062352532,1.7249207363277383,47.50711474152566,0.4258859089724687,0.9461866185585948,7.421437276767541,1.7151331137683306,1.778574886366862,4.1450885071550605,-8.484309143914167,11.491576964190163,2.5992782767577802,-10.498497326672862,13.52163310516724,2.105387282897298,22.557153808707902,-6.72667486608375,93.62271638611391,27.279085216837544,-0.07537515890039792,49.6717473611636,28.94418985296253,-6.340596996088005,10.105610304690899,28.87736531241813,-6.714353781100006,6.507648355192472,36.02570813963493,5.439447386603352,5.112344445461472,37.908566934805066,8.626045079839622,4.54093258129366,11.221466157336609,-9.098064927460696,100.99315547831534,10.633665418774218,-8.17847794045802,110.85693918972552,10.071946755879285,-5.693315717703861,120.44828007151838,9.223666624437389,-2.7091180955874568,129.8748576270873,8.772674961195376,4.8302885059366165,137.20963753943514,-12.165469596220388,2.7849703499418936,138.98044666904764,-16.677795862520973,6.21923050711203,109.8412721701136,-18.16372801489083,10.456347774093572,86.74039891509571,-19.842699767911462,12.640242475009114,75.96263854390838,-19.842699767911462,12.640242475009114,75.96263854390838,-14.792167661433865,9.769545297175092,81.79099799647982,-14.792167661433865,9.769545297175092,81.79099799647982,8.772674961195376,4.8302885059366165,137.20963753943514,26.882449822700544,-2.4218824993886736,145.2822491995557,34.69630396067664,-3.3297258370525022,116.65767539269015,35.55769798031733,3.499868140532929,94.15376131792848,37.055168395352766,7.407895235530638,83.84680408450012,37.055168395352766,7.407895235530638,83.84680408450012,31.806271250794303,4.770425099391005,89.60973569962289,31.806271250794303,4.770425099391005,89.60973569962289,7.81286611444882,2.0009568734394674,141.71779421185215,7.367503895160146,5.015044338019081,148.51348702068293,8.025720341332288,8.822955297495351,154.87988920222855,9.184316014565223,13.20717592647194,163.4863870979363
5.52499779,12.4181,-5.85978,92.6542,2.2110104254353384,-4.784391165125278,91.72122836021659,0.6706451520318142,1.5511968662726794,47.4977990339997,0.4222109840157404,0.9438633434575432,7.409468984642103,1.7137229578739381,1.7798666254015427,4.13493311255889,-8.481277022907665,11.49848361180389,2.5951213502077497,-10.494149678210203,13.530012911466073,2.1019249764889283,22.625189574564665,-6.935168834874721,93.58717163978342,27.33753514545279,-0.3608220626881051,49.62359733116321,28.85348806860388,-7.237604819500048,10.153146037310442,28.789587109656118,-7.640063589617531,6.558228312326868,35.89748956286,4.5264036962139205,5.0698206065784275,37.77037459860136,7.716616701299757,4.485940272368311,11.295329502580094,-9.304483376546209,100.96723241977527,10.705850062739728,-8.395326591390265,110.83188279221172,10.14239806921753,-5.921846571029037,120.4261413607656,9.291621406606259,-2.951113145736925,129.85674584969462,8.845048107177828,4.578639614545221,137.2017058498077,-12.097582861364344,2.5541256406361708,138.94312484732242,-16.636739620969184,6.242050225184789,109.83913904107219,-18.092861590572245,10.712528131323385,86.78038715940335,-19.786365082977394,13.061298575984491,76.03963373376499,-19.786365082977394,13.061298575984491,76.03963373376499,-14.721217484972971,10.118352031672831,81.81907109405519,-14.721217484972971,10.118352031672831,81.81907109405519,8.845048107177828,4.578639614545221,137.2017058498077,26.932951922831936,-2.713053121584397,145.28773957701412,34.72423042596431,-3.548861568035914,116.65481927245092,35.56311912781807,3.4329813622717325,94.1968220936637,37.081241569783366,7.425172656223431,83.92520227230341,37.081241569783366,7.425172656223431,83.92520227230341,31.81606311017263,4.789512254840037,89.67409266878816,31.81606311017263,4.789512254840037,89.67409266878816,7.87853051017802,1.744250374098181,141.7052498387488,7.431045879866075,4.7531973859617604,148.5030808816574,8.088706655150272,8.550039006136126,154.87614823721427,9.245601126943251,12.913841290025413,163.4932455033856
5.53333112,12.4913,-6.06566,92.6333,2.281853984336058,-4.998213894383206,91.71714189418684,0.7080050377816449,1.4016613918283598,47.50414948172545,0.40282280793870556,0.9305204457832317,7.414379343876718,1.6969488978152019,1.7690237909066298,4.141515208701252,-8.48986708732373,11.496865866432705,2.6057972532997775,-10.500489856312763,13.530614243110888,2.1125692065691237,22.700746015663945,-7.133106105616794,93.54945810581317,27.369440196310983,-0.6834970202555848,49.562756256917766,28.761109672059774,-8.163382917345427,10.197551535910847,28.698341969046925,-8.597193316366027,6.606262269260209,35.76186646182377,3.581658441136735,5.011661187887974,37.62379806200734,6.7761905199659065,4.416472870488154,11.384257289243813,-9.520946938384531,100.94404915783716,10.796193764236019,-8.62673263821428,110.81014976123294,10.231597684434854,-6.1703099594611075,120.40872246400392,9.37978914831479,-3.2187785848181414,129.84526122579,8.929180874163032,4.298325872072667,137.20291944790515,-12.013698348708536,2.2620995022348347,138.92761677410226,-16.53458015385432,6.252819496283385,109.8607541420086,-17.961948935305358,10.982085958753775,86.85188282399972,-19.66751687234607,13.498072773908431,76.15098056349052,-19.66751687234607,13.498072773908431,76.15098056349052,-14.585511185382657,10.491237578986132,81.8825345466623,-14.585511185382657,10.491237578986132,81.8825345466623,8.929180874163032,4.298325872072667,137.20291944790515,27.018646927775592,-2.9969465043280543,145.28222682473663,34.779811837620954,-3.761532553672108,116.63913954254349,35.52726846255512,3.35249279599629,94.21942825630883,37.04171425700115,7.432478171088299,83.98181944831151,37.04171425700115,7.432478171088299,83.98181944831151,31.775890172552987,4.778768561938783,89.72180836604622,31.775890172552987,4.778768561938783,89.72180836604622,7.965392437447224,1.4557097726284316,141.70186072918824,7.516786726631088,4.456089779247579,148.50340351260166,8.175183358504587,8.240367577558386,154.88386328622687,9.335597586225694,12.582318011515891,163.5115191518464
5.54166445,12.5629,-6.27652,92.606,2.351133447494238,-5.217002900406684,91.70665456981537,0.7437879964444563,1.247037079507269,47.50420294109839,0.38210098028027145,0.912059289626262,7.4135338013518535,1.6788421002544442,1.753022568115147,4.142336302636535,-8.499682525959033,11.490181085297639,2.6106896577388543,-10.508031479360751,13.526166192168768,2.1174256200580346,22.774666552505764,-7.336037099593315,93.50534543018462,27.40009985274893,-1.011222369544451,49.4959579354062,28.669582750436838,-9.092837898203165,10.245726301574791,28.60800963357257,-9.557940575964775,6.658334757009493,35.62669454402309,2.6324417984437076,4.957393637062866,37.47750075807266,5.831297687043813,4.350836977216541,11.471582957605715,-9.742368130882912,100.91443106736375,10.884961323108298,-8.863083605500124,110.7819592695916,10.319260186587531,-6.42371425601085,120.38481501365604,9.466465363485813,-3.491383093899982,129.8272487034314,9.011884471415918,4.013059100862853,137.19757741414898,-11.931232161668028,1.9652636710908835,138.9056138337981,-16.434832845996684,6.258360253243968,109.87918407999578,-17.83439168048459,11.245993030283438,86.92322065891042,-19.55311854824394,13.92824033607062,76.26489113803785,-19.55311854824394,13.92824033607062,76.26489113803785,-14.453786766661981,10.858619564238667,81.9475660761502,-14.453786766661981,10.858619564238667,81.9475660761502,9.011884471415918,4.013059100862853,137.19757741414898,27.10288398742042,-3.2858892867822194,145.2701282988705,34.83383685972443,-3.9793022743408173,116.61706096298306,35.490460408350444,3.2669765203674723,94.23689582988472,37.00207298371443,7.434036588866289,84.03399924909021,37.00207298371443,7.434036588866289,84.03399924909021,31.73537017045976,4.7627597420660255,89.76502640295786,31.73537017045976,4.7627597420660255,89.76502640295786,8.050820596090187,1.1622357398171044,141.69190600512448,7.601125192822692,4.15405273979338,148.49714785133634,8.260293253482647,7.925753975742138,154.884970544324,9.424265090685385,12.245826061244614,163.52312354277578
5.54999778,12.6444,-6.47538,92.5745,2.430343541067245,-5.42383147847743,91.69196321854682,0.7894759627460177,1.104231307133964,47.50015343316317,0.37156875866175665,0.9053906867698205,7.409124565516642,1.6709373862844807,1.7487922163960539,4.139597860781848,-8.499267674877126,11.495269195095425,2.611960299838157,-10.505334623599975,13.533491323267441,2.11864879746695,22.858456458932753,-7.526928521522571,93.45703678145318,27.441000816234727,-1.326946230971875,49.42540486688275,28.590508400987346,-10.008631273987973,10.299815327343971,28.530197519811903,-10.504952670216394,6.716588079058187,35.50354537168854,1.6961286467673826,4.909215557114547,37.34304482035673,4.899318497780524,4.291242923160737,11.568822085864111,-9.951770857937415,100.88057859991538,10.983660547127984,-9.087438904622836,110.74951447408456,10.416877194727595,-6.6651516474319585,120.35662955174926,9.56312287932497,-3.752052645282765,129.8049276425701,9.10459098371914,3.7396880264027983,137.18792242483323,-11.838755216937264,1.6804098014887252,138.87925679504087,-16.32589137357309,6.275489189212619,109.89654511769214,-17.698445289355213,11.52107964531695,86.99651501388882,-19.431355753225255,14.368602191868801,76.38345242564633,-19.431355753225255,14.368602191868801,76.38345242564633,-14.314267908627919,11.237316042821183,82.01630337318797,-14.314267908627919,11.237316042821183,82.01630337318797,9.10459098371914,3.7396880264027983,137.18792242483323,27.197143958736156,-3.5629343527713786,145.25366616446365,34.8977662084379,-4.185155006055276,116.59079854682942,35.46405967321602,3.1934861368294793,94.25145055195101,36.97362371665671,7.446923474102365,84.08395587295028,36.97362371665671,7.446923474102365,84.08395587295028,31.705848603731106,4.758506503902391,89.80597564814737,31.705848603731106,4.758506503902391,89.80597564814737,8.14625938398152,0.8806580870998157,141.6776190118103,7.695489059802778,3.8638923832860375,148.4865565758799,8.355439270022597,7.622986504947008,154.88172573760068,9.52297604247934,11.921129411945499,163.5303305917017
5.55833111,12.7359,-6.68134,92.5435,2.5195816177286527,-5.637833982920777,91.67775828656349,0.8451751768051936,0.9541665392376855,47.49669905937365,0.3713427244862907,0.8914791366504367,7.405848073310928,1.6733356371902666,1.7372961147985055,4.137989762682224,-8.48851262991477,11.49311183656062,2.614355817354966,-10.492288613149501,13.533574831989595,2.120997065332979,22.952218382271347,-7.724846017079222,93.4092417134365,27.492273244602128,-1.649653319945907,49.35581917000947,28.524110548305593,-10.92960433937996,10.364504745568851,28.465132498391515,-11.457071313744288,6.785707458185382,35.39259245864279,0.7539013757118322,4.871809478544824,37.22058941522292,3.9614401875725336,4.2423688405645485,11.676077913770936,-10.168270264001862,100.84718577404209,11.092379856631743,-9.31891191964929,110.71750826225748,10.524517229888243,-6.913737169371872,120.32885808932006,9.669808789737607,-4.019904922876153,129.78298879773936,9.207310797273486,3.4590936065772784,137.17864416757644,-11.736243066844999,1.3883210435276876,138.85329080877827,-16.207875587345594,6.285000317623073,109.9176077111176,-17.55435555272316,11.78815507149314,87.07655296975783,-19.302535591731043,14.799936491794483,76.51144530071791,-19.302535591731043,14.799936491794483,76.51144530071791,-14.16722826463877,11.608127842526194,82.09351722398551,-14.16722826463877,11.608127842526194,82.09351722398551,9.207310797273486,3.4590936065772784,137.17864416757644,27.30142525299899,-3.847196845158847,145.23756039359435,34.97168107617024,-4.398116511722722,116.56509302909814,35.44826714192894,3.1129977746763,94.26783915920248,36.956618835947296,7.452103797359033,84.13642785958906,36.956618835947296,7.452103797359033,84.13642785958906,31.687551759874328,4.746979383380847,89.84937673092574,31.687551759874328,4.746979383380847,89.84937673092574,8.251725243900031,0.5918544329727649,141.6636885222659,7.799874660204204,3.566485134333125,148.47631758475256,8.460598219741746,7.312946189879175,154.8788159595785,9.631686251946476,11.589117271075512,163.53782596024064
5.56666444,12.8345,-6.89193,92.5122,2.6147967374202867,-5.8716857748362745,91.65877059118074,0.885066774786671,0.8298207072807706,47.49632107378519,0.3631401703028252,0.8818741881758702,7.406052145469701,1.6670625078119976,1.7319299600011284,4.14006354075425,-8.496129932703166,11.48713933350147,2.621521313410393,-10.49759977032465,13.528835476457727,2.1239214401899726,23.054203262579712,-7.912174225163726,93.36562940881927,27.505951022139797,-2.017720271890262,49.2786533645498,28.4326074772473,-11.83953656353743,10.417644470835498,28.372376868868482,-12.392229682812768,6.842676997791859,35.26020993057723,-0.17347409831696403,4.837601268452801,37.07790642868637,3.036423559278584,4.190600427553489,11.79206247609791,-10.390041828416338,100.8133830843052,11.211437782907202,-9.556565756396596,110.6852406422032,10.642626667423885,-7.171332552687805,120.30150267686238,9.78745978065978,-4.301145316391231,129.76279719002403,9.313013914159846,3.160720105096124,137.17498359468038,-11.62703027839434,1.050767567040896,138.8446058097434,-16.06000417271445,6.268735838682495,109.95917226256572,-17.35024326449931,12.05445507881377,87.18479547196165,-19.103762282776774,15.226475857443525,76.6675754940709,-19.103762282776774,15.226475857443525,76.6675754940709,-13.954963469353038,11.97849405310454,82.20463570065463,-13.954963469353038,11.97849405310454,82.20463570065463,9.313013914159846,3.160720105096124,137.17498359468038,27.432064616161902,-4.114243495551319,145.2061662664625,35.042708541017,-4.580018174909672,116.51630961577261,35.40056744004371,3.041872483626933,94.25445385220924,36.85738797214394,7.45693316363618,84.14834807599892,36.85738797214394,7.45693316363618,84.14834807599892,31.617312698835235,4.711004465372191,89.86849120951166,31.617312698835235,4.711004465372191,89.86849120951166,8.367990218854827,0.2815044381034415,141.65459010086548,7.916422045183022,3.2424260989859763,148.47320730709896,8.58022792219472,6.974983256440847,154.8835029575723,9.762091543677474,11.230850791239757,163.55104761525132
5.5749977699999995,12.937,-7.10115,92.478,2.71396889929475,-6.104312182053047,91.63685536991312,0.9285899540813318,0.706526231049522,47.493350701812794,0.3582861733811801,0.8732123494516854,7.404053513839408,1.6641197459714867,1.7275099827928944,4.139935856958203,-8.50046733503903,11.482062907729022,2.626519950085909,-10.499627474657842,13.524987366729272,2.124694606088792,23.160031100705247,-8.097987817946953,93.31914463008687,27.52464408295972,-2.3846250377240974,49.19962806987624,28.35048952585909,-12.746990668883385,10.476971426502573,28.28921721362145,-13.324884018172972,6.906008695781358,35.13690119913217,-1.0988320639525995,4.8099555840295825,36.94416366289346,2.1133777850924367,4.145437794668341,11.912007412545481,-10.610415237628171,100.77664751885135,11.33448680283679,-9.792857127635628,110.65001815519166,10.764763673557637,-7.427615575683927,120.27116294140528,9.909189594990929,-4.5811295018630425,129.73957828231784,9.422777731238142,2.8635109070142386,137.16829112017285,-11.513663826149283,0.7141813429763886,138.83285898579248,-15.909586731759127,6.253167394314692,110.00158747427196,-17.145156325727246,12.321156593191073,87.29774689385955,-18.905252113000714,15.652434856603275,76.8309847974802,-18.905252113000714,15.652434856603275,76.8309847974802,-13.742427760490894,12.349308497574826,82.32217334962326,-13.742427760490894,12.349308497574826,82.32217334962326,9.422777731238142,2.8635109070142386,137.16829112017285,27.56676275299973,-4.3798332491693115,145.1717130011668,35.11742711876028,-4.760508799271073,116.46475782648503,35.35627352391106,2.971687798817115,94.23937615589813,36.76156335457289,7.4623723762671,84.15932787483541,36.76156335457289,7.4623723762671,84.15932787483541,31.550595147041484,4.675662242588881,89.88633474795125,31.550595147041484,4.675662242588881,89.88633474795125,8.488381439342234,-0.027667992426088084,141.64241843542914,8.0371067888811,2.9195116123574083,148.46700597384486,8.70399950217359,6.638144723197776,154.88506903043904,9.896650629279335,10.873691482243359,163.5610858254523
5.5833311,13.0459,-7.32132,92.4449,2.8196164019657193,-6.347838173168553,91.61602623675014,0.9783212451625671,0.5721452974007972,47.491797482441235,0.35931446717036186,0.8533341498182919,7.403862350682751,1.6670451352650468,1.7118529242351432,4.141612228865231,-8.498853424962295,11.465839842261568,2.6333660068785556,-10.495672664758391,13.510015152591492,2.1273319081088147,23.27218359803428,-8.294801826831447,93.27377376324986,27.550890866292274,-2.7630014130004827,49.12271544587658,28.280079684124082,-13.66452479935023,10.54642932065687,28.21796086194398,-14.267592947417995,6.979646469919097,35.02527200386406,-2.0349000821009255,4.792799131874759,36.822044202278654,1.1795305954126465,4.11080301307053,12.038357547056338,-10.84168187793448,100.74098422139035,11.46400373859973,-10.040038733033061,110.61584447414046,10.893465846011155,-7.694804412430081,120.24183748966807,10.037604020210365,-4.872034191429293,129.7173241713625,9.539365478102324,2.555320344527095,137.1625377141943,-11.393416920986189,0.3668352830566599,138.82209880319678,-15.753893898149016,6.226475735502414,110.04888945943927,-16.93633798664612,12.57630202393505,87.41941676729931,-18.704223303212977,16.0657898818369,77.00565103016623,-18.704223303212977,16.0657898818369,77.00565103016623,-13.526886007337403,12.708496517869573,82.4501262616978,-13.526886007337403,12.708496517869573,82.4501262616978,9.539365478102324,2.555320344527095,137.1625377141943,27.70812002002839,-4.656453192182754,145.13823014121607,35.198505192032776,-4.95227282347423,116.41448835222278,35.31830532428268,2.8896413192215205,94.22661930747444,36.672201748176015,7.455533579293834,84.17335848455511,36.672201748176015,7.455533579293834,84.17335848455511,31.490374108424554,4.6282101059276615,89.90689622687655,31.490374108424554,4.6282101059276615,89.90689622687655,8.615614081423834,-0.3477770456564837,141.63115450155075,8.16471449695633,2.585656146513123,148.46168674833098,8.83478332950961,6.290353764477336,154.8874734567108,10.038338055364814,10.505571546456196,163.5718810679852
5.59166443,13.1556,-7.53313,92.4056,2.9261357613576777,-6.582988993267281,91.58897997351107,1.0286571780069664,0.44593925221782715,47.48435612299458,0.3606346146117215,0.8414762741777864,7.39817301697844,1.6702417681755914,1.7041960308330193,4.137784456022695,-8.49690598307648,11.457687127677252,2.634761160131977,-10.49135787417751,13.503131604877401,2.124536866634563,23.38506423864232,-8.483271006732718,93.22222002648894,27.579091721898735,-3.1334815534768454,49.04061765032424,28.21584772389365,-14.572570583593524,10.618663462061164,28.153081265559603,-15.200781059862614,7.056234260966221,34.91972034416134,-2.9620544353117157,4.778795526455732,36.70592526514957,0.2545186169745186,4.079364758514078,12.16552224681997,-11.064534529421385,100.69909329575543,11.594393604155368,-10.278786911666323,110.57541810790698,11.023129227615623,-7.953555851918934,120.20621955800877,10.167088675639581,-5.154496100218699,129.68872123848234,9.657135003152838,2.2555271974022153,137.15039288273422,-11.271928291431369,0.02803503325655088,138.80495539589523,-15.598481146056715,6.207883761904206,110.09368353749151,-16.729281827304085,12.839042181104908,87.54239687622196,-18.50613193040103,16.48563517907204,77.18413331280722,-18.50613193040103,16.48563517907204,77.18413331280722,-13.313815718459086,13.075179470451605,82.58109495511181,-13.313815718459086,13.075179470451605,82.58109495511181,9.657135003152838,2.2555271974022153,137.15039288273422,27.85056549533928,-4.924601012653002,145.09833819288514,35.28031407414345,-5.135857853934954,116.35810631764153,35.2809221853223,2.8151425069794893,94.2087700943833,36.5835067158624,7.455815320936139,84.18300876641098,36.5835067158624,7.455815320936139,84.18300876641098,31.430887931254937,4.588016863664526,89.92276506983927,31.430887931254937,4.588016863664526,89.92276506983927,8.744052955085206,-0.6594370532473306,141.61347384580577,8.29359587297818,2.2602606261162506,148.44991775918638,8.966914943274258,5.951028890346874,154.88337581468218,10.181466849647277,10.145931600570904,163.5760851394486
5.59999776,13.2691,-7.74701,92.3647,3.0360501949134022,-6.8251581918806075,91.5606752861484,1.0634283430447498,0.3491794768824237,47.48276988793218,0.3385824176392199,0.8471844865452163,7.398716087389829,1.6483861740743389,1.7105248986312547,4.138570799816351,-8.516192840708053,11.467153831572071,2.6385420277097813,-10.509179731229398,13.513687586822506,2.126962974453481,23.502149805086596,-8.668861808119393,93.1687247138516,27.565251689180762,-3.517686489445399,48.95129943641427,28.12408923496437,-15.435644713457247,10.673959507180278,28.060566626027008,-16.085002335921086,7.115337667211623,34.79194246109606,-3.8413761867337186,4.761031169326567,36.56906792666491,-0.6223273818246722,4.04995909784551,12.298458464081978,-11.29080215254279,100.65520632608327,11.731415364622949,-10.523619373978134,110.53322595291282,11.159384078177979,-8.219889927227834,120.16914780211353,10.303647874110451,-5.447497429324212,129.65950788100494,9.778164613370917,1.9423862764494082,137.14005117035393,-11.144097374035974,-0.3411595438208024,138.80419078500026,-15.415841274267175,6.156560709967097,110.15495768541534,-16.467938442523362,13.08047279489729,87.68800339186,-18.236259888514265,16.890952933702263,77.38743344615867,-18.236259888514265,16.890952933702263,77.38743344615867,-13.038574353064103,13.423163856887424,82.74252959348037,-13.038574353064103,13.423163856887424,82.74252959348037,9.778164613370917,1.9423862764494082,137.14005117035393,28.00589672577062,-5.173070771763561,145.06753764928465,35.232368303180415,-5.283847484759306,116.2749594614817,35.21726977989647,2.774156415343853,94.16433198462079,36.41901642434847,7.461164511010776,84.14753504425282,36.41901642434847,7.461164511010776,84.14753504425282,31.326136707600078,4.5297770515062155,89.90844595371463,31.326136707600078,4.5297770515062155,89.90844595371463,8.88109517451151,-0.9866540135796118,141.59715970540793,8.432720485006175,1.9180518845169758,148.44012363092105,9.111315022385925,5.593819926779588,154.88161028043135,10.342469711877024,9.767525206710069,163.582183988712
5.60833109,13.3887,-7.95934,92.3198,3.152148241475162,-7.065927112049891,91.52834796943424,1.1038111182522865,0.25343769723166876,47.477748472171115,0.32169502249250126,0.853664218826475,7.396171629118548,1.6316550695331338,1.717619166600607,4.136251941921653,-8.53043840300459,11.477306354297507,2.6392805815706115,-10.521978703358696,13.52491213697289,2.1263594612023704,23.62525175852484,-8.852752887950109,93.11125203056577,27.55931718367185,-3.9010991186135087,48.859377986303215,28.046263970352307,-16.296845326276852,10.733099142543217,27.98230181272217,-16.967344869887146,7.178408009967887,34.67797186196378,-4.719087601000432,4.747614422093241,36.44590096711041,-1.4975491698674759,4.024986969314946,12.437575513137487,-11.515462739005642,100.60728793242666,11.874686513458924,-10.766844288488567,110.48696937617707,11.301960510440132,-8.484636463644158,120.12796991606322,10.446628326182484,-5.738932061804882,129.62612201174443,9.905643821646018,1.630719493492287,137.12549621666028,-11.009637649427829,-0.7091047845583844,138.79917843667687,-15.228851919491468,6.106351886535375,110.21606273968304,-16.204575233315794,13.322800307138479,87.83789618279918,-17.965996651377896,17.296218835889466,77.59788638718695,-17.965996651377896,17.296218835889466,77.59788638718695,-12.762212982596127,13.77193497652829,82.91000550867984,-12.762212982596127,13.77193497652829,82.91000550867984,9.905643821646018,1.630719493492287,137.12549621666028,28.167428574276116,-5.41974693862288,145.03265307473666,35.190144519630245,-5.4278270516318186,116.18948894347945,35.16000860142194,2.7366143692275733,94.11795772446817,36.26124474079722,7.468554365962628,84.11073614885105,36.26124474079722,7.468554365962628,84.11073614885105,31.228390103626204,4.474243417844969,89.89200131322924,31.228390103626204,4.474243417844969,89.89200131322924,9.024675344201498,-1.312329331555616,141.5765843136466,8.578418679769173,1.5773927440020152,148.42602756240666,9.26232320184025,5.238189755568573,154.87547337947467,10.51013368437278,9.390770983593432,163.5837785320711
5.61666442,13.5276,-8.17313,92.2782,3.287659740976709,-7.30796586581393,91.4992973600301,1.1632677115788672,0.15611309052268219,47.476592012800424,0.3234758417327951,0.8583481505725861,7.397839596766104,1.6335831627641304,1.722878149643839,4.138131552832422,-8.525862943521773,11.485793762902807,2.644245833690384,-10.515922681394112,13.534503346481454,2.129987565159401,23.767540259023292,-9.03829413418607,93.0571026399699,27.574640340512353,-4.287171530819006,48.77215118660031,27.995337323216216,-17.15950633708436,10.80333779489483,27.93123134846013,-17.85113705424738,7.252700215715967,34.5911577533777,-5.5987327134686975,4.74580389732754,36.34987799347496,-2.3747474653006053,4.011708633573055,12.595954700393149,-11.741495469551253,100.5626376915959,12.037312550143424,-11.011422932983894,110.44394793263754,11.464038542851885,-8.750741752498712,120.08998631910293,10.609299754951667,-6.0317217346210645,129.59586506792144,10.053086816866886,1.3176199529882835,137.11403277503427,-10.855112148806723,-1.0780165857731112,138.79722332454332,-15.023859954303264,6.055033730862339,110.28428141118556,-15.92531115713821,13.563687538901261,87.99933119899237,-17.681328637290523,17.699064802092472,77.82271494744074,-17.681328637290523,17.699064802092472,77.82271494744074,-12.470841315788828,14.11898616809049,83.09077052806977,-12.470841315788828,14.11898616809049,83.09077052806977,10.053086816866886,1.3176199529882835,137.11403277503427,28.348472225190243,-5.668079095865522,145.00097580765168,35.166891502106544,-5.571414635914725,116.10899532540786,35.12254541321096,2.698946035279282,94.0769579699392,36.12372467531259,7.474397640532727,84.07990025869816,36.12372467531259,7.474397640532727,84.07990025869816,31.151093459085455,4.418005029639479,89.88075827706446,31.151093459085455,4.418005029639479,89.88075827706446,9.188210296805128,-1.6393425664901127,141.55905115018706,8.744201897293582,1.2354155925846828,148.41493428589584,9.433570471539523,4.8812482592045905,154.87227016366688,10.698224319907887,9.012735913817444,163.58817521649925
5.62499775,13.6809,-8.42663,92.2318,3.437652458907907,-7.589914647545928,91.46540451405397,1.2366931625775082,0.01861314116716084,47.47119824420206,0.3388619634028006,0.8227308356208016,7.395618727977279,1.6490783690706023,1.6878476431813927,4.136110218524494,-8.507838420649767,11.453878999476991,2.6453943252209893,-10.496443097936591,13.503669468189674,2.129816245055042,23.92414754109209,-9.26334535245407,92.99819548594604,27.60627348067936,-4.713458365028245,48.681555504820764,27.966935487106134,-18.060920766106108,10.876530044454618,27.903014436643765,-18.773659790691358,7.330066027191641,34.5267195893648,-6.517335825914737,4.747506459580645,36.276100818403215,-3.290878774399969,4.002044301038248,12.768815126524155,-12.00721112026016,100.51314306615257,12.214463468280876,-11.295716758143694,110.396049979206,11.640680939959168,-9.05661586280438,120.04709032888248,10.786601934867557,-6.364335417582038,129.5606361503801,10.215135823398908,0.964575812808901,137.09758038571132,-10.685789076776688,-1.487209607790672,138.79023374908945,-14.806453445394514,5.963210491610755,110.35156136193962,-15.636057732881515,13.763730964969733,88.16428709692701,-17.388335364685414,18.060006867206333,78.05389653553895,-17.388335364685414,18.060006867206333,78.05389653553895,-12.170399119491528,14.425035418869712,83.27679560259294,-12.170399119491528,14.425035418869712,83.27679560259294,10.215135823398908,0.964575812808901,137.09758038571132,28.543911059173816,-5.955933129893076,144.96444400283514,35.1577262668396,-5.752213428680532,116.02549674620214,35.09979842071656,2.6235444426243877,94.0333429934221,36.00126268340312,7.441129417145995,84.0470174415874,36.00126268340312,7.441129417145995,84.0470174415874,31.089122680008902,4.323311571239099,89.86669468526361,31.089122680008902,4.323311571239099,89.86669468526361,9.366447305882472,-2.0062521850377744,141.5364694245865,8.924696037934321,0.8535257420975588,148.3987604069943,9.619531857611314,4.484408254285362,154.8639291494853,10.901045182272313,8.594856848634358,163.58731590225113
5.63333108,13.8277,-8.66174,92.1844,3.580971856381357,-7.858570346807652,91.42871774603043,1.2953219946687495,-0.07566429616657366,47.46934695473557,0.34139833724691815,0.8364815105509747,7.397376709025181,1.650273511257987,1.7024109462393628,4.137545143611734,-8.511115143187451,11.464382163240208,2.650716447441717,-10.499171159929114,13.514070736718379,2.132623491544516,24.074428143618643,-9.464909653192347,92.94008225396956,27.59921307249622,-5.13093307105168,48.589020931374215,27.904748271912208,-18.858708878474424,10.91994078182642,27.83783896245066,-19.59044650957683,7.377403128231752,34.39539866091906,-7.315009307355613,4.717964598138135,36.12734644503353,-4.083006522469981,3.9560010221107103,12.935562510982981,-12.254868101217511,100.46248094327613,12.386078529938512,-11.560940639261878,110.34690864914354,11.812448493346798,-9.343387584160984,120.00293195427969,10.960813716224816,-6.677727301082955,129.52418988073126,10.374296588105262,0.6309539502473998,137.0795997154705,-10.517328579327677,-1.8846777360489053,138.79324609742474,-14.586648757655798,5.854623609165682,110.42441514487734,-15.30471759981022,13.950722366168353,88.33937350364906,-17.02846240009766,18.407595641902667,78.29380506286924,-17.02846240009766,18.407595641902667,78.29380506286924,-11.81642299812776,14.71689216784057,83.48340079785893,-11.81642299812776,14.71689216784057,83.48340079785893,10.374296588105262,0.6309539502473998,137.0795997154705,28.74386670502345,-6.236808992065986,144.89738167251005,35.280412972370264,-5.8933042338513975,115.94220443223196,35.04172157341761,2.5658187053595256,93.9832024568374,35.815363468890624,7.419171379955136,84.003477667825,35.815363468890624,7.419171379955136,84.003477667825,30.982709806250966,4.217336661919234,89.8440481681374,30.982709806250966,4.217336661919234,89.8440481681374,9.546029147975572,-2.3537691617138554,141.5130214283854,9.109952186801085,0.4919449329028276,148.38151905728014,9.812527208800129,4.108414799693921,154.85392552964845,11.11233689031186,8.19604963055442,163.58532156738403
5.64166441,13.9729,-8.89869,92.1342,3.7228216873877003,-8.128997783673487,91.38918772665053,1.3518252863998272,-0.1720885971530306,47.46550306206474,0.3412915598655548,0.8479077152628527,7.3975207220442485,1.6488125770714008,1.714631588595707,4.137356867180527,-8.516948201324823,11.472650341540163,2.6544749387704063,-10.504435591603281,13.52225619310797,2.1338791151191527,24.222978312612298,-9.668382216326513,92.87921227334948,27.592884193334207,-5.551615710394255,48.49543066181135,27.848454760762426,-19.658867108239512,10.966442914030871,27.77880862742742,-20.409596021840827,7.427933996705034,34.269983717659734,-8.115720798804952,4.691907873223725,35.984442723177985,-4.878313533819819,3.913513282660005,13.100709557751038,-12.504296985945286,100.40898006051232,12.5561663562577,-11.82793707043261,110.29489878396919,11.982808165966471,-9.631954655326616,119.95586667846979,11.133779259008248,-6.992920913861523,129.48477164530402,10.532396290747474,0.29544304696632206,137.0586168408432,-10.349733250295234,-2.2838602172666516,138.79322035237786,-14.369650526356022,5.744231551968539,110.49769545393558,-14.978575000701007,14.135755519655522,88.51991033522357,-16.67541990615087,18.752444707255492,78.54216714636516,-16.67541990615087,18.752444707255492,78.54216714636516,-11.468636314890036,15.006370973740852,83.69725075098425,-11.468636314890036,15.006370973740852,83.69725075098425,10.532396290747474,0.29544304696632206,137.0586168408432,28.94240586651773,-6.519458805876733,144.827377938738,35.40035802102592,-6.036752145652992,115.85655520464468,34.97989965469523,2.5034410605483632,93.93168765651716,35.62543371368393,7.390496240354873,83.95930387534045,35.62543371368393,7.390496240354873,83.95930387534045,30.87348681750454,4.105853176613336,89.82007783391194,30.87348681750454,4.105853176613336,89.82007783391194,9.72458012111097,-2.7030666833018353,141.48650567476406,9.294266208645118,0.12862143925272784,148.36116085272184,10.004687178938221,3.730718676214311,154.84072172078547,11.322944674277595,7.795616087352775,163.57996348991517
5.64999774,14.1296,-9.15152,92.081,3.8762864265862795,-8.41543421513105,91.34662047103436,1.4191237783380073,-0.2850237775371891,47.45945970519853,0.35143027454244313,0.8425539724598723,7.395843060046985,1.657560411105266,1.7100736850208058,4.135333367026495,-8.512680053995581,11.464030798054853,2.6564518575343383,-10.499622605787598,13.513530207397979,2.133363192124345,24.38291357341372,-9.88760578486895,92.81537952896565,27.60031240537658,-5.989308760792363,48.400565251315456,27.811326634306614,-20.475214564527427,11.0158252397746,27.739207852561698,-21.24493571208837,7.4814486214843114,34.16350270377637,-8.93316791009794,4.669088357483924,35.8603492512597,-5.6904632726855535,3.874322952853012,13.277431008160276,-12.769542765403862,100.35244619959934,12.737896887795037,-12.110729942950227,110.23982439800626,12.164896043147586,-9.93631920814198,119.90569151010665,11.318593858937168,-7.3239004462555055,129.44216988872967,10.702400534412886,-0.055928016762257116,137.03439777630902,-10.169990508110144,-2.69913554119153,138.7898848855767,-14.142602451577735,5.617467448756508,110.57111115789309,-14.644943225492701,14.304099071579415,88.70557693079871,-16.316609681593434,19.079701066725427,78.79862898128525,-16.316609681593434,19.079701066725427,78.79862898128525,-11.114371961142972,15.278750992862948,83.91800902086926,-11.114371961142972,15.278750992862948,83.91800902086926,10.702400534412886,-0.055928016762257116,137.03439777630902,29.152667098475057,-6.817464431179763,144.75413079446164,35.53056927044756,-6.196075305728877,115.76822109544547,34.92712916314919,2.4227945254461396,93.87844162853067,35.44417742748582,7.341460467746991,83.91411288690134,35.44417742748582,7.341460467746991,83.91411288690134,30.774218834638706,3.97517052187423,89.79443001229292,30.774218834638706,3.97517052187423,89.79443001229292,9.91512733940763,-3.06811710201704,141.4566986393325,9.49061748526687,-0.25040445478181717,148.33745428997494,10.208931558099213,3.3373911001706764,154.8240758645031,11.545718624385135,7.3796774202306334,163.57098744130934
5.65833107,14.2942,-9.40367,92.0261,4.037768085939334,-8.701301502368615,91.30231985674318,1.4936023830783305,-0.3978592791456226,47.45252886098149,0.3681715148513176,0.8370681380250673,7.393657941731135,1.6728789190255307,1.705386426423317,4.132791219044341,-8.501944842151602,11.455174992974753,2.6579538257944373,-10.48836509056533,13.50454490013635,2.13237998206512,24.550631914060666,-10.106038497631385,92.74988014325682,27.617915612043777,-6.427426153283934,48.30571647482785,27.789758887053722,-21.29105447642572,11.069339064420014,27.715428281742863,-22.079763857323425,7.5391970960003185,34.07240070885415,-9.750676013214429,4.650762313425032,35.751524404700746,-6.5027882527506335,3.8396875147313896,13.462123797623265,-13.034046342320648,100.29417835963453,12.927669677705184,-12.392796932345696,110.1829870355221,12.355116537773254,-10.239993034229796,119.8537159283518,11.511665573152051,-7.654212207597059,129.39770393270817,10.880727642928942,-0.4067308633811004,137.00828690902787,-9.981677684234313,-3.11402907879466,138.7846790892541,-13.909182723571632,5.490878528334701,110.64614695129872,-14.307585864558721,14.472291401723405,88.8978826533144,-15.95582746891299,19.40587899953693,79.06470036784647,-15.95582746891299,19.40587899953693,79.06470036784647,-10.75741339764195,15.550543422385923,84.14716330277565,-10.75741339764195,15.550543422385923,84.14716330277565,10.880727642928942,-0.4067308633811004,137.00828690902787,29.371049706851345,-7.1143976875148685,144.6790225053602,35.66797124387102,-6.354997465608355,115.67869816062938,34.880740151589634,2.3399666847284246,93.8248800074621,35.26912449850095,7.288072769938244,83.8692853692977,35.26912449850095,7.288072769938244,83.8692853692977,30.6823225183557,3.841331330333637,89.76841850876929,30.6823225183557,3.841331330333637,89.76841850876929,10.11408489346242,-3.432505396346004,141.42493433239682,9.695422443476174,-0.6287404191712986,148.31174311500723,10.421678456090001,2.9448011843320625,154.80534489789113,11.777077900719798,6.964570711622984,163.55976582559163
5.6666644,14.4668,-9.64199,91.9712,4.207731588710317,-8.96891589792223,91.2570141729281,1.5562190426387383,-0.48692060588852293,47.44777611365636,0.3688133918941945,0.8534979351679683,7.394085576511451,1.67224319495932,1.7233318196058156,4.133111856046139,-8.506457256155079,11.470007240790528,2.664460651519545,-10.490802389386165,13.520105256416118,2.1339111218334668,24.72586841128968,-10.31506410207777,92.6853858270719,27.610444588525624,-6.864469091003558,48.2107108243552,27.74426578413888,-22.005263038045925,11.086012438633468,27.664627239778095,-22.803301392278197,7.558083537560439,33.90619039459968,-10.427607875648722,4.617733155917318,35.55479532093993,-7.16706550181366,3.7949094537351913,13.652295511266924,-13.290075215978565,100.23323120602267,13.12676302603317,-12.6731172253089,110.12406319757488,12.560116541660637,-10.546651540903316,119.80096531008971,11.723846856102856,-7.987111932836804,129.3526556865705,11.084304197544126,-0.757121798536093,136.97914043328035,-9.767517605287301,-3.524432905019882,138.78704131078865,-13.67166671091378,5.32025777035296,110.71969750596791,-13.92798035041526,14.593514634406691,89.09211066204364,-15.529273361076928,19.685651433321325,79.33227130137742,-15.529273361076928,19.685651433321325,79.33227130137742,-10.348491876010787,15.770704108866212,84.38709487935733,-10.348491876010787,15.770704108866212,84.38709487935733,11.084304197544126,-0.757121798536093,136.97914043328035,29.61756648574741,-7.407455759166794,144.59597941075282,35.79742893564058,-6.490522007125079,115.57503431527451,34.830410079537714,2.2796441977402404,93.75851393481558,35.084989879382306,7.241919069898402,83.80565112808893,35.084989879382306,7.241919069898402,83.80565112808893,30.58618512649909,3.7182397807194683,89.72705221366071,30.58618512649909,3.7182397807194683,89.72705221366071,10.333397595459791,-3.794151169730294,141.3907636000354,9.924100963194878,-1.0052917346140906,148.2841844359107,10.659489459977951,2.5544325791532394,154.78434428558154,12.0325965217271,6.553313309496926,163.54556967863363
5.67499773,14.6401,-9.89403,91.9127,4.378495107618395,-9.250200422448437,91.20805589286529,1.6188470468369687,-0.5902681000590508,47.440327861789,0.36910023417319615,0.8553987249128847,7.3921948213411355,1.6712575359431352,1.7267379962923013,4.13111462005825,-8.51125013911929,11.470366166212004,2.6686480277416837,-10.493498847482007,13.521199060018562,2.133125119944671,24.901704892381606,-10.537859577551565,92.61734410713471,27.606369193742953,-7.316888408180551,48.114150536414165,27.7062509534879,-22.73448129657765,11.103440831631175,27.621373137040443,-23.541878996658188,7.577764364089129,33.74702834153694,-11.12072822447577,4.5857879587113874,35.36498853171641,-7.847825618861957,3.7512899199115872,13.843187467016362,-13.559761360608986,100.1686340453471,13.326669238433137,-12.9670513026244,110.06142347740848,12.766051746388145,-10.866893136187953,119.74442005615225,11.937086745159448,-8.333554594850899,129.3037292310934,11.289059197997526,-1.121079769012467,136.94606584568754,-9.551972584319975,-3.9483294125943855,138.7853707527918,-13.433970797023784,5.13583249811886,110.79153546899207,-13.550330649956022,14.700481686824698,89.29001346422193,-15.106177285743511,19.950332436939338,79.6066840172655,-15.106177285743511,19.950332436939338,79.6066840172655,-9.94248550878259,15.975916167983806,84.63250268762874,-9.94248550878259,15.975916167983806,84.63250268762874,11.289059197997526,-1.121079769012467,136.94606584568754,29.86488287465344,-7.71385357409169,144.50907431645172,35.925679392627885,-6.640240707159883,115.4683990037172,34.77791586502917,2.203230533322797,93.69026415374736,34.89892099381793,7.177540468941967,83.74088933650023,34.89892099381793,7.177540468941967,83.74088933650023,30.489191164590547,3.5782843636701025,89.68380016164724,30.489191164590547,3.5782843636701025,89.68380016164724,10.553900529366635,-4.169287416098451,141.35262901489133,10.154041179618064,-1.3952732273535275,148.25259055707116,10.898644083215109,2.1506894623559196,154.7592199933956,12.289570531941274,6.128773869632436,163.52709935782673
5.6833310599999995,14.8158,-10.1585,91.8512,4.551746167172574,-9.544062175887644,91.15604542213927,1.6830000138678267,-0.7069310302551646,47.43077228551048,0.37049662605841216,0.843656585063788,7.388572138737729,1.6713687205107832,1.7165105601879933,4.127384076760166,-8.515065081202746,11.456958502337836,2.671086960929404,-10.495235351768361,13.508494060900023,2.1305891936601657,25.079853832827425,-10.772937824112356,92.54635457786074,27.607364111068534,-7.783169365494156,48.016622054441775,27.67768972912012,-23.47711918616297,11.12218110429626,27.58765793609006,-24.293906521631833,7.598796003507324,33.59668595811853,-11.828335625912269,4.555494264562263,35.18381726315423,-8.543337691821627,3.70939946302056,14.036570763762999,-13.84181811941538,100.10099226302577,13.529147152008894,-13.273342433302307,109.99567445665548,12.974639687691326,-11.199494662309522,119.68469174094001,12.153056644071611,-8.692353828654735,129.25154206814057,11.496530121628732,-1.4974489940215516,136.90969844496527,-9.333457349103758,-4.384920979027809,138.78029095669294,-13.194624574150192,4.938383905886878,110.86230221604129,-13.173317799039578,14.7939263987324,89.49224535057996,-14.685307152469646,20.200587433985632,79.88858118132391,-14.685307152469646,20.200587433985632,79.88858118132391,-9.538091450514704,16.166959360805265,84.88403569903937,-9.538091450514704,16.166959360805265,84.88403569903937,11.496530121628732,-1.4974489940215516,136.90969844496527,30.1146595283219,-8.032107809851404,144.4189247963496,36.05530249518258,-6.802798618786252,115.35960130640834,34.726320464097704,2.1119215260935515,93.62085539640866,34.71421183797451,7.09609163076333,83.67568759592618,34.71421183797451,7.09609163076333,83.67568759592618,30.39450685148419,3.422568267948214,89.63923735142468,30.39450685148419,3.422568267948214,89.63923735142468,10.777188629608478,-4.556782815554086,141.31115859794693,10.386788000350242,-1.79757774721159,148.2175966264829,11.140621057350375,1.734679109188118,154.73061503004135,12.54940993773589,5.692070101513937,163.5050045193882
5.69166439,15.0076,-10.4222,91.7896,4.741198476669663,-9.837084659683791,91.10387803718478,1.7626118913590503,-0.8233577324029024,47.42201851765174,0.3870088512840453,0.8319339308132963,7.3861283005499985,1.6866031873119265,1.7062940203583428,4.124834256895696,-8.503687128548261,11.44362735681051,2.6747019273121424,-10.481757242511543,13.495872469494772,2.129230657116502,25.274001523330337,-11.00731534031621,92.4753219628152,27.62723569641622,-8.250250719299597,47.921029399110864,27.67207482898343,-24.22010604399341,11.145133896070575,27.576958534122177,-25.046315021757515,7.624079869345927,33.46891714502207,-12.537498877558335,4.5297457894404305,35.025108327928365,-9.240706939380816,3.6721295942736063,14.246063659076846,-14.123046138246755,100.03319771076788,13.74782355786863,-13.578766447045,109.92970696705079,13.199547405157965,-11.53120465560982,119.62466766893213,12.385469367401186,-9.050227064588565,129.1989773663303,11.720574923358408,-1.8729238020177332,136.87291214591835,-9.098162122534864,-4.820539866330753,138.77468400167683,-12.939715175951505,4.741531340251356,110.93485666711818,-12.782916238707731,14.887284571717624,89.70161368118994,-14.25256625066417,20.44977604912838,80.18072726043304,-14.25256625066417,20.44977604912838,80.18072726043304,-9.121272060952792,16.357145035415076,85.14447000940687,-9.121272060952792,16.357145035415076,85.14447000940687,11.720574923358408,-1.8729238020177332,136.87291214591835,30.380603363662658,-8.34928066379809,144.3284556704313,36.199641230734876,-6.965267953358807,115.25148834646642,34.688893912932805,2.0187213684724687,93.55316858094136,34.544149395332944,7.010616120818595,83.61292227428538,34.544149395332944,7.010616120818595,83.61292227428538,30.31539155297868,3.264220685987269,89.59628914506693,30.31539155297868,3.264220685987269,89.59628914506693,11.017054509541545,-4.943311016564275,141.26922974956028,10.636187450321295,-2.198863102850355,148.18207702362994,11.399334279549512,1.3197349058358032,154.7014011046071,12.826100071011247,5.256515539692929,163.48215495058196
5.69999772,15.1968,-10.7058,91.7275,4.928453588990887,-10.142788963534521,91.05247750679376,1.842871415464597,-0.9645999735597144,47.41231101118193,0.3793672824440666,0.837236118010545,7.385865727572913,1.677916234286419,1.712360302833818,4.124360227898487,-8.514039339388457,11.448649268989644,2.678926122949415,-10.491807218557657,13.501036310690356,2.1328932191006036,25.465146411009112,-11.268811036465479,92.40252249320625,27.61717109836671,-8.72508854882254,47.825371755402664,27.644135342079643,-24.83718773804744,11.111555386954407,27.537558411628588,-25.6658922852735,7.591416188726235,33.26128314255837,-13.089052668190654,4.45730683346784,34.77286860767746,-9.774390761746757,3.588860262163407,14.451428937464202,-14.424009064449217,99.9647596345315,13.966722869317257,-13.901893029489722,109.86313495141759,13.42938265440376,-11.87724184613191,119.56351804279932,12.627679802711878,-9.42014796668368,129.14502842715768,11.959142550149597,-2.261335715883316,136.835900084241,-8.847672206867308,-5.264213760038889,138.7811949099968,-12.682385708342071,4.490110579241322,111.00719896620555,-12.372104602955908,14.901394782531753,89.90458327255384,-13.783174286709999,20.618155883411305,80.46657576599164,-13.783174286709999,20.618155883411305,80.46657576599164,-8.679247523070162,16.456859065495202,85.40135956453503,-8.679247523070162,16.456859065495202,85.40135956453503,11.959142550149597,-2.261335715883316,136.835900084241,30.664806139902918,-8.679189681519663,144.22740121613177,36.34294752048273,-7.132608161691709,115.13077739643967,34.652436298967025,1.9217845876107615,93.47502421186286,34.37054552460851,6.927529841802849,83.54469124300783,34.37054552460851,6.927529841802849,83.54469124300783,30.23632490253437,3.1065264040907405,89.54691610807022,30.23632490253437,3.1065264040907405,89.54691610807022,11.275284183195513,-5.343245195609239,141.22725508978567,10.906865623343252,-2.613004071788326,148.14639973873278,11.67975302217133,0.8954780384548591,154.67002678611496,13.121601314547476,4.8180255266135745,163.45468586836236
5.70833105,15.4013,-10.9942,91.659,5.131072267601393,-10.453260990131001,90.99463404491765,1.9381542026049519,-1.1110311373255772,47.39701807962007,0.3863506258104734,0.8370904536717616,7.380752541519968,1.6838409957817364,1.7129642353634078,4.119026970295894,-8.50975123258064,11.448239268743146,2.6783123884569413,-10.487212115500393,13.500773445747955,2.1317209563530066,25.67152773239861,-11.535139009868997,92.32336595508237,27.62510591140856,-9.206480640097995,47.725328052665716,27.63620762639017,-25.46065864520078,11.074184089340953,27.518095905051116,-26.291990451202157,7.555032644288778,33.07272437769708,-13.649263162663848,4.382004084927923,34.53947327705636,-10.317297843383614,3.5029543724872076,14.672104734039701,-14.72972527774651,99.88987043500978,14.200991679049498,-14.22972086021273,109.79004351997474,13.674663189246736,-12.227941458072308,119.49577567094555,12.885418808055531,-9.79468533161724,129.0844010661848,12.213341248152918,-2.6543849809740028,136.79215459118024,-8.581322940130125,-5.712485053883031,138.7808612263108,-12.409808602876527,4.233828008738761,111.07417835682128,-11.947477165172867,14.909722038710026,90.10698878495603,-13.301129573105197,20.779681495370646,80.75500172516368,-13.301129573105197,20.779681495370646,80.75500172516368,-8.2241402720398,16.5499205351108,85.65927054015468,-8.2241402720398,16.5499205351108,85.65927054015468,12.213341248152918,-2.6543849809740028,136.79215459118024,30.96417484347521,-9.013467204360772,144.11972592121444,36.49952516638997,-7.305187222367744,115.00463708491291,34.6285817944521,1.8180695651355165,93.39266682007408,34.20981194010806,6.835614733699597,83.47312383053188,34.20981194010806,6.835614733699597,83.47312383053188,30.171138502405565,2.941361767763903,89.49329504526169,30.171138502405565,2.941361767763903,89.49329504526169,11.549153455769256,-5.747730715546724,141.17848492927027,11.193231068547291,-3.031634066289307,148.10384771750503,11.975891907252642,0.46678763212201524,154.6317110075979,13.432869529284948,4.375181676136168,163.42018144857974
5.71666438,15.6031,-11.2825,91.5914,5.3310449098467725,-10.76378036815519,90.9376500643243,2.0302773550731974,-1.2580479014495864,47.3834299924326,0.3897332513773357,0.8360100760848286,7.378076401687359,1.6861359000545508,1.7126354945387112,4.116120256699622,-8.509233316529528,11.446747828988983,2.6801311906434364,-10.486418573749301,13.499398909101945,2.1329819542884287,25.87515509015323,-11.80121963184481,92.24514993567568,27.633023689937673,-9.68932226005269,47.62818130571485,27.630535848275766,-26.085491310831365,11.040336138789108,27.500830559995038,-26.919595324146584,7.522249034017047,32.88529310915669,-14.213028242389615,4.311131307510312,34.30691996932577,-10.864303000934857,3.4216989338643025,14.890158607020833,-15.035296497696804,99.81583529803423,14.43268941681339,-14.55738108663335,109.71773904631814,13.91741443742909,-12.578461166989332,119.428750666518,13.140671945547897,-10.169027671904455,129.024410121421,12.46503444527172,-3.047288235550715,136.7490061053482,-8.31719697146097,-6.160980053754636,138.78094346723188,-12.14016725451614,3.9769163266363377,111.14302247386965,-11.527415575157407,14.91632323883847,90.31598682237313,-12.824926093312722,20.938278564507087,81.0531049089624,-12.824926093312722,20.938278564507087,81.0531049089624,-7.774363219039403,16.640399658143433,85.9253325630248,-7.774363219039403,16.640399658143433,85.9253325630248,12.46503444527172,-3.047288235550715,136.7490061053482,31.26071698691956,-9.34696670541547,144.01270749031144,36.65222173408095,-7.478027459992963,114.88050084031227,34.600582391381224,1.7123052644885783,93.31339480679885,34.04539613808477,6.739507394422976,83.40544507944367,34.04539613808477,6.739507394422976,83.40544507944367,30.10317745933746,2.773332949709234,89.44257377749206,30.10317745933746,2.773332949709234,89.44257377749206,11.82057836218763,-6.1520049258752,141.13024311352257,11.47715279166283,-3.4500138094674853,148.0617519237935,12.269555563582728,0.038402907180798085,154.5937928116449,13.741634899714862,3.93273254510655,163.385989328199
5.72499771,15.8051,-11.5699,91.5205,5.531282605616417,-11.073331711417731,90.87732747910393,2.1223448391929893,-1.4045412909943646,47.36735462964582,0.39265686536622835,0.8351609621590983,7.373646461729976,1.6879544218063522,1.712515320149792,4.111447293316897,-8.509104440274811,11.445561448621293,2.6802363988998836,-10.485997713881918,13.49834743612902,2.1325385267487302,26.07891739438358,-12.06646828858227,92.16367252089607,27.643903043634996,-10.173019573738243,47.52971936713774,27.629761732822804,-26.711122275095676,11.005812966635034,27.488389546482768,-27.54814748003611,7.488869328357067,32.70191865331473,-14.779917896028167,4.240486878232035,34.078217677358026,-11.415010497878466,3.3408909590022495,15.108413541574517,-15.33991166902821,99.73845247908733,14.664652963077621,-14.884023160303386,109.64201856696621,14.160518396952124,-12.927913671831456,119.35823506562183,13.396376999181184,-10.542244005573657,128.96084133726026,12.717316215487006,-3.4390759296382827,136.70221857151654,-8.052251614137344,-6.608307945682224,138.7773112053802,-11.87027057420981,3.7207809408971944,111.20958776593622,-11.10850460636915,14.922524808521175,90.52741792874582,-12.351030565931875,21.095242120175406,81.35669543479362,-12.351030565931875,21.095242120175406,81.35669543479362,-7.326465154901635,16.729523363222533,86.19537220837877,-7.326465154901635,16.729523363222533,86.19537220837877,12.717316215487006,-3.4390759296382827,136.70221857151654,31.557386180322652,-9.679123799508256,143.90211823344438,36.80356918745333,-7.650601029027544,114.75405859192907,34.57092958149617,1.6051011295354511,93.23293408176734,33.87982527924551,6.639855777963409,83.33737541616348,33.87982527924551,6.639855777963409,83.33737541616348,30.03491759838981,2.603203467538174,89.39052945386973,30.03491759838981,2.603203467538174,89.39052945386973,12.092592023195389,-6.55507052208792,141.07830409117793,11.761726842917748,-3.8671141730719985,148.015877903453,12.563922046863581,-0.38864153888816677,154.55202527713578,14.05117080468346,3.491710089986712,163.34784831168184
5.7333310399999995,16.0132,-11.8602,91.4459,5.738184330932157,-11.375954598654745,90.8125484375276,2.2145954681261704,-1.5535159109175751,47.34614621694401,0.38214345168080577,0.8516219096962443,7.366623816579121,1.6776691327968913,1.7333268997378921,4.105688465532683,-8.52220539836576,11.464917928606273,2.6846829780739005,-10.498682419229485,13.518147279635102,2.1371447575162996,26.288215669067846,-12.344445401345256,92.0792515624724,27.672672498129167,-10.651343862063756,47.431286449646166,27.62765762770429,-27.141925786934145,10.885924758583663,27.477246805092722,-27.97180147959454,7.3676620107530315,32.491275673823175,-15.123081536414238,4.122593240255487,33.81458728389685,-11.737622827170412,3.2206013720829634,15.328574415600919,-15.648007612471766,99.65667975923037,14.904538091363134,-15.216071947136337,109.56218347267867,14.419558761163922,-13.282731623329166,119.28393070669071,13.675942377767385,-10.919658035011619,128.89373283425505,12.99987418132878,-3.8343916409182848,136.6517592369232,-7.7558438133089265,-7.054239787854167,138.78664501319935,-11.58720696753355,3.4218428583994207,111.27630022420561,-10.67397374322223,14.852721582343406,90.72605645639354,-11.85333556284649,21.16526597380888,81.64259071720267,-11.85333556284649,21.16526597380888,81.64259071720267,-6.861964143660714,16.726379647337524,86.44894591528832,-6.861964143660714,16.726379647337524,86.44894591528832,12.99987418132878,-3.8343916409182848,136.6517592369232,31.88608436089251,-10.014911773807635,143.78178201250344,36.968930991589666,-7.828081658061825,114.61623442954732,34.56017244601455,1.4942289823823547,93.14290425390432,33.74878287320779,6.550969456926672,83.26770888545161,33.74878287320779,6.550969456926672,83.26770888545161,29.98952104489807,2.44880024200385,89.33060497495512,29.98952104489807,2.44880024200385,89.33060497495512,12.394162148757367,-6.9610552949554565,141.02290490140533,12.07626635767388,-4.2842712097014495,147.9654030634103,12.889125042072253,-0.812818604105014,154.5039647606642,14.390260240437392,3.0566789765669453,163.30221015823085
5.74166437,16.225,-12.1628,91.368,5.94880402451672,-11.691041595195276,90.74444960832558,2.3102162058272544,-1.715428376027468,47.32242844581808,0.3746686902657348,0.8548218031653221,7.358041180136617,1.670392557238401,1.7408814412676201,4.098365149933089,-8.532414385409732,11.470887508216721,2.6875946412447216,-10.508499741336228,13.524538307766024,2.14022333718927,26.501195975483284,-12.634558404804725,91.99155039167441,27.706894433359608,-11.142884499291474,47.33121785329886,27.630130635888676,-27.58604555535352,10.764548036458791,27.470529943499844,-28.40883548782717,7.245026166998535,32.28388455248546,-15.48238004230118,4.004821231660575,33.55387972200733,-12.07708889891812,3.100842184454275,15.552509201033752,-15.96837428068883,99.5715640714244,15.148234061108514,-15.56036574894644,109.47890830132093,14.682427290375857,-13.649777907061262,119.2060896603365,13.959347749835194,-11.30928540031323,128.82298260163037,13.286214948759474,-4.241967371116794,136.5976176317981,-7.455291844617092,-7.51291589820952,138.79210629967133,-11.300338149943874,3.1098230235650535,111.33997052939458,-10.236441907413543,14.768409860305646,90.92534391034252,-11.353364488775304,21.219470125855423,81.93174806505611,-11.353364488775304,21.219470125855423,81.93174806505611,-6.394907166013538,16.707872377148632,86.70435086499432,-6.394907166013538,16.707872377148632,86.70435086499432,13.286214948759474,-4.241967371116794,136.5976176317981,32.21819592849817,-10.362315083820146,143.65781797586902,37.13675253714109,-8.018158628055959,114.47632635809057,34.55175224735504,1.3692970619782852,93.051925516773,33.620232783383585,6.4465671282030765,83.1978877152561,33.620232783383585,6.4465671282030765,83.1978877152561,29.947313271398873,2.2797453822307157,89.26960983912983,29.947313271398873,2.2797453822307157,89.26960983912983,12.699572468046654,-7.37925787304316,140.96374703876094,12.394604842420463,-4.713629822939556,147.9111158463255,13.218050493289262,-1.2491570853729277,154.4520544191316,14.733000363947093,2.609536535673252,163.2526766081982
5.7499977,16.4462,-12.4763,91.2896,6.16885962641898,-12.01681460513064,90.67582249351798,2.415323830843643,-1.8883023748995864,47.29900482228494,0.37648740528936253,0.8468618125574516,7.350703198968269,1.6724252554361076,1.7372425073515079,4.09228991172322,-8.53308319314042,11.46589495796194,2.6917615109884285,-10.508727000988129,13.520015892940858,2.1445604383521077,26.723540373581024,-12.93578539486936,91.903377506482,27.75236440981726,-11.646570093869263,47.23231811384917,27.642400067302095,-28.042356036622316,10.644466429816163,27.473431987825133,-28.858120045785416,7.123746515782669,32.08544763980283,-15.856868772323317,3.8899657640598666,33.30193129456922,-12.432513047605827,2.9844112334650648,15.785770886826473,-16.29960265576187,99.48589752653092,15.401302608627102,-15.915464847210554,109.39498433246314,14.954749204539514,-14.027578426034129,119.12749962700214,14.252300956294652,-11.709608390720483,128.75137412817503,13.582303510014,-4.660247290472105,136.54256487454253,-7.144745764554347,-7.982017080614067,138.79650867839297,-11.003435591235956,2.787134373430998,111.40339619694421,-9.789298704428154,14.671853074039428,91.12802110133867,-10.844294648932891,21.260092119503284,82.22686664431637,-10.844294648932891,21.260092119503284,82.22686664431637,-5.91862219155575,16.676097943422345,86.9643025531236,-5.91862219155575,16.676097943422345,86.9643025531236,13.582303510014,-4.660247290472105,136.54256487454253,32.559463761728,-10.720452082230391,143.53300802950176,37.31241118164699,-8.220016200915367,114.33704884219438,34.55109354904392,1.231328554990304,92.96279541717647,33.49966836777505,6.3277592396049815,83.13073763683487,33.49966836777505,6.3277592396049815,83.13073763683487,29.913698080137486,2.0972858359965527,89.21041383144477,29.913698080137486,2.0972858359965527,89.21041383144477,13.014674867807729,-7.808093148146756,140.90360732708385,12.72269281822705,-5.153582808280614,147.85578920335595,13.556776334006718,-1.6960693288945725,154.39906183492712,15.085609956191297,2.1518294727951277,163.20200924213302
5.75833103,16.6821,-12.8151,91.2093,6.403628021771583,-12.368176677193645,90.6052733894066,2.534684761597812,-2.0872631006501283,47.27447376222226,0.3922075121879822,0.8124775921244911,7.34320687973495,1.6883192279178942,1.7072002219394355,4.086052342467077,-8.520110914127223,11.434262126051195,2.6958071308002873,-10.495359719362018,13.488810797573901,2.1487859258522577,26.960571978228415,-13.262023322806353,91.81332661059339,27.814342089709253,-12.176250793427526,47.133171319220594,27.670518500889454,-28.524744378086687,10.524280978517048,27.492044949622002,-29.333554166776775,7.0024258195394555,31.90152119956917,-16.260248935708162,3.7766281605927743,33.06415691348973,-12.817544604165287,2.869909515205827,16.03385147826593,-16.656115192653832,99.39828523007412,15.66922233202459,-16.295815806951264,109.30901724031301,15.241916663014303,-14.430606740133271,119.04676770141498,14.56008324686773,-12.135139904105003,128.6775160751251,13.893078408852645,-5.103782252294083,136.4852145749639,-6.819119294115811,-8.477076309810897,138.7983817445973,-10.691848848093363,2.438020196966299,111.46508052265396,-9.328433078496204,14.547240931408018,91.33253540575976,-10.322322419958555,21.271201226157768,82.52634424485368,-10.322322419958555,21.271201226157768,82.52634424485368,-5.42909021341303,16.615396919356154,87.22722879814332,-5.42909021341303,16.615396919356154,87.22722879814332,13.893078408852645,-5.103782252294083,136.4852145749639,32.91510862721664,-11.102955603082012,143.4060002470421,37.50107487318769,-8.447055306796416,114.1970661883161,34.56294588070445,1.0667829518721792,92.87417281402416,33.39162310309012,6.180958026894565,83.06490795453925,33.39162310309012,6.180958026894565,83.06490795453925,29.893395874024936,1.8876468654838396,89.15165062027575,29.893395874024936,1.8876468654838396,89.15165062027575,13.344559049071824,-8.262142676421929,140.84109715318482,13.065488796232279,-5.618729766764752,147.79803609826246,13.910093060611544,-2.168119019712434,154.34360258340485,15.452693195584354,1.6690634496218197,163.14882580641378
5.76666436,16.9091,-13.1488,91.1244,6.629893314550344,-12.700086634206325,90.53436521868178,2.6401107263440626,-2.2686260448430335,47.250530278586574,0.3790946459415223,0.82892530100488,7.340659799794025,1.6755485455928407,1.7280079090418465,4.084842299748248,-8.534708399312978,11.454653082724592,2.70513661219141,-10.508432130260443,13.510241672713475,2.156519744512031,27.188306685449653,-13.597513365793674,91.7144347813182,27.885453564693282,-12.681116372415909,47.027766690831875,27.691872543080276,-28.70894488266876,10.277582754911272,27.51034112835001,-29.466654781465035,6.74453705773551,31.9506240398158,-16.359119087073744,3.705300856581831,33.120241105854895,-12.911095450287956,2.828258931360118,16.27111833761956,-17.00246570385408,99.30824646702912,15.934340141099376,-16.663709168816837,109.22072362951067,15.534996286209369,-14.814821122052162,118.96277251650011,14.880388656413663,-12.53571680242636,128.599294264085,14.220794736641084,-5.519472229910397,136.42120513711592,-6.4747226130505116,-8.941206084741541,138.81124444543624,-10.381171683582217,2.0728041636288275,111.52245635310547,-8.882765356443368,14.372946212538961,91.51563785801677,-9.809062544736769,21.208090291516903,82.78802422258146,-9.809062544736769,21.208090291516903,82.78802422258146,-4.954837396714925,16.481096329582044,87.45820377479438,-4.954837396714925,16.481096329582044,87.45820377479438,14.220794736641084,-5.519472229910397,136.42120513711592,33.28909060021988,-11.451336978634107,143.2723409773889,37.693180194260655,-8.650846021038292,114.04892627472135,34.58497939872524,0.9235137112461356,92.77729667632332,33.32214137714824,6.0659799430555035,82.99421219254093,33.32214137714824,6.0659799430555035,82.99421219254093,29.890926478776926,1.7173200560522648,89.07980766563374,29.890926478776926,1.7173200560522648,89.07980766563374,13.691643219889132,-8.686617244482985,140.77310336903577,13.427869428186055,-6.050480169467157,147.73339906757025,14.283020046370545,-2.6040389388547114,154.27979286619353,15.832890373412596,1.2196561223412927,163.08960549386842
5.77499769,17.1555,-13.5035,91.0325,6.875564497647231,-13.053305196058199,90.45645701898997,2.764742849555316,-2.471614378087514,47.220441163450566,0.385040283275786,0.8235351603913732,7.333303074774605,1.6818142382472108,1.72700532328112,4.078827876209445,-8.530462976417468,11.453021785695583,2.709682572129747,-10.502697519903144,13.509615247572093,2.1594784982184017,27.435435502352767,-13.953694803941803,91.60854298101003,27.97665268496975,-13.206973261050708,46.916557198896676,27.73047160378736,-28.912834480459402,10.02793974144862,27.545600346799514,-29.619273386926935,6.484458891582392,32.017046405690515,-16.480440280086015,3.6317766917905603,33.19366259778196,-13.027403269479887,2.784319696130879,16.527882404479893,-17.369827590073427,99.21117410247716,16.21894591517392,-17.052644222924695,109.12527174157572,15.847515036444426,-15.22011490229219,118.8715148347757,15.220075327390024,-12.957422722147687,128.51370973789886,14.567721677044183,-5.9563901836954205,136.34984525589581,-6.110596643599926,-9.427349436323377,138.81653983299907,-10.051155550945532,1.6855698236319707,111.57279297873077,-8.418364685437695,14.175319308393851,91.69437115914447,-9.277431483656954,21.12059710621481,83.04719928747703,-9.277431483656954,21.12059710621481,83.04719928747703,-4.462108769996066,16.322867196102447,87.6854107559936,-4.462108769996066,16.322867196102447,87.6854107559936,14.567721677044183,-5.9563901836954205,136.34984525589581,33.68191623712099,-11.820132249622997,143.13137046367922,37.90283288758005,-8.875604859131027,113.89508576954408,34.62409073746283,0.7583216661628693,92.67601859263256,33.26952352117775,5.928453364955436,82.91982329402511,33.26952352117775,5.928453364955436,82.91982329402511,29.90588780390433,1.5247729946391524,89.00358074409966,29.90588780390433,1.5247729946391524,89.00358074409966,14.058026930563122,-9.132325595296425,140.69765765050857,13.80944685917315,-6.503501955197482,147.6612778095828,14.675002301897432,-3.0612399431673603,154.2085029866028,16.23206277254012,0.7489003086797723,163.02291927121385
5.78333102,17.3971,-13.8685,90.9381,7.116466019027664,-13.4165595743135,90.37605942236596,2.884939606689123,-2.6847839487927505,47.188708515009296,0.3865484496031102,0.8078223918243754,7.325636352095479,1.6836718380003748,1.7156344024140506,4.072508916488026,-8.53029040850798,11.441362893400644,2.7139282061459635,-10.500959454610502,13.499032765984122,2.162141570664762,27.677733980972334,-14.320440425686499,91.50014057763406,28.063740377987063,-13.743774029851911,46.80402713161529,27.761217422372425,-29.126434697317137,9.779886218679245,27.572685946404572,-29.781443395962384,6.226731376729847,32.07640799111789,-16.614506361134858,3.5604947284087514,33.260234327601154,-13.156828546921501,2.7425137031121034,16.779737232792126,-17.747455661433065,99.11157350548112,16.498659347551786,-17.451828083606664,109.02716620577178,16.155203473055536,-15.63564114989978,118.77749348871497,15.555008706272448,-13.389341057980076,128.42525391170267,14.910122843510878,-6.403557010247763,136.27560328026323,-5.750682908422563,-9.92333671897306,138.81868120335562,-9.72501529330955,1.2885498086698277,111.62042750526503,-7.9575948095338696,13.96637706311633,91.87301189764833,-8.749329480187772,21.020724259204112,83.30809492903754,-8.749329480187772,21.020724259204112,83.30809492903754,-3.9731184414006244,16.152454214926582,87.91312540045918,-3.9731184414006244,16.152454214926582,87.91312540045918,14.910122843510878,-6.403557010247763,136.27560328026323,34.069521869739305,-12.199411538660733,142.98756931706885,38.10662415130349,-9.11181900908433,113.74008567865144,34.65774646961429,0.5807546521363687,92.57476591261536,33.21168499139439,5.777933491144836,82.84611240108381,33.21168499139439,5.777933491144836,82.84611240108381,29.915851231033145,1.3197843806589304,88.92730776766273,29.915851231033145,1.3197843806589304,88.92730776766273,14.419798326428593,-9.588244812626652,140.61923914913243,14.186458532564595,-6.966736025389133,147.58614346321167,15.062471817923651,-3.5286918143860784,154.13419387761462,16.626853194551643,0.2677623635491093,162.95321803393134
5.79166435,17.6454,-14.2414,90.8406,7.364074074868906,-13.788004623158987,90.29256289953464,3.011647437226368,-2.906441559631231,47.1547364602203,0.3944276035062795,0.7834125964035543,7.317066895608789,1.6918835865212323,1.6955975758252548,4.065295627660176,-8.523954127085368,11.420828403104357,2.7172948244729724,-10.493092746156163,13.479540340953207,2.1639336939780773,27.92672592513109,-14.694795376841014,91.38863710046535,28.15826170179551,-14.288435007502715,46.68958381424511,27.796549117490724,-29.346635128956464,9.532827325033011,27.604083009797762,-29.95007490634906,5.970762323373174,32.140557287506354,-16.75800096597232,3.4908132756463375,33.33163222534021,-13.295993488223807,2.7021952844253327,17.038383976640112,-18.132997930677664,99.00883726686668,16.78515643972707,-17.858941959914425,108.92579991577476,16.469629832219837,-16.059120810570658,118.68010490540523,15.89662596566387,-13.829247902644669,128.33332780886133,15.259048797208202,-6.858799390300006,136.1978929358735,-5.383732499201518,-10.428156566794913,138.8171024607496,-9.392167114022135,0.8826049933208289,111.66483098102039,-7.4906833807719835,13.74706101975614,92.05101867958095,-8.215432544641187,20.909341798790113,83.57016179347472,-8.215432544641187,20.909341798790113,83.57016179347472,-3.4782362323432414,15.97103240039507,88.14078780511011,-3.4782362323432414,15.97103240039507,88.14078780511011,15.259048797208202,-6.858799390300006,136.1978929358735,34.46328143963957,-12.58597699125623,142.84032277611112,38.31523380448812,-9.356006088033748,113.5832471774927,34.69573051568239,0.39416941330852495,92.47294694572551,33.157958276796904,5.617728361275242,82.77252688836232,33.157958276796904,5.617728361275242,82.77252688836232,29.930491605956348,1.1054747710773478,88.85048519523838,29.930491605956348,1.1054747710773478,88.85048519523838,14.788178854478035,-10.052236952053011,140.53725523098305,14.569979537262471,-7.4380710536863655,147.50740854466875,15.456312918830875,-4.004249557634504,154.05628589673984,17.02793759008405,-0.22154274703778043,162.87992831720166
5.79999768,17.9212,-14.6187,90.7548,7.642492373427551,-14.153847703337076,90.16857761921894,3.138136480988578,-3.1330848034335794,47.08171575451171,0.36738894492335605,0.7592883500314676,7.273711923428024,1.670342028450135,1.6918304442976564,4.029922727418256,-8.552924108300239,11.414261044043878,2.718536540861644,-10.51401563967308,13.477894419537225,2.1550229367422173,28.199907626572447,-15.083552296662925,91.34102238078107,28.255521223516535,-14.538699177316492,46.642877626706834,27.72741714248415,-29.41486672349169,9.414856931164607,27.527664748784673,-30.000012345361135,5.850141875789445,32.1167319562758,-16.815258261392028,3.428720204458828,33.3213800675343,-13.354632269800083,2.6547923693478324,17.27925225446638,-18.524023257292882,98.91381074288738,17.049896492447758,-18.258810835987912,108.83159463579483,16.764665198519804,-16.46912774453421,118.58869751428949,16.23078292195572,-14.24756740988758,128.24607906596776,15.612789781734545,-7.2784581101311385,136.11339384247748,-5.008905278301501,-10.923068307852333,138.79434483001003,-9.056923013267134,0.44398857830106664,111.67147087085229,-7.054111462552724,13.447087335616857,92.15943174522992,-7.712150307626407,20.68764451682547,83.73982501956354,-7.712150307626407,20.68764451682547,83.73982501956354,-3.0149583639022834,15.690999436676519,88.28828371901334,-3.0149583639022834,15.690999436676519,88.28828371901334,15.612789781734545,-7.2784581101311385,136.11339384247748,34.86711469188404,-12.94587157422783,142.6614000826526,38.52813193691612,-9.596152537688145,113.39327652223584,34.74744326354994,0.20057376887999645,92.3328385146996,33.1369511236092,5.458130204353924,82.6626329209255,33.1369511236092,5.458130204353924,82.6626329209255,29.961219980186048,0.9039812022925662,88.73659450505491,29.961219980186048,0.9039812022925662,88.73659450505491,15.164467867345028,-10.47282343211528,140.45446107793734,14.968494838098591,-7.855042431638822,147.42391792247355,15.863466540185058,-4.4276148328439255,153.9749695334734,17.440573037135046,-0.6670553027825936,162.80709654821584
5.80833101,18.2242,-14.9981,90.692,7.948260772473029,-14.521871304657429,90.0676170791055,3.2919202109338856,-3.3621816602122276,47.032701930303034,0.3677217950191234,0.7325075255173861,7.255983063777215,1.6761551319863104,1.6853817698202236,4.020318878349869,-8.554586487566361,11.404813551617423,2.745511931026747,-10.5074765329434,13.473453001277687,2.171960204609202,28.500139227526972,-15.474328695342573,91.31638292089448,28.38006583762247,-14.790252056296067,46.620278797795024,27.686073310225265,-29.483485156607657,9.322396081455409,27.479081313023187,-30.05031448158803,5.7551354135147275,32.120578614857514,-16.873336558684144,3.3920195432349094,33.33875562771625,-13.414205035630465,2.63272546900616,17.54739257415668,-18.917110016629028,98.84162546086534,17.341896246977498,-18.660819288097557,108.7601669545722,17.086918574774003,-16.881364493355314,118.51997771403606,16.59210920280446,-14.668210670981214,128.1813695849997,15.993495352491797,-7.700546479897801,136.0514622734315,-4.606564608854354,-11.420953585577877,138.79392273749446,-8.694540616626156,0.0028918759023888185,111.70091757615994,-6.59088249738887,13.144155957845014,92.29232919147798,-7.1824522595318125,20.46243068733503,83.93521479528296,-7.1824522595318125,20.46243068733503,83.93521479528296,-2.525240534740523,15.407687153490526,88.4605321887138,-2.525240534740523,15.407687153490526,88.4605321887138,15.993495352491797,-7.700546479897801,136.0514622734315,35.2973634051136,-13.307673872081175,142.50481717261334,38.76688009250259,-9.838380499252676,113.22729714291859,34.825090145483166,0.00448472490192664,92.21797067982833,33.141850368904116,5.2958338594378676,82.57863517255129,33.141850368904116,5.2958338594378676,82.57863517255129,30.01804597331925,0.6998820351282603,88.6480357756186,30.01804597331925,0.6998820351282603,88.6480357756186,15.567799603077868,-10.895880994430728,140.39409368320662,15.393928607292228,-8.274565828637073,147.36280857053734,16.297490176545434,-4.853646613334616,153.91608253974107,17.880140891597087,-1.1154530919815695,162.75670844504103
5.81666434,18.5376,-15.3917,90.6554,8.264582213992355,-14.904087386955863,89.99289391099337,3.4562795111055804,-3.6057870945297275,47.01088909654137,0.37871206931533674,0.690955368840326,7.267067406438329,1.692621247231854,1.664116476043763,4.039670626491166,-8.545509187189882,11.380491513304191,2.8014047652683747,-10.490015257186101,13.454247532197757,2.217930341878136,28.810617786007647,-15.879312613044137,91.31790608900663,28.515045688547538,-15.055422653666763,46.62497661777997,27.655500967120627,-29.564804744536524,9.258630878558769,27.44130606849889,-30.113298635892043,5.688929933080268,32.13520144244547,-16.94459992329741,3.3838743078617863,33.36689732665133,-13.487088166529302,2.639151997036698,17.82598203364741,-19.32434461016237,98.79548655940617,17.644347031890245,-19.077039443270294,108.71472180820258,17.419608454560073,-17.307888277155573,118.47714854358424,16.963857119784446,-15.103219129766941,128.14240093096672,16.384492865156286,-8.137091028769277,136.01529354340275,-4.193405645102075,-11.933658065419612,138.81906965388785,-8.321714375702516,-0.4525325833606164,111.75641002239443,-6.117611563611453,12.82637261846215,92.45293599115496,-6.642885602141074,20.221770822670077,84.15952695647513,-6.642885602141074,20.221770822670077,84.15952695647513,-2.0256787299810277,15.109133278607898,88.66073666015346,-2.0256787299810277,15.109133278607898,88.66073666015346,16.384492865156286,-8.137091028769277,136.01529354340275,35.73735540974242,-13.683508214691017,142.3736704251287,39.014193242900646,-10.09475283222518,113.08835174391908,34.91098777363514,-0.20608258840885263,92.13150541805098,33.15479484074703,5.118891873470384,82.52375364181988,33.15479484074703,5.118891873470384,82.52375364181988,30.083213181919845,0.4812295229090544,88.58807757686048,30.083213181919845,0.4812295229090544,88.58807757686048,15.981481831583986,-11.333426248475021,140.35935274673867,15.829624054098595,-8.708647325730462,147.32727828628293,16.741772755740023,-5.294350456754589,153.88281587972983,18.330082383324903,-1.5787419287703317,162.7319438751931
5.82499767,18.8506,-15.7988,90.6393,8.58065770807387,-15.299777678652362,89.93870250264229,3.6203916484315606,-3.863167663400814,47.010578688217215,0.389505135714423,0.6353718493861642,7.301268768705434,1.708889454293527,1.6287740850770867,4.082283391041871,-8.536526641730276,11.342052747736632,2.8805231650154166,-10.472463641172904,13.421038075464573,2.287245636213737,29.120542291926128,-16.29782232134764,91.33989749735773,28.649706072456244,-15.333446654423565,46.65128155238265,27.624954437076227,-29.658058610668526,9.217871928374443,27.403594783184122,-30.1881845115409,5.645833815972361,32.14985955864554,-17.028257940247315,3.398643499293516,33.39506529219422,-13.572487929724216,2.668444940607815,18.104209388068533,-19.745026376224743,98.76969368029057,17.94642910212306,-19.50675180403166,108.68955807704586,17.75190966679273,-17.747958998596378,118.45450503528521,17.33519314491663,-15.551828044826623,128.12346233246518,16.774948599921508,-8.58730724202029,135.9991602560197,-3.7802738997471756,-12.46036082249823,138.86399407176916,-7.949195109305112,-0.9214779461422697,111.83214249711307,-5.6449842667422745,12.494518611284102,92.63544614060058,-6.1041196008288665,19.96644084409994,84.40695698872041,-6.1041196008288665,19.96644084409994,84.40695698872041,-1.526949404824082,14.796120939992376,88.88309995334505,-1.526949404824082,14.796120939992376,88.88309995334505,16.774948599921508,-8.58730724202029,135.9991602560197,36.17621205279906,-14.072633386927166,142.26231939147516,39.25930452624197,-10.364665615723016,112.97081486460063,34.994462989957654,-0.4305648445308936,92.06779425086673,33.16516066803384,4.9278422887166915,82.4923262810895,33.16516066803384,4.9278422887166915,82.4923262810895,30.146060555258476,0.2485978942153434,88.55106023789364,30.146060555258476,0.2485978942153434,88.55106023789364,16.39466786011614,-11.784662964638283,140.34451755248855,16.26472645823309,-9.156471090921391,147.31159974014108,17.18545112814862,-5.748895205256872,153.86943506653856,18.779526306043437,-2.056071294602994,162.7270598259491
5.833331,19.1577,-16.214,90.6284,8.893339639373762,-15.690443757063761,89.86657977338002,3.7999110330439123,-4.166856129148394,46.97732686004547,0.42661312322222944,0.5355740535913034,7.30349680447798,1.7507994271536187,1.5633068858412784,4.09728631519379,-8.486732231039994,11.295979839681937,2.9888713563168974,-10.416899371519847,13.384110428460243,2.4090647170653328,29.422060360626233,-16.737556242936236,91.39022022661997,28.82930348555103,-15.439813543262229,46.711493684534034,27.71071465947879,-29.64001307682417,9.2333951210368,27.485850794424252,-30.18404332044599,5.663667235074409,32.20285182336479,-17.023218282015435,3.360811051811273,33.440984615055235,-13.565782696812139,2.6264814365084646,18.353198916419725,-20.172941606000357,98.74706136264456,18.20922075102699,-19.94314511361999,108.66733569858809,18.04798392940407,-18.193555454055577,118.43454193941756,17.692646095242466,-15.999811535843719,128.10649115792165,17.175093367917075,-9.027823856536354,135.97850289063803,-3.360700669080444,-12.928840149180601,138.9429967756952,-7.515121197295697,-1.4385524198272464,111.88822271248382,-5.137547311240259,12.0165422519613,92.72787114917594,-5.587288737924879,19.543499382535714,84.54917260756905,-5.587288737924879,19.543499382535714,84.54917260756905,-1.014770818903413,14.345035175103813,88.9973857901898,-1.014770818903413,14.345035175103813,88.9973857901898,17.175093367917075,-9.027823856536354,135.97850289063803,36.62321808012525,-14.44714730601454,142.15315813351057,39.610440229629624,-10.62955072000232,112.86580281118796,35.15669482277862,-0.7226338648270723,91.98929322467906,33.27101864965664,4.6690828468564,82.44350477626176,33.27101864965664,4.6690828468564,82.44350477626176,30.291223260179677,-0.042895532156015825,88.49632477576078,30.291223260179677,-0.042895532156015825,88.49632477576078,16.821248460112347,-12.221084562184059,140.32910134820534,16.72456197323812,-9.585315277231345,147.29386146627516,17.663744628057223,-6.176698940691872,153.84853782088362,19.268414032593462,-2.4949444083154377,162.70885723678907
5.8416643299999995,19.4495,-16.6274,90.6379,9.191152433265243,-16.079131240865646,89.81492893257155,3.964769260384129,-4.468877448585225,46.96506279440184,0.449097216089553,0.43703832193715986,7.328251365888754,1.7781039696464433,1.4988932646740114,4.1351815305757995,-8.451252296317431,11.250358091289115,3.1204080980924154,-10.375554578475153,13.347618414342808,2.554218952022567,29.707847566734756,-17.175668759134357,91.46087106742846,28.993671698341267,-15.544736825143278,46.794842409110366,27.78263620622795,-29.62042527237179,9.272673395800389,27.554458075730697,-30.178340508624018,5.70529968766153,32.24130683576297,-17.016544541175485,3.347093460072564,33.47214719184593,-13.557369603527597,2.608707119336016,18.58689440091599,-20.59890040126288,98.74445284925089,18.4567116645381,-20.377746611077,108.66511424336346,18.328751227817662,-18.637602034212904,118.43450020250361,18.03480526902851,-16.446575223616833,128.10912558692863,17.55983578145976,-9.467398698812694,135.97745074337084,-2.9559599760708934,-13.39669271247117,139.04139621114845,-7.095928085416084,-1.9533150078588584,111.96453353462726,-4.645614128758646,11.542289629654384,92.84187369814687,-5.086408724471944,19.12452761056791,84.7139078913754,-5.086408724471944,19.12452761056791,84.7139078913754,-0.5182465319335243,13.897998691092432,89.13361833328368,-0.5182465319335243,13.897998691092432,89.13361833328368,17.55983578145976,-9.467398698812694,135.97745074337084,37.05430335666617,-14.820680240428105,142.06293343050632,39.942477904452055,-10.891162824262873,112.78044613353008,35.29927348085983,-1.011828598892432,91.93216298637003,33.35680275458761,4.413187528737295,82.41667727499424,33.35680275458761,4.413187528737295,82.41667727499424,30.416655573152536,-0.33152174464368245,88.46331429207704,30.416655573152536,-0.33152174464368245,88.46331429207704,17.23250619739823,-12.656710942278263,140.333018427276,17.169028796097873,-10.013617280420645,147.29538426201006,18.12665439677865,-6.604228624097011,153.84698969133441,19.742010865251643,-2.9339905231810723,162.71014467411268
5.84999766,19.7281,-17.0362,90.6603,9.476182910677943,-16.46325872314474,89.77626996830324,4.1167316374208065,-4.766827878882333,46.966295782315115,0.45855244658506455,0.34201134013095125,7.368034879442014,1.7923706883984631,1.4377979009598452,4.188464066500022,-8.42871303049017,11.207244315699162,3.267635439117709,-10.347097917496091,13.313577387052366,2.7152128628854686,29.98001708932206,-17.60914127685526,91.54433003169677,29.14481289615384,-15.645331226376552,46.89379827348192,27.842966120897586,-29.59664907299649,9.328246167778232,27.61167460566354,-30.168465933906944,5.763274981897586,32.26716278168555,-17.005537545760955,3.349914857204262,33.490405526185974,-13.544527068815334,2.607515176372085,18.80749638208659,-21.020109574613354,98.75437539095658,18.69111031493882,-20.807768684428233,108.67540077496449,18.596394475473915,-19.077317840619756,118.44688724465358,18.36381652578669,-16.889347293187495,128.12387393583427,17.931181494527383,-9.90326935163353,135.98851529258158,-2.563941510965517,-13.861622892054628,139.15179825158975,-6.6899605102579285,-2.4636526935654253,112.05366244464115,-4.167997588395034,11.073826322448326,92.96995559424815,-4.600547508238523,18.71153821776429,84.89364960686403,-4.600547508238523,18.71153821776429,84.89364960686403,-0.0362823473974867,13.457146499755146,89.28425343424514,-0.0362823473974867,13.457146499755146,89.28425343424514,17.931181494527383,-9.90326935163353,135.98851529258158,37.47160585420232,-15.190018746762199,141.98410413079662,40.25737071252766,-11.146264579564333,112.70724828817941,35.42396646239467,-1.2950696886337312,91.88889905449378,33.42417366856332,4.163168010700282,82.4043362901818,33.42417366856332,4.163168010700282,82.4043362901818,30.524117552433687,-0.6143219420880124,88.44451965064943,30.524117552433687,-0.6143219420880124,88.44451965064943,17.63051861204852,-13.088786825806515,140.34877988831866,17.600157079418146,-10.438621676969827,147.30868034477118,18.57614892316765,-7.028709124824898,153.85730217002256,20.20222664748076,-3.3704002116270897,162.72342802162822
5.85833099,19.9901,-17.4287,90.6684,9.745043325335919,-16.830911378176307,89.72339348862612,4.252781862404885,-5.048667502261015,46.95380270824502,0.45218135873292953,0.2626204239614518,7.395612202785195,1.7908232095374044,1.3921152156238399,4.229894376685985,-8.421716935317175,11.178907677661625,3.403288004381746,-10.334094347804836,13.294286839839515,2.864777171314694,30.235156674664083,-18.02648862182369,91.6134065113739,29.279412966391355,-15.730112080337571,46.98116131808557,27.888167137123013,-29.557039658193005,9.372847230781893,27.65396366757237,-30.14274305049107,5.810321425303289,32.27722809269538,-16.9786274174573,3.342114250954295,33.492657504305534,-13.515712655660462,2.5957722934558967,19.011514132036137,-21.424856934649927,98.74962530357685,18.90891680980379,-21.22148581333818,108.67099078504597,18.847437083384552,-19.500962048098355,118.44449564547779,18.676233970397412,-17.31636698935167,128.1235251920699,18.28582217054331,-10.323653545814771,135.98447800131083,-2.188064598855444,-14.311353111297214,139.2468700024796,-6.3001931047810675,-2.95708056302416,112.12828567935745,-3.7071809781410625,10.623695502087935,93.08490594202152,-4.131937082851584,18.31712348440063,85.061240385473,-4.131937082851584,18.31712348440063,85.061240385473,0.42872602143030036,13.034939747569439,89.42213912006453,0.42872602143030036,13.034939747569439,89.42213912006453,18.28582217054331,-10.323653545814771,135.98447800131083,37.87165396476315,-15.543847676750717,141.88953981333867,40.55277441708709,-11.384004624932706,112.61917902730852,35.52936979476662,-1.5616236326585167,91.83221821330157,33.47217172278506,3.9296997654134245,82.37908305816458,33.47217172278506,3.9296997654134245,82.37908305816458,30.612341743433202,-0.8804989069184602,88.41248276112317,30.612341743433202,-0.8804989069184602,88.41248276112317,18.01190076647576,-13.505517157879304,140.34917021389734,18.014607579907672,-10.848522383165047,147.3065319942565,19.008955203937955,-7.438344770204511,153.8522537232294,20.64585721640131,-3.7924020482635825,162.7214810828318
5.86666432,20.2411,-17.7927,90.6697,9.99946929080123,-17.178740689339204,89.69829421905695,4.4295444269092075,-5.434420884422774,46.92831652932177,0.5280204120796381,0.10487766097193862,7.411243488967479,1.8632596931544831,1.2830184367896216,4.261860975167284,-8.319630595029928,11.114627183588796,3.6225051832473616,-10.23434418749474,13.24100566563435,3.138359859171904,30.48273070919877,-18.406659310660796,91.64110578094306,29.462614279733288,-15.939789290862636,47.01938442210533,27.969115825864126,-29.60391443468464,9.355530050675668,27.721110900281747,-30.186306505620195,5.793395455212117,32.32582644772313,-17.016732008550782,3.3196405576342376,33.53617710007674,-13.551837361637391,2.574234625448211,19.235157478544565,-21.804960073295298,98.73957928672222,19.15166404842847,-21.62856359152595,108.66164016986272,19.12031975685616,-19.933113072794903,118.43966881137939,18.99857934613907,-17.761862457229682,128.1224488397187,18.660083607907165,-10.768382821010952,135.98512681601866,-1.7939064281842256,-14.733433035473865,139.39652788306745,-5.847324377433146,-3.5397699714303883,112.20243970608722,-3.1886052710139654,9.995465843503759,93.1357119745837,-3.6395065397960042,17.697492904357254,85.12172869343348,-3.6395065397960042,17.697492904357254,85.12172869343348,0.9416427206361075,12.435656512077504,89.48575206508112,0.9416427206361075,12.435656512077504,89.48575206508112,18.660083607907165,-10.768382821010952,135.98512681601866,38.267975672148694,-15.95499910685429,141.84640390727435,40.78188673732033,-11.708802194389207,112.57360450959152,35.74180512570394,-1.8716295878818023,91.79767818372035,33.632739151490064,3.597619750653922,82.34317591124699,33.632739151490064,3.597619750653922,82.34317591124699,30.814374806160224,-1.2248944473850454,88.38624880344763,30.814374806160224,-1.2248944473850454,88.38624880344763,18.407172926668895,-13.949753437984752,140.35144612142585,18.44941262622451,-11.28283792724852,147.30488332678522,19.475727518599534,-7.864999879927295,153.84166941220002,21.142928359367048,-4.220521014991277,162.7058532802151
5.87499765,20.4766,-18.1416,90.6851,10.238476683662137,-17.5116346931056,89.68732774062995,4.591379246073244,-5.806250503835178,46.91679613577431,0.5870730156748101,-0.04051019281586221,7.442417737006856,1.9187297163482295,1.185900852393744,4.309991165905873,-8.234038141054196,11.05903731729002,3.85938914723348,-10.150904386035005,13.195197662959616,3.429909157778876,30.714723316337867,-18.771565306894402,91.68287225937006,29.630680112316803,-16.133539142675424,47.072450040580065,28.035852778677263,-29.633912070477418,9.353738022854081,27.774099754605228,-30.212925523949135,5.792036376353087,32.359632978976215,-17.037618960250825,3.3131771627715714,33.56475677031082,-13.57067643999047,2.568825210822712,19.443385595860036,-22.169935240790295,98.74351709874742,19.37893605753212,-22.02061197932115,108.66616431917168,19.37762848537094,-20.350369015198787,118.4485804711995,19.305253577379165,-18.192644910268218,128.13487840178655,19.018327574035126,-11.198575582265276,135.99908271307535,-1.4144343908931667,-15.14214500305291,139.55934780826257,-5.409295371634024,-4.1081581758990655,112.29143732574211,-2.6863393454226014,9.383223794623055,93.20270700534653,-3.164665839124226,17.093956015769947,85.19869093776806,-3.164665839124226,17.093956015769947,85.19869093776806,1.4376338385663838,11.85297772607456,89.56555880815692,1.4376338385663838,11.85297772607456,89.56555880815692,19.018327574035126,-11.198575582265276,135.99908271307535,38.648456696889234,-16.350602059704695,141.81626782581142,40.995350854633706,-12.01723807488878,112.5423756003583,35.93869894160568,-2.164991929480067,91.7776213383703,33.778083412764936,3.2818836124429636,82.32184277718366,33.778083412764936,3.2818836124429636,82.32184277718366,31.001210802003598,-1.5528367418931248,88.37436360347874,31.001210802003598,-1.5528367418931248,88.37436360347874,18.786609048636603,-14.379546344160651,140.36686918095057,18.868219542286948,-11.702846636585274,147.3161950407223,19.92627680850378,-8.277427430972,153.84394577047,21.62362488543544,-4.634531124373227,162.70305726607185
5.88333098,20.7023,-18.4869,90.7103,10.467792953481975,-17.840598120331517,89.68622275432472,4.744382777119035,-6.175054842051386,46.914949939201726,0.6355226530848839,-0.18443887361399547,7.484827336173652,1.963468778599589,1.0897715656692928,4.3699538736150245,-8.158163322112815,11.001648673305564,4.109537244068597,-10.0768812925367,13.146467666722573,3.7349933609920116,30.936807046518027,-19.13320187966848,91.73437724567529,29.789266933921677,-16.32349035739402,47.13602777956185,28.09325632999947,-29.659242957012907,9.363206461540848,27.817769521418178,-30.23480719233545,5.801981577752228,32.384101877209936,-17.05371909470427,3.318418335365402,33.58401218307858,-13.584719769945632,2.5752275373233777,19.641726875154834,-22.531201208699244,98.75715748194101,19.596297070159842,-22.40900702061215,108.68028117126464,19.625037157935605,-20.764064460084853,118.46694132784107,19.602062339825277,-18.620007757360604,128.15651675990392,19.366722208692075,-11.625480728426949,136.0220268139433,-1.0436949074128528,-15.547629310089288,139.73101757828545,-4.979557055963406,-4.67225153904848,112.39090292737811,-2.1930582225311337,8.776789722204121,93.28147552506158,-2.6996504257326657,16.4963288390812,85.28769412990671,-2.6996504257326657,16.4963288390812,85.28769412990671,1.9241580027344565,11.276476401482597,89.65714339729686,1.9241580027344565,11.276476401482597,89.65714339729686,19.366722208692075,-11.625480728426949,136.0220268139433,39.01899582749451,-16.742867111845086,141.7948499581708,41.19881888196542,-12.321693763103085,112.52117032421341,36.12588842066194,-2.4538033011995672,91.76781838755863,33.91418601825543,2.9705234929509983,82.31088906857175,33.91418601825543,2.9705234929509983,82.31088906857175,31.178661820854156,-1.8761345564789929,88.3726845015348,31.178661820854156,-1.8761345564789929,88.3726845015348,19.156232159804446,-14.806117344379402,140.39113104119423,19.27720012511433,-12.119747540506374,147.33615051781976,20.366956662033097,-8.686852138728863,153.8547524655688,22.094502481988037,-5.045707194217736,162.7087453173514
5.89166431,20.9038,-18.8209,90.7404,10.672992809540425,-18.158390238366728,89.69004774604836,4.873826562570327,-6.533643894985028,46.91787167863233,0.6586073845471763,-0.31974795119638255,7.5335574892117805,1.9826824368602098,1.0018551012208365,4.436836566803091,-8.107224153185072,10.949196409864568,4.367938863569819,-10.027579837365916,13.10146200939767,4.048568983648838,31.134607190459576,-19.483409761633276,91.79075225395162,29.924037993562596,-16.501343277871626,47.20526241750427,28.127735091549415,-29.67152092533638,9.379021574559829,27.838568684352563,-30.243572198735105,5.81831518773828,32.38507053593968,-17.056434213505376,3.330490099026022,33.579620068212584,-13.585311857242974,2.588577285818204,19.81593689837359,-22.88114163533476,98.77557857233515,19.78946581565871,-22.786179676100076,108.69906891336326,19.848158734642393,-21.166671870840183,118.48983643436812,19.874489636042746,-19.036461132860186,128.18245671661512,19.690409134615184,-12.04164667366376,136.04907776992707,-0.6963573689897196,-15.94348496683839,139.90658970139395,-4.573247910505478,-5.225650265581528,112.49592643532831,-1.7245618290847133,8.18280932220835,93.36716010469095,-2.260652014931062,15.911267918399524,85.38392793529603,-2.260652014931062,15.911267918399524,85.38392793529603,2.3852818824458772,10.713021804804574,89.75566515492199,2.3852818824458772,10.713021804804574,89.75566515492199,19.690409134615184,-12.04164667366376,136.04907776992707,39.364953885543784,-17.1234790783856,141.77727618601105,41.377992273034096,-12.613694158176255,112.50516935947834,36.288941600453754,-2.7297944317939713,91.76338564421582,34.026509259454585,2.671722070862595,82.3054006471462,34.026509259454585,2.671722070862595,82.3054006471462,31.332328779045028,-2.1867682503451977,88.37623371118893,31.332328779045028,-2.1867682503451977,88.37623371118893,19.50131406996489,-15.22204015602294,140.4193371953951,19.66148028765828,-12.526132128787602,147.3598658635801,20.782718901235363,-9.085839955286533,153.8692226086718,22.540322074910392,-5.4465699008395685,162.7180691459948
5.89999764,21.1128,-19.1527,90.7763,10.882124610766809,-18.498763570771672,89.71931228168613,5.0421231227110175,-6.938926897851864,46.935101865167695,0.7358026742568056,-0.5183327267479605,7.593821327096606,2.0388281329175424,0.8516790277506441,4.509233463180646,-8.027967425377657,10.821103995951422,4.684601621359399,-9.95147526142292,12.978841806537119,4.427122631262495,31.34347538923319,-19.806636429228327,91.83328771831388,30.035216339326084,-16.7710678664207,47.25416834602446,28.136232468192485,-29.70436098702,9.351284959613949,27.839297838191406,-30.268557294972723,5.789964671406408,32.378540161398796,-17.075305238913003,3.3213739162428926,33.57075221561248,-13.60284661886025,2.5819584921348184,20.023111877429358,-23.215297949754437,98.81004014072397,20.012004189502683,-23.140904212036897,108.73373507917594,20.089680393284766,-21.54496611447979,118.52824002003598,20.144825302825872,-19.4371327730884,128.2256302196861,19.999488239529082,-12.454105637759515,136.1035265703176,-0.37100283532962663,-16.32877213031051,140.072788690738,-4.146928549282475,-5.829865957513,112.56347979688348,-1.2468873668866096,7.466494397122386,93.36431146333089,-1.8009104565618252,15.151317703418655,85.34028441963417,-1.8009104565618252,15.151317703418655,85.34028441963417,2.863036921837742,10.015187105146499,89.76592652929196,2.863036921837742,10.015187105146499,89.76592652929196,19.999488239529082,-12.454105637759515,136.1035265703176,39.68977412429191,-17.57798655657441,141.73943598638473,41.7111462983311,-12.953697921181186,112.48577415080263,36.533043597222516,-3.067001275957404,91.76737691303124,34.22776867988481,2.3097292909075335,82.3056150898982,34.22776867988481,2.3097292909075335,82.3056150898982,31.569382516537296,-2.5573151627711908,88.38536936504795,31.569382516537296,-2.5573151627711908,88.38536936504795,19.827643710326807,-15.640986228215269,140.46977079756365,20.031853734065894,-12.941508180957445,147.40775523406086,21.194207274970466,-9.49180256784446,153.90490668152637,23.00314521828731,-5.836704883574413,162.73686823726655
5.90833097,21.3334,-19.4878,90.8178,11.102871551875614,-18.842381840894912,89.7541751215701,5.222314090473736,-7.3476307622045045,46.95798552679313,0.8242026274478285,-0.7209400656945268,7.661059875266801,2.106224900177245,0.697244139753679,4.589470336405376,-7.9354721927388665,10.684656904458327,5.009549806904403,-9.861529457935145,12.846626946078572,4.814103560531683,31.563928448124386,-20.133218159105088,91.88142487842991,30.158036626417775,-17.04404017923332,47.30896084687412,28.156729447403453,-29.73983867416719,9.331121916239056,27.852063334865125,-30.296169923862244,5.769217377360519,32.38419365063589,-17.096868294074433,3.3199741704183197,33.574096290458805,-13.623080684168713,2.583085461990807,20.241868305995688,-23.55274448420515,98.85010277416224,20.24615505321789,-23.498904055545356,108.77393579736653,20.342860410600107,-21.926526236222873,118.57208129065026,20.4268679338034,-19.841063217565736,128.2740999349458,20.320323430885693,-12.869840043356024,136.1630629511007,-0.03314898119813847,-16.717641581726042,140.24418693008732,-3.7070694318243325,-6.437542746326253,112.63859695093849,-0.7555749779689926,6.7470938182019395,93.37034478863359,-1.3277890782043498,14.38783496579589,85.30560012002687,-1.3277890782043498,14.38783496579589,85.30560012002687,3.3538436117723367,9.314572240443459,89.78475979896837,3.3538436117723367,9.314572240443459,89.78475979896837,20.320323430885693,-12.869840043356024,136.1630629511007,40.02593545662363,-18.03555473198295,141.70645859698385,42.0551279592395,-13.295574199943033,112.47186121676994,36.788656908430326,-3.406479718205679,91.77689576035371,34.441115269200964,1.9452913328501573,82.3113764560562,34.441115269200964,1.9452913328501573,82.3113764560562,31.8183044187144,-2.9301367363265145,88.39985862640195,31.8183044187144,-2.9301367363265145,88.39985862640195,20.165745915818473,-16.063199420307722,140.52521709480885,20.41399500864266,-13.360168818316474,147.4603817976195,21.6173692848443,-9.901059265249806,153.94505318125638,23.477528012503953,-6.230146030254106,162.75979912288426
5.9166643,21.5589,-19.8153,90.8606,11.32853509709171,-19.178325849913904,89.79033241875487,5.407818288100542,-7.748744224079271,46.98222712809626,0.9173359237281398,-0.9164773178291181,7.730979036512984,2.1784195709260326,0.5496301077812,4.673253264809388,-7.8361483000866885,10.550959045360363,5.3383929788706235,-9.764141564343342,12.715926079612942,5.205088821093871,31.789264902908293,-20.452274150086097,91.93086758124514,30.285839816287826,-17.309314097323846,47.3653470820334,28.18258797980491,-29.7669607239479,9.314221580565068,27.87022976566451,-30.31541083500287,5.751761101437922,32.39544634119486,-17.11013746830124,3.3220015958024325,33.583081307511144,-13.635031260221341,2.5876762939453624,20.465495345481,-23.882593251347867,98.89145890945149,20.48519961831337,-23.8492911036481,108.81536347111424,20.600974944053807,-22.30046240674433,118.61705234507862,20.71388917167764,-20.237359118787147,128.32355708369695,20.646189947588947,-13.277952986103742,136.22337510953946,0.31047000681827086,-17.099159551593026,140.41644841135565,-3.26035288160411,-7.037671246856972,112.716946635454,-0.2572854204249708,6.035622508280587,93.38091605895022,-0.847926721329304,13.631826278599554,85.27552945716977,-0.847926721329304,13.631826278599554,85.27552945716977,3.8510441304544347,8.622169867480654,89.80780993507338,3.8510441304544347,8.622169867480654,89.80780993507338,20.646189947588947,-13.277952986103742,136.22337510953946,40.36671081444544,-18.485241951846113,141.67408031227566,42.4028048746061,-13.628268554604613,112.45917226797974,37.048347759618046,-3.7370560537911732,91.78781027832105,34.65897673714728,1.5896372526032057,82.31861256323164,34.65897673714728,1.5896372526032057,82.31861256323164,32.07161502663735,-3.29405259583435,88.41563508221738,32.07161502663735,-3.29405259583435,88.41563508221738,20.508885765540242,-16.477780849111674,140.5813650476543,20.801164907586145,-13.771212272169297,147.5134333496788,22.045462111060086,-10.30271060815751,153.98535208979555,23.956726371131722,-6.615997529378639,162.78255369538206
5.92499763,21.7858,-20.137,90.9074,11.55560250950549,-19.508593332717794,89.83048812988474,5.594651581162798,-8.14445675911954,47.01054457298013,1.010872807224354,-1.1073194092158056,7.806304371693479,2.251043491355426,0.406464846756462,4.763292090385308,-7.7345575532908635,10.417427212803108,5.673767396341783,-9.66391597216074,12.584114484120628,5.602685438387852,32.015997490494506,-20.765406667282207,91.98431187011525,30.415041110292496,-17.568588639310374,47.42601976399066,28.210440089095336,-29.787601380239387,9.30331994269848,27.89043595168789,-30.3281714513384,5.7403336679741255,32.408656806494434,-17.116916903496012,3.3301480777539165,33.59399199830145,-13.640479966656107,2.5984101965156903,20.690574853980713,-24.20665138145913,98.93681607263036,20.72572609071571,-24.193837725385553,108.86072554627904,20.8605892627322,-22.668512379739944,118.66585550743534,21.002421346558048,-20.627725434769292,128.3766974557751,20.97349116879943,-13.680125318250447,136.28713722937567,0.656334582048995,-17.47538432109929,140.59226744468376,-2.810595181910783,-7.632358512721179,112.80122639568071,0.2439174307693106,5.330059458385943,93.3987220397658,-0.36550870366411015,12.881267216326894,85.25278305067768,-0.36550870366411015,12.881267216326894,85.25278305067768,4.350527260732562,7.9360131771239,89.83776047963278,4.350527260732562,7.9360131771239,89.83776047963278,20.97349116879943,-13.680125318250447,136.28713722937567,40.70860106645395,-18.928417035809456,141.64492223951748,42.750496577336456,-13.95323512117008,112.45031744207446,37.308295913894355,-4.06036387152769,91.80267707769312,34.8774581837156,1.2410560125122672,82.32985089046107,34.8774581837156,1.2410560125122672,82.32985089046107,32.3254830113362,-3.650768295908787,88.43526065630513,32.3254830113362,-3.650768295908787,88.43526065630513,20.85353097016935,-16.886400246452954,140.64089856040022,21.189780397319243,-14.17627986336872,147.56958496796932,22.474838365436412,-10.698349639761398,154.0284655893152,24.437022272215952,-6.995782391585193,162.8077805156126
5.93333096,22.0128,-20.4502,90.9588,11.782210142787275,-19.84487288251153,89.87243677145752,5.789257224690547,-8.56778894952113,47.03394945526291,1.1209327051868296,-1.3777570110253627,7.867446335964516,2.349752602191111,0.16937802446670225,4.836627191528584,-7.636649434868009,10.165471408690433,5.890407248324104,-9.57085736809292,12.328743391105085,5.857176448610537,32.24338985721272,-21.055527117488467,92.04516322854248,30.528330460035036,-17.849129424492574,47.491805472381124,28.24972465626007,-29.830070046075924,9.297960456422118,27.9251843896054,-30.368362661080916,5.735039671511119,32.4322379146393,-17.152746237529364,3.327860395255592,33.61445105660061,-13.675185216578914,2.5964131639804635,20.91935755655773,-24.519203715025117,98.9887872568075,20.968926142968584,-24.521066936418833,108.91264328780912,21.117861258253544,-23.01541936085723,118.72061059760581,21.277350677085817,-21.001410555061668,128.4367677955858,21.27892693160632,-14.076976481896965,136.36754657372717,0.9777842630878588,-17.85262464619587,140.76448597880037,-2.3508931543134026,-8.262637765880198,112.86827154160017,0.705518327332344,4.514616715760708,93.34363021310833,0.13090707227792253,11.969428286049663,85.10687920388662,0.13090707227792253,11.969428286049663,85.10687920388662,4.830304239930742,7.098786260581819,89.78780467585979,4.830304239930742,7.098786260581819,89.78780467585979,21.27892693160632,-14.076976481896965,136.36754657372717,41.011144143372725,-19.410347499446992,141.6514604958901,43.107542259314734,-14.377019133555063,112.47068870793728,37.647879207206124,-4.459694832535547,91.83939547881934,35.198983202946536,0.8244791020156494,82.36158586791265,35.198983202946536,0.8244791020156494,82.36158586791265,32.662729732045825,-4.067578083653292,88.47335693506274,32.662729732045825,-4.067578083653292,88.47335693506274,21.170553544412524,-17.295893543975616,140.7122738664818,21.55245624132458,-14.598015077243662,147.64337144272002,22.883664653017956,-11.117555317629376,154.0915336249889,24.908316521844345,-7.399445658623309,162.85007150868066
5.94166429,22.2161,-20.7272,91.0104,11.985169107725943,-20.14509953315427,89.91459575926613,5.960333813446043,-8.95526797877227,47.05770446146717,1.207618519640067,-1.6126235070494985,7.929683182747972,2.42513241771735,-0.03228853813018584,4.91145669396363,-7.561503255302114,9.947448125819607,6.108338080146628,-9.500365817217663,12.10680020021194,6.11290641899241,32.44703089227406,-21.30930046684573,92.10620424073387,30.617771689187425,-18.093737465280192,47.55804976043148,28.264550442388057,-29.836533259572764,9.294831438037889,27.935461304031357,-30.37258194921353,5.731989596901789,32.431265078363765,-17.152606704759847,3.327709255774692,33.61033275522242,-13.67392273450611,2.596524690779761,21.12449648639107,-24.79556788861439,99.0409595973424,21.18855957560962,-24.812011777827895,108.96471919537314,21.35164858645116,-23.325942970742663,118.77544702339645,21.528890380822666,-21.33861629961013,128.49678937355228,21.561011112259045,-14.437330824162501,136.44765528809188,1.2765403980125605,-18.19404443090952,140.93679101334664,-1.9121309200026384,-8.856966419294126,112.93861123196307,1.1480460029518977,3.7336398913816478,93.29367671515217,0.6094178957804082,11.091406912993888,84.96771700778484,0.6094178957804082,11.091406912993888,84.96771700778484,5.291073783402441,6.296474469899146,89.74362234288263,5.291073783402441,6.296474469899146,89.74362234288263,21.561011112259045,-14.437330824162501,136.44765528809188,41.290017530452545,-19.855119936683106,141.65715197425388,43.440655719051676,-14.763921712755725,112.49036988115321,37.96335041328616,-4.82273272069831,91.87524460257124,35.49643438447121,0.4438865222723507,82.39233851386558,35.49643438447121,0.4438865222723507,82.39233851386558,32.97592309566761,-4.448224548589177,88.51057542225116,32.97592309566761,-4.448224548589177,88.51057542225116,21.46429879660268,-17.668819835679763,140.7833158592671,21.8918878070203,-14.98317364974725,147.7164957721683,23.269132698858925,-11.50013525609862,154.15358762787253,25.35605537263462,-7.76641722509601,162.89084371345493
5.9499976199999995,22.4185,-21.0005,91.0606,12.187299342875036,-20.44143358406919,89.95536126279254,6.1309354310634205,-9.338854379375785,47.08022518812548,1.2941097670529143,-1.8437301365058607,7.991441505719692,2.5004127720560847,-0.23038998351968076,4.986203336375564,-7.485593422062622,9.731804504604032,6.325950428859953,-9.428852137740769,11.886790838045268,6.368255883855908,32.64970065712497,-21.559566415930806,92.16583873720745,30.706284564950753,-18.335201672854765,47.62315462245875,28.277481783960315,-29.83965521998317,9.292315271839023,27.943816751373515,-30.373477266227464,5.729564717481841,32.428732081752315,-17.14929255303648,3.328099716541949,33.60474773250403,-13.669524998992141,2.597156094497606,21.32865355330196,-25.068205999528118,99.09173351766253,21.407280899738353,-25.09916865595386,109.01535372879009,21.584648162044456,-23.632620073009427,118.82877082725919,21.779796499524814,-21.671918167663225,128.55517531222435,21.842726552764645,-14.793790721832082,136.52589951980445,1.5754419108898787,-18.53156249137133,141.10751760559714,-1.471489354900493,-9.44703585496601,113.01064398424931,1.5945636306320612,2.955388175590164,93.24727636898217,1.093283851116146,10.21551054157657,84.83372761447814,1.093283851116146,10.21551054157657,84.83372761447814,5.755953075685589,5.497176490869659,89.70357260605196,5.755953075685589,5.497176490869659,89.70357260605196,21.842726552764645,-14.793790721832082,136.52589951980445,41.56801941145736,-20.296010557388296,141.6604284524348,43.77237097221691,-15.147004055747297,112.50780785183292,38.27728868907289,-5.182130648630325,91.90885470072328,35.79243452195053,0.06681475312327656,82.42083421337144,35.79243452195053,0.06681475312327656,82.42083421337144,33.28760788353939,-4.825156369618373,88.54562096880478,33.28760788353939,-4.825156369618373,88.54562096880478,21.75764011060318,-18.03779312376411,140.85244962417394,22.231033604202768,-15.364381241441471,147.78738141981358,23.65430984428682,-11.878758073660778,154.2130508307888,25.803416716946337,-8.12943412320589,162.9285227084804
5.95833095,22.6133,-21.268,91.1104,12.381880824236596,-20.732132018110814,89.9957332489901,6.294107083394299,-9.71702342097928,47.102487909849465,1.3733433630148317,-2.0697337649936722,8.053674547396923,2.5684937351543935,-0.42354543669917777,5.061824046559416,-7.416336969942754,9.51961242535169,6.544162914998509,-9.363800858352565,11.669728649202433,6.624131109760974,32.8447191757634,-21.803867981889187,92.22506675100989,30.78707834192994,-18.57112984890547,47.688120059386605,28.28214563082752,-29.837138211341674,9.291412552357222,27.943896109244896,-30.368761271060563,5.728765498953777,32.41784582555437,-17.140366592583902,3.3300347582526255,33.590787520192634,-13.659515515282516,2.5993110223380853,21.525270670582096,-25.33505610779158,99.14210901794267,21.61853329623068,-25.380438337783435,109.06554700970027,21.81025219013385,-23.933309176460373,118.8815767619254,22.02339269025982,-21.99913365739213,128.6129135266789,22.117151802745237,-15.14414274889258,136.6032420943421,1.867714035303358,-18.863687310985767,141.27766689244308,-1.0356515847327254,-10.031371909439342,113.08533824857261,2.0382323160098768,2.1815350564485545,93.20550818271634,1.5754733324409775,9.34347671723349,84.70604310534215,1.5754733324409775,9.34347671723349,84.70604310534215,6.218038311505532,4.702772218916369,89.66880472849378,6.218038311505532,4.702772218916369,89.66880472849378,22.117151802745237,-15.14414274889258,136.6032420943421,41.83842070894054,-20.730102342668495,141.66225355768523,44.09620949592038,-15.523520700199631,112.5239519765413,38.58317473765098,-5.535504194476749,91.94101058626569,36.08042682906535,-0.304519119487054,82.44777568544451,36.08042682906535,-0.304519119487054,82.44777568544451,33.59129610103112,-5.196171530797656,88.5792123571748,33.59129610103112,-5.196171530797656,88.5792123571748,22.0437670766313,-18.400587913910794,140.92064949476224,22.562984119291464,-15.739382599689323,147.85699661991902,24.032159184854645,-12.251105323545605,154.27088450278436,26.24322590077186,-8.486080673802771,162.96406078369526
5.96666428,22.801,-21.529,91.1612,12.567520805504348,-21.019412013260162,90.05313932043634,6.4686914045737245,-10.045727144326834,47.15084774311279,1.5463260218360046,-2.418112859996034,8.098388165535638,2.7374511490882543,-0.7549810599520699,5.114313201579332,-7.364033475681234,9.074986869735689,6.560791641396451,-9.334227848198484,11.204632968284699,6.631161481074724,33.034479194495646,-22.038587986739838,92.26926067956364,30.880827529551215,-18.810924845070797,47.73648536295,28.329798413199338,-29.863779636156643,9.28090798976919,27.988785532100916,-30.392639185578822,5.718113070676889,32.44109580502972,-17.15555748493191,3.3270542499927553,33.60778757939714,-13.67309808164921,2.593991887221832,21.728610311039635,-25.59986217506103,99.19308424102145,21.8377233636235,-25.65815688651056,109.11629315289935,22.043813594194795,-24.226664370062,118.93432427082797,22.273366511825554,-22.31209338603615,128.66916389177362,22.39397891148242,-15.475688186511654,136.6750403798893,2.1560503477913535,-19.1654166802697,141.42237014864222,-0.6289116697371266,-10.607694985862679,113.13357187791324,2.456275692706271,1.355204613223414,93.1040398224506,2.0611273884772157,8.367973749498422,84.47772034715655,2.0611273884772157,8.367973749498422,84.47772034715655,6.662313942253366,3.7974594010050473,89.54309611222371,6.662313942253366,3.7974594010050473,89.54309611222371,22.39397891148242,-15.475688186511654,136.6750403798893,42.098979078931,-21.15623263327489,141.69194899269053,44.43024008151603,-16.005621406483975,112.54948602594249,38.97949250453812,-5.973402199284129,91.97145329998057,36.510276922110506,-0.7169491164216302,82.48350640794824,36.510276922110506,-0.7169491164216302,82.48350640794824,33.99100204787041,-5.601817458531774,88.60803627905153,33.99100204787041,-5.601817458531774,88.60803627905153,22.32912598420018,-18.742048805103714,140.98508788532746,22.88615670120565,-16.100202437252968,147.92590023342376,24.39879225056177,-12.623494515124538,154.33596631900616,26.673384320819146,-8.867376818301683,163.01659712833887
5.97499761,22.9701,-21.7846,91.2129,12.734626925707312,-21.301407320295375,90.11145068672714,6.624858169700219,-10.369074133599307,47.20015940933508,1.7008430037448399,-2.7610320325551863,8.144090102194333,2.8876821082167967,-1.0809467354169817,5.167814547405054,-7.329111751301351,8.634460380706539,6.5779736873920305,-9.321781843711777,10.743391906325133,6.638669716628322,33.20557307429269,-22.267792679704627,92.31434931327287,30.955873120703444,-19.045645936011354,47.78592330548625,28.35779029535083,-29.885288426901326,9.272848954140308,28.01399146377973,-30.411404443765235,5.709915591893745,32.44461506448188,-17.165674761798897,3.3264767524902448,33.605035698113696,-13.681616212062954,2.591062859057833,21.913409006015904,-25.859229281844723,99.24495473794013,22.038444086803953,-25.93035571995656,109.1678921205287,22.25898084376455,-24.514421132239292,118.98786522754561,22.5050290177253,-22.6193773443118,128.72612217518918,22.652538325829173,-15.801537148952681,136.74736508514823,2.426587839360174,-19.46185448827292,141.56794520940466,-0.24063115013946046,-11.18019663078282,113.18578870864657,2.85553642304739,0.5304767237360899,93.0094317980815,2.527881889778242,7.391445532988267,84.25910549924207,2.527881889778242,7.391445532988267,84.25910549924207,7.087580162245161,2.893363682850673,89.42582226013471,7.087580162245161,2.893363682850673,89.42582226013471,22.652538325829173,-15.801537148952681,136.74736508514823,42.340950821013344,-21.57626695698525,141.7216889491217,44.74437894948582,-16.48335281553752,112.57494847237012,39.35569937995855,-6.4080685977306615,92.0016093494331,36.919966162964414,-1.1267132937259206,82.51883809418517,36.919966162964414,-1.1267132937259206,82.51883809418517,34.37072509120799,-6.004416832690964,88.63667504018186,34.37072509120799,-6.004416832690964,88.63667504018186,22.596270744814714,-19.077762178805898,141.05003990496553,23.19115324817453,-16.455277509924265,147.99505253786816,24.74721529197721,-12.99012026330028,154.40097695784894,27.08524395432564,-9.242874159685186,163.0685780734621
5.98333094,23.1195,-22.0236,91.2684,12.88210985416156,-21.56673578773391,90.17355165276624,6.761857583585848,-10.67542772786256,47.253323052029565,1.8364186801344813,-3.086647803627806,8.193685949774007,3.0187493608477194,-1.3896112444335094,5.225243442026528,-7.311854172215412,8.21002761300209,6.598606267166369,-9.326711420397473,10.298032705971961,6.649550217544204,33.356890145838435,-22.480464212266085,92.36324834723376,31.0112365706235,-19.264117031221062,47.839354510709704,28.365016537644895,-29.890417872860162,9.27014360809929,28.01840536438254,-30.413801140794913,5.707080250114249,32.42750657886497,-17.159529403191208,3.331229205496922,33.581690490964355,-13.67389846796647,2.5934554596538684,22.078482138069305,-26.101963239720437,99.30060630029746,22.21949450540101,-26.185872640800568,109.22322963110418,22.4545627361127,-24.785447080549492,119.0450894456966,22.71720740164615,-22.909881381504473,128.78668326440166,22.891767314233352,-16.110607200837663,136.82312782645988,2.67819617586742,-19.741575694337392,141.71726702282854,0.12863014820158858,-11.737162382780436,113.24489792139369,3.2359456489050094,-0.28079779077780387,92.92476497512101,2.975898754164272,6.42586555740947,84.05337820768261,2.975898754164272,6.42586555740947,84.05337820768261,7.493856531179112,2.0023312346969737,89.32015638553096,7.493856531179112,2.0023312346969737,89.32015638553096,22.891767314233352,-16.110607200837663,136.82312782645988,42.56316361017822,-21.979430843132917,141.75446290567754,45.03716664992892,-16.945802535898665,112.60332885116924,39.71029993194299,-6.828427255142614,92.03454885241482,37.30798966232342,-1.5226564423350428,82.55688235262154,37.30798966232342,-1.5226564423350428,82.55688235262154,34.72894559716839,-6.392808795822766,88.66824050916667,34.72894559716839,-6.392808795822766,88.66824050916667,22.84407608328251,-19.396655378043874,141.118408959933,23.476884097923364,-16.79356149619344,148.06736339649242,25.07639020951714,-13.339978135147586,154.46883616998613,27.477817700074073,-9.601626487757827,163.12293424283322
5.99166427,23.2648,-22.2766,91.3292,13.025566838290596,-21.846018145292597,90.24095446862984,6.895053741850659,-10.995558079697114,47.31184513953594,1.9682053481841777,-3.4258607279775344,8.248683124676013,3.145783041406971,-1.7118874156324042,5.288092625368021,-7.297102215051837,7.770803747011717,6.624235145590449,-9.333854638536922,9.837675468723651,6.665358573404583,33.50403316170941,-22.7071818547074,92.41744553137016,31.062464239925795,-19.49705645342331,47.89825934880152,28.367012377282496,-29.909884522110584,9.274272882382355,28.017560887760798,-30.430545116061573,5.711088064557483,32.405278955787125,-17.167827633746185,3.3427941343619447,33.553253957505305,-13.680648331503637,2.60265392531955,22.23944731052739,-26.35863998760186,99.36155360005463,22.396503205560567,-26.455268419510105,109.28382024797246,22.646196344442906,-25.070291108801566,119.10750948499629,22.92554623268247,-23.214140826457932,128.85235678034658,23.127304733088128,-16.433422488316808,136.90382832735654,2.926513432580542,-20.035105381514242,141.87181584849486,0.49402104801074875,-12.30921099207006,113.31239956730724,3.6122985558472456,-1.1092939408931297,92.85146836486982,3.4198324334519508,5.440547025158621,83.86197444463023,3.4198324334519508,5.440547025158621,83.86197444463023,7.895880199254203,1.09368781027792,89.22745318543495,7.895880199254203,1.09368781027792,89.22745318543495,23.127304733088128,-16.433422488316808,136.90382832735654,42.78126369387403,-22.396244414396243,141.7917359252567,45.323722560987065,-17.42330988759301,112.63607529578086,40.05801914672707,-7.26461896523997,92.07191062669807,37.68889690586672,-1.9348312958815201,82.5993669325112,37.68889690586672,-1.9348312958815201,82.5993669325112,35.08031851399621,-6.797080415689224,88.70447979175954,35.08031851399621,-6.797080415689224,88.70447979175954,23.088190382742503,-19.72924707813648,141.1916992947175,23.758997600016187,-17.145574540738565,148.14433659284038,25.401960291190466,-13.703587100395081,154.5410472755606,27.866741274565687,-9.974150799640872,163.18116880647722
5.9999976,23.4064,-22.533,91.387,13.163522686856574,-22.136352757788124,90.32036504691746,7.041290008045438,-11.238489255889803,47.40208292413801,2.2532168285572824,-4.014121024618134,8.256359804276507,3.418531456526835,-2.30310293478286,5.289214921110766,-7.1950115384242554,7.006719502523305,6.489411688376601,-9.26835939637419,9.037242439503085,6.504093215321127,33.64927731314343,-22.929647242211878,92.45363495308254,31.136197443393858,-19.712823380417547,47.93891181499652,28.406053231168794,-29.93488670643184,9.266434345491056,28.05408456453478,-30.453002639829826,5.7031263626095585,32.41947572312665,-17.181601672561968,3.342228779381995,33.56108309519268,-13.692673213247872,2.6004845960999994,22.411521124716604,-26.617677231639224,99.42184479572214,22.586637693828465,-26.724641549461648,109.34370308247141,22.85008468912927,-25.350848516145902,119.16860345971087,23.143228023005832,-23.505815857230477,128.91515672297984,23.369129036961965,-16.734892483042728,136.9742265910708,3.168555258066867,-20.284029163590073,141.98076598132923,0.8209586253210488,-12.824021611764032,113.34366069785794,3.9615129363485697,-1.928482288217662,92.72241816234275,3.868240653538594,4.432741462726746,83.59692675077788,3.868240653538594,4.432741462726746,83.59692675077788,8.274655383581118,0.1047585775719182,89.03481458765307,8.274655383581118,0.1047585775719182,89.03481458765307,23.369129036961965,-16.734892483042728,136.9742265910708,43.00857675890752,-22.769644584067585,141.8320912553182,45.65878792237291,-17.943145141689484,112.66142095856692,40.49948990308706,-7.751749640715108,92.08647007330568,38.19994134415125,-2.38325109509631,82.61864241213392,38.19994134415125,-2.38325109509631,82.61864241213392,35.52676997795818,-7.211873640363602,88.72250265922885,35.52676997795818,-7.211873640363602,88.72250265922885,23.337424464088304,-20.035811186505533,141.25823845207077,24.0386044659759,-17.474974850965513,148.21632550024938,25.71845238914612,-14.053143473302459,154.61426989515945,28.237333506676407,-10.351236133661114,163.25062679207258
6.00833093,23.5358,-22.7857,91.4431,13.289441829860921,-22.42285721612685,90.39808125690716,7.174898457004112,-11.476164440187194,47.49113101734057,2.533328168734365,-4.593921932620975,8.266198346702375,3.6866652656022314,-2.886122648422363,5.2925263759767684,-7.093272274568596,6.247359999418398,6.356952207872742,-9.20231394425355,8.24080330151283,6.34523377080324,33.78215817013908,-23.148542783873147,92.48811874309284,31.197586620679814,-19.925132919281022,47.97796573278994,28.4318647853189,-29.956206675187126,9.258033892418894,28.077357184799865,-30.471775982526523,5.694608224034073,32.420629898447984,-17.19180417415393,3.3411231691189585,33.55591828577654,-13.701154451435277,2.597780441649912,22.571349120542465,-26.87290752131286,99.48036770322709,22.764589857190252,-26.990169628920654,109.40177318109257,23.041887350953235,-25.627537843640035,119.22784664703488,23.348928784095392,-23.79359923808411,128.97606565307828,23.59915439010611,-17.03246842766043,137.04263487775094,3.399019560514393,-20.528705408884147,142.0880158026603,1.1332779265058188,-13.336731385255923,113.375846847122,4.291297941425071,-2.7470003851127487,92.59855132604959,4.291621385374748,3.420219855780087,83.34037357734711,4.291621385374748,3.420219855780087,83.34037357734711,8.629717219567958,-0.8854473610187723,88.85042848681063,8.629717219567958,-0.8854473610187723,88.85042848681063,23.59915439010611,-17.03246842766043,137.04263487775094,43.22375094026151,-23.13934292361877,141.87029300299574,45.978904965311564,-18.461733815149337,112.68509434054675,40.92652905618658,-8.238880501301344,92.09921884212696,38.69748248717463,-2.832683014362562,82.63598255868477,38.69748248717463,-2.832683014362562,82.63598255868477,35.959920717191785,-7.62665958405294,88.73861272596118,35.959920717191785,-7.62665958405294,88.73861272596118,23.574830276581277,-20.338463838207286,141.32277854063707,24.306455208993725,-17.800502650827767,148.2861103201897,26.023247302792747,-14.398885721590194,154.68502731261063,28.596256288841357,-10.724575783817693,163.31721195644786
6.01666426,23.6502,-23.02,91.5012,13.400510367508817,-22.691190527585213,90.4778126938187,7.292551431005703,-11.694568935892251,47.582693467395,2.8047779064467777,-5.151342342606125,8.281919248161344,3.9463661543807866,-3.44698385319731,5.301746727088267,-6.995957413547359,5.506413818410238,6.230609509643755,-9.139847403334207,7.461994710421829,6.192538899051124,33.89988963249119,-23.348809472414786,92.52458730618129,31.24368796565081,-20.119085918764313,48.01910920828788,28.441815755282917,-29.959109321909928,9.252780632675844,28.08476224076136,-30.472147446837862,5.689243834249563,32.40568472171801,-17.18357728734756,3.343163479729006,33.53458679399721,-13.691198006192941,2.598220067538735,22.71628180956731,-27.1096506458472,99.54083042452825,22.927724239622524,-27.237148141263976,109.46173842369016,23.21893094139938,-25.885627407195123,119.28894399814632,23.53992065509429,-24.062732913595458,129.03878503835338,23.814424726533737,-17.311370745305947,137.11274305987865,3.6150950826814494,-20.755083201347638,142.19731927615211,1.4277690218359194,-13.833421894953833,113.41272389766682,4.598018723637875,-3.550714653991651,92.48363049004669,4.6859639828599855,2.4173181265788175,83.09622876261004,4.6859639828599855,2.4173181265788175,83.09622876261004,8.957325294114044,-1.8624711144738622,88.678112616172,8.957325294114044,-1.8624711144738622,88.678112616172,23.814424726533737,-17.311370745305947,137.11274305987865,43.42407213932316,-23.489842604530885,141.9099508593019,46.28057650954978,-18.963318061676965,112.71067552607116,41.33487470442579,-8.710343307040265,92.11387857665264,39.176873035801684,-3.2675124332005687,82.65517455824414,39.176873035801684,-3.2675124332005687,82.65517455824414,36.37542134397067,-8.025939497937964,88.75663266608,36.37542134397067,-8.025939497937964,88.75663266608,23.79757165742949,-20.622419579856633,141.38901464635236,24.559630918373404,-18.10736000690218,148.3573898177822,26.313309934800234,-14.725967296991293,154.7570229909575,28.940352022300125,-11.079248764080651,163.38463183110724
6.02499759,23.7609,-23.2591,91.5636,13.508046419627973,-22.964031767247707,90.56185002746547,7.406230857082677,-11.916011794431865,47.67906555897576,3.07991108243362,-5.708235345231208,8.305835459652819,4.210069881432089,-4.007591638121056,5.31919153810593,-6.8901367545943675,4.762601691169369,6.112716965791734,-9.06792245418167,6.679660947795686,6.048346645329566,34.013753580372025,-23.554168232752293,92.56534997253452,31.28598856819195,-20.318217333596834,48.06465310083844,28.446933667832827,-29.966949556828908,9.252972984575635,28.087304586252287,-30.477449782125422,5.689330706336454,32.38631788604084,-17.18046905710274,3.3506667187964516,33.50894330197363,-13.686407933924476,2.604126255997553,22.857404191326154,-27.351068338577846,99.60552721891247,23.0871100707546,-27.488777963759436,109.52589265111749,23.392344130019424,-26.14836099548726,119.35419329571687,23.727415754499777,-24.336504866643025,129.1056179821531,24.026486841111943,-17.594924223127617,137.18687337089875,3.828142606490438,-20.98548368351339,142.31093285194703,1.71567063680726,-14.336143742113551,113.45663573416911,4.89307612553351,-4.3616664901936115,92.37998039820216,5.0626904484354736,1.4022289514171753,82.86697870838265,5.0626904484354736,1.4022289514171753,82.86697870838265,9.268878222952196,-2.8484037257637063,88.52017753762544,9.268878222952196,-2.8484037257637063,88.52017753762544,24.026486841111943,-17.594924223127617,137.18687337089875,43.62075713909644,-23.845510982019952,141.95339469143033,46.576204299854794,-19.472571876948344,112.74056433722978,41.738065586702355,-9.190734933280902,92.13261089453852,39.6521997830437,-3.712316716864197,82.67827017050995,39.6521997830437,-3.712316716864197,82.67827017050995,36.78695401799075,-8.434128795848862,88.77854952070078,36.78695401799075,-8.434128795848862,88.77854952070078,24.017023243055235,-20.911014615995917,141.45925935985602,24.80962764843978,-18.418931365495702,148.43248033954978,26.60030377377756,-15.057870201389566,154.83257864877777,29.281462497319048,-11.438879289919402,163.45521358064596
6.03333092,23.8637,-23.5042,91.624,13.607191376645995,-23.25657690263369,90.6471231036023,7.514058413815677,-12.145064742676848,47.779511431543845,3.437027857020719,-6.48070031725409,8.297900811092134,4.563684124739659,-4.806536197679762,5.295017197173749,-6.647122112816367,3.836567152509975,5.907511264013475,-8.85041107236954,5.7228802320516845,5.81081063546863,34.12020862335401,-23.751823097366312,92.6008768963977,31.328648992063112,-20.52873634403087,48.10320270037458,28.457462655993645,-29.98674135534712,9.246964978234203,28.096664946563227,-30.494668336695398,5.683073139515161,32.383253156376334,-17.192129019245993,3.3532297483825997,33.50210268659708,-13.697216518158333,2.6050078841832,22.99873027052255,-27.60340129759288,99.6664796576305,23.249187291762226,-27.75007600708158,109.58621437437108,23.56889596322548,-26.41731920250907,119.41509654406143,23.915269045172167,-24.609426412578266,129.16686194262485,24.230699553330652,-17.873536034734904,137.25223924725324,4.026636498479828,-21.209877042510527,142.38932534692563,1.9694152551368482,-14.767010699643127,113.48423867201865,5.125917830859746,-5.140203890396167,92.24341513838674,5.407826817152996,0.3987182367016828,82.60031761610392,5.407826817152996,0.3987182367016828,82.60031761610392,9.513626612777191,-3.877472645620852,88.30778205576169,9.513626612777191,-3.877472645620852,88.30778205576169,24.230699553330652,-17.873536034734904,137.25223924725324,43.81490463068266,-24.169192138049013,142.00077739672872,46.89105927114055,-19.991251822643314,112.7718737397508,42.21000393620269,-9.715741925420618,92.12452234681595,40.218356084555545,-4.217861099210157,82.66116638359229,40.218356084555545,-4.217861099210157,82.66116638359229,37.27020146212563,-8.870737871079658,88.77489460962641,37.27020146212563,-8.870737871079658,88.77489460962641,24.227962574133677,-21.192586210099645,141.52233591294552,25.0408999657271,-18.725119717775133,148.5019672362394,26.859011916207717,-15.387637461693375,154.9066680589445,29.581579818319305,-11.803974173370493,163.53108235446152
6.04166425,23.9551,-23.7324,91.6843,13.695221098062666,-23.532055581779545,90.73229062942163,7.6099605534778725,-12.355237019891351,47.88054115300992,3.795788152520686,-7.228899370307057,8.299263623245544,4.9200206573971,-5.581438637398809,5.280743414251621,-6.397817039480782,2.932143709029,5.712051306276263,-8.625787776534684,4.787277904816948,5.58307923430059,34.214978901937336,-23.93274441822045,92.63630937057836,31.35975495100989,-20.722726356194528,48.141730122297815,28.45564856762601,-29.989894771168817,9.24198031111662,28.093654988666685,-30.49525241199565,5.677844490577488,32.368095650837304,-17.187271698471918,3.3567741870186296,33.483237769595455,-13.691537508698104,2.606858092366698,23.12861699570885,-27.838630563304466,99.72724096454164,23.399894831088098,-27.994202680304554,109.64629256703086,23.734170245328155,-26.66906627637119,119.47572044960903,24.091926080941306,-24.865111506206723,129.22780417513587,24.423898164388454,-18.134891729236635,137.31724037523614,4.214240092195322,-21.416509939386483,142.46755020745516,2.2083100936872495,-15.181735403616212,113.51326636258696,5.332615354248251,-5.900414494537149,92.11449768162024,5.713969293333747,-0.5941386414197041,82.34482693104574,5.713969293333747,-0.5941386414197041,82.34482693104574,9.721030734333858,-4.8899901975821205,88.1074364761417,9.721030734333858,-4.8899901975821205,88.1074364761417,24.423898164388454,-18.134891729236635,137.31724037523614,43.99782170946317,-24.475962962697118,142.0477077415489,47.191518253836946,-20.495699153721674,112.80382762906355,42.668003475832315,-10.228738902804524,92.11714487180976,40.771735089508525,-4.712928033644028,82.64463424930085,40.771735089508525,-4.712928033644028,82.64463424930085,37.74146938860945,-9.295295457336737,88.77145637255516,37.74146938860945,-9.295295457336737,88.77145637255516,24.427836415975126,-21.45688421273503,141.58504748448493,25.26117508598542,-19.014063681162508,148.57093941136824,27.10679481348507,-15.700213972607699,154.98004226848292,29.8708342243604,-12.151939069996772,163.605897115223
6.04999758,24.0517,-23.9594,91.743,13.788730403505621,-23.8063621241536,90.81584883649514,7.710315771305828,-12.562483058710196,47.980674489111614,4.17223231230072,-7.968410353293709,8.308502364252334,5.29509856482806,-6.3478182012190745,5.274966094620914,-6.1262677508351056,2.0337358058870683,5.5249759132236,-8.378118562488199,3.8572488254341097,5.363797519821338,34.31466959649438,-24.112437875846396,92.67015116350485,31.39586572445678,-20.91567404128557,48.17874314810685,28.458252258990925,-29.991895221545384,9.236511369425791,28.095046483172244,-30.494689348000872,5.672136322602883,32.357385154450654,-17.181305908138327,3.359810343308776,33.46882754979468,-13.684758840279311,2.6081934038519483,23.263739241112887,-28.07248472265625,99.7863049712917,23.555906518033492,-28.236878487655044,109.70462095802687,23.904811505897076,-26.919313267325336,119.5345582029955,24.273993132151464,-25.119261242803756,129.2869372294819,24.622554206290374,-18.39468353277969,137.38036675876322,4.407497768800209,-21.621505527649315,142.54409621357718,2.448223465325073,-15.596447807649167,113.54225755954683,5.5287748087497075,-6.6578590799029165,91.99177410286464,5.996158599720615,-1.5911801760825641,82.09941452042004,5.996158599720615,-1.5911801760825641,82.09941452042004,9.906606435921656,-5.900851827093173,87.91780594198924,9.906606435921656,-5.900851827093173,87.91780594198924,24.622554206290374,-18.39468353277969,137.38036675876322,44.18610713802353,-24.781135158112182,142.09265082963194,47.49356112373423,-21.00100009063903,112.83486470962507,43.12753558898939,-10.744882538068103,92.10900221809524,41.327548078206874,-5.212735415649203,82.62723793037941,41.327548078206874,-5.212735415649203,82.62723793037941,38.21616996778103,-9.723087297655095,88.76683098759524,38.21616996778103,-9.723087297655095,88.76683098759524,24.633180102542937,-21.71959950608276,141.6458852445751,25.486935418237994,-19.301438034170207,148.6378884238636,27.36006725163089,-16.01124184167065,155.05119472031407,30.16556096670259,-12.498366916976924,163.67815567215285
6.05833091,24.1486,-24.1953,91.7989,13.882819163173878,-24.08964867160718,90.89659383407714,7.810005654712253,-12.777045945349304,48.07872305680343,4.560847598551339,-8.709140316304266,8.324479315923789,5.68337135886026,-7.115545843456859,5.276547737418111,-5.83803309320931,1.1314586776455133,5.345227288585026,-8.112972748760214,2.9229086088962353,5.1519218506798365,34.41438083682612,-24.30095132839282,92.70120616592287,31.43207206428051,-21.117662799469127,48.213043574320814,28.460419100241182,-30.002865598250658,9.2293645589195,28.095987209499334,-30.50310437345072,5.664755126120914,32.34622395383356,-17.184342685615775,3.3611415040542063,33.453962205982485,-13.686988148444385,2.6078149973834703,23.399214793531094,-28.315063762121866,99.84247329245734,23.712337365200305,-28.48817949274322,109.76000142396887,24.07592459683067,-27.17811229143114,119.59040870410949,24.456562516778682,-25.38190562386829,129.34305631497395,24.821724046559048,-18.662922795345224,137.44039961714293,4.601487808320027,-21.834957247790296,142.61777663087364,2.6845984946117225,-16.02118551444862,113.57001741898969,5.71032029864028,-7.42207995813204,91.87412164499705,6.250133645927143,-2.601218447430999,81.86330965617235,6.250133645927143,-2.601218447430999,81.86330965617235,10.066357645912966,-6.918973380553444,87.73799922015725,10.066357645912966,-6.918973380553444,87.73799922015725,24.821724046559048,-18.662922795345224,137.44039961714293,44.37484607459185,-25.094568910188734,142.13447418517833,47.79242750649011,-21.517031342442742,112.86387317071826,43.58385175400341,-11.274155258837315,92.09892958997418,41.881030514825284,-5.727343508515108,82.60778950752068,41.881030514825284,-5.727343508515108,82.60778950752068,38.68956872548261,-10.16419924092682,88.75981629636799,38.68956872548261,-10.16419924092682,88.75981629636799,24.839064377950628,-21.990734525491625,141.7036372944965,25.713239103015695,-19.59722490046839,148.70159712058,27.613871099147516,-16.330677906255964,155.1189003121381,30.460789771521593,-12.853181806309845,163.7466239652315
6.06666424,24.2445,-24.4134,91.8525,13.976673536530622,-24.350763202239236,90.96966866976517,7.912033621553248,-13.021353712593026,48.15508323947543,4.967834050361352,-9.59170544667235,8.316986129459487,6.102255093144828,-8.036791543941783,5.253520527174184,-5.441594314408134,0.17838188676328492,5.148509293600814,-7.721890020599692,1.9591259291673755,4.922207652717056,34.51232646346938,-24.476036797760763,92.73533133023484,31.467062748277318,-21.306643905744476,48.25044153773371,28.47599043776453,-30.01577022933897,9.228532501873389,28.109957437117394,-30.514089646730028,5.663818285517708,32.34839240621966,-17.19055317723253,3.3660789707430054,33.45251647770572,-13.692528825757684,2.610559751362036,23.52784719146508,-28.541712365813844,99.89467313397242,23.859037625288817,-28.719163632595905,109.81153770826509,24.235167218035055,-27.414500187255918,119.64219174877807,24.625386206544228,-25.62452753941601,129.3956068481877,25.002702413322442,-18.914667165078008,137.49995432241357,4.780043426911863,-22.04768777167054,142.69160475729592,2.9171470927416534,-16.37199138730656,113.61304204452325,5.815381416334185,-8.135024014725214,91.7598018145578,6.394743076244191,-3.585605561356507,81.6249316805088,6.394743076244191,-3.585605561356507,81.6249316805088,10.130542012202751,-7.894176246869595,87.55777043710687,10.130542012202751,-7.894176246869595,87.55777043710687,25.002702413322442,-18.914667165078008,137.49995432241357,44.54674485398947,-25.381760627668005,142.18312590410176,48.093047871990606,-21.98902276476183,112.90583459602274,44.078405653953844,-11.820775740533215,92.06594729893251,42.4880569161879,-6.296397764217402,82.54226630375281,42.4880569161879,-6.296397764217402,82.54226630375281,39.208933818247424,-10.639526897966729,88.71503973146706,39.208933818247424,-10.639526897966729,88.71503973146706,25.027577074699472,-22.24730657945071,141.75938185167038,25.916744266980366,-19.877244265198684,148.76343052606106,27.83363906468514,-16.632775288579015,155.18709356958885,30.703726259859287,-13.187295984949088,163.81998487822673
6.07499757,24.3377,-24.6398,91.9023,14.068047823605287,-24.620127348355684,91.03891597614471,8.011487879559553,-13.272819711828541,48.227926811022705,5.382914014369244,-10.4774970765562,8.318259429672956,6.530128577792633,-8.961275376627631,5.240198295495306,-5.034407763716628,-0.7793598216619202,4.960344659961035,-7.319665425170011,0.9904697419305937,4.700900983024123,34.60735217639471,-24.659472651644318,92.76568402385529,31.499320467235272,-21.50410725004087,48.28413829613553,28.487810525795492,-30.036969145799784,9.224877480926608,28.120138472823328,-30.533367007699127,5.660063843754955,32.34688559819471,-17.20511158806373,3.368170040123435,33.4474196789545,-13.706431769602721,2.6104511710302525,23.653782483750856,-28.77651975884933,99.94300329151704,24.00304869472983,-28.95824237147147,109.85917034569329,24.39175029785181,-27.65893733177824,119.69004500250578,24.79158893302711,-25.87516771513198,129.4442068865915,25.181146577825192,-19.17440620505249,137.55550035757483,4.9561686684748345,-22.268218897968616,142.76161027069048,3.1442959675274187,-16.731992638358786,113.65295111644622,5.90081119325861,-8.850427858201144,91.6508134324281,6.503213146415616,-4.576862236325826,81.39790118306098,6.503213146415616,-4.576862236325826,81.39790118306098,10.162997983733261,-8.871004297076595,87.38829930508885,10.162997983733261,-8.871004297076595,87.38829930508885,25.181146577825192,-19.17440620505249,137.55550035757483,44.716011866031515,-25.67707626383468,142.22768497702742,48.388438978233424,-22.47107980555736,112.9448984386005,44.566548826399675,-12.380655921032517,92.03107516933846,43.088644098585476,-6.880712457692638,82.47519319296217,43.088644098585476,-6.880712457692638,82.47519319296217,39.723321215484646,-11.128453498819319,88.6679186586816,39.723321215484646,-11.128453498819319,88.6679186586816,25.21353721699561,-22.511850953718717,141.81111317926036,26.117743195744062,-20.165240162923887,148.82113035805676,28.050955550361756,-16.942866990402358,155.25102247468416,30.944273077759597,-13.529420483805303,163.88888315419578
6.0833309,24.4282,-24.8514,91.9524,14.156940545738935,-24.87465948131584,91.1084432299095,8.108381695903379,-13.508424844618137,48.301343955681524,5.8058697328271,-11.343122251073886,8.332422491270194,6.966750358943056,-9.865574639838483,5.240707906765152,-4.616670291438787,-1.7183533127949406,4.78495393314083,-6.906490970714994,0.04035332976520234,4.49223822281103,34.69945945426107,-24.82814051868416,92.7963567700905,31.528799268354092,-21.687001380833095,48.3182243772824,28.495818231124375,-30.043479350118005,9.222507455007381,28.126466168516274,-30.537958822346102,5.65760087151993,32.341586777835246,-17.205026788283046,3.3715031868289023,33.438540845403736,-13.705702631111642,2.6115717186808842,23.777033237025204,-28.99637473430489,99.99157093071611,24.14439409231343,-29.18228826353602,109.90700643310583,24.5457056968752,-27.888283367408896,119.73807348430853,24.95520991055759,-26.110671186520793,129.49295842846522,25.357093441220044,-19.418972829295097,137.61112968002706,5.129912615467731,-22.473409766389544,142.83191120003252,3.366022711003964,-17.078080732204967,113.69386324451882,5.967031580438329,-9.544536461671065,91.55132576967124,6.575838860294408,-5.550290821635443,81.18677964869157,6.575838860294408,-5.550290821635443,81.18677964869157,10.16429659741862,-9.825051126233303,87.23392328522542,10.16429659741862,-9.825051126233303,87.23392328522542,25.357093441220044,-19.418972829295097,137.61112968002706,44.88271139493831,-25.957274976639667,142.27222798358855,48.67853784830443,-22.939972721191683,112.98512655181155,45.048020525551536,-12.930596100119525,91.99838726561644,43.68242317907362,-7.457114646075753,82.41065523502675,43.68242317907362,-7.457114646075753,82.41065523502675,40.2324477278929,-11.607849658187614,88.62254858562792,40.2324477278929,-11.607849658187614,88.62254858562792,25.396991771758394,-22.761194610469637,141.8629279796484,26.31628589362136,-20.438024270786862,148.87878782665405,28.265866533759333,-17.237745950802424,155.31476991991198,31.18247807429686,-13.856321836965883,163.95739038886515
6.09166423,24.5159,-25.0582,91.9998,14.243252522319848,-25.124391392017095,91.1752350790056,8.20262928060184,-13.738102645144561,48.37234497010687,6.236384554792258,-12.198006713991866,8.35651352939989,7.411800634043613,-10.759079931000365,5.252101089432047,-4.188642988611115,-2.647976471527878,4.619432592237269,-6.482619199130044,-0.900596840090292,4.293322405168136,34.78854747768015,-24.992008607982903,92.82436492099438,31.55544478310277,-21.8651709693454,48.34972005902931,28.500040097470777,-30.045046603167886,9.218416521934927,28.128974439181047,-30.537602381961225,5.653421581459513,32.33253354415407,-17.200030013924312,3.373111256443054,33.42591890748004,-13.700070448937401,2.61096618474006,23.89750129912791,-29.211305243800957,100.03736199572809,24.282959330934478,-29.401342318736734,109.95203229061262,24.69689754053851,-28.11259027392374,119.78326580253879,25.116090423782556,-26.341102433619493,129.53885328862552,25.530346835845553,-19.658441640281865,137.66384424814373,5.301082110729155,-22.673413955385108,142.89947023367043,3.582126592014239,-17.420310841158205,113.73276282203447,6.0143554885426465,-10.226666153341615,91.45839995930952,6.612889455501369,-6.514198706125038,80.98902541377825,6.612889455501369,-6.514198706125038,80.98902541377825,10.134961170719146,-10.764940956152579,87.09187326625317,10.134961170719146,-10.764940956152579,87.09187326625317,25.530346835845553,-19.658441640281865,137.66384424814373,45.04664942857073,-26.232403433715326,142.3137849238584,48.963159287190436,-23.405574000124176,113.02356970579082,45.522571482713914,-13.480332064274018,91.96499828428814,44.26910588102244,-8.035293119914769,82.34580727305173,44.26910588102244,-8.035293119914769,82.34580727305173,40.73605900271115,-12.087461806743985,88.57606083473762,40.73605900271115,-12.087461806743985,88.57606083473762,25.577749053394236,-23.00541818076821,141.9118235512013,26.51215867555696,-20.705687395227983,148.9334065973917,28.478137877272445,-17.527512041442694,155.37535030263422,31.418073927134415,-14.178111263287327,164.02253660434036
6.09999756,24.601,-25.2581,92.0478,14.3271421226065,-25.35565918542742,91.24163541974467,8.332900412564697,-14.022058667716617,48.418246157840834,6.683367388203459,-13.175501692806435,8.367438902808239,7.869513070864375,-11.776018474861456,5.2491068188577135,-3.6922939501284766,-3.6186817568731975,4.5121963231521995,-5.977942199758074,-1.8645743834287016,4.164446864068782,34.874857877393495,-25.160540814572578,92.85396458025532,31.593349634081548,-22.03948924963065,48.38245861263545,28.52084891658417,-30.064093202413943,9.220356390819617,28.147146265785754,-30.554547904162657,5.655347224222872,32.34164444211113,-17.213236128411104,3.380232688425606,33.43213014885564,-13.712785839937867,2.616189285919202,24.0098674989934,-29.41677840429027,100.08453187623199,24.410028701452223,-29.614974869379388,109.99845986738025,24.836010628935597,-28.334735567098672,119.83029111932683,25.265281450143103,-26.57427152072669,129.58743578074757,25.69024249798308,-19.905108716099157,137.722957727076,5.462308219201692,-22.903103751619355,142.97345193431948,3.795017488694498,-17.734968111039155,113.78857164913535,5.978736913206285,-10.856984873914467,91.38910249683529,6.523950161581423,-7.355799582168759,80.84429785675192,6.523950161581423,-7.355799582168759,80.84429785675192,10.05382300698056,-11.525992464628516,86.9979991634583,10.05382300698056,-11.525992464628516,86.9979991634583,25.69024249798308,-19.905108716099157,137.722957727076,45.20145895039735,-26.51022775540853,142.35003281438455,49.26849078858564,-23.823952425981936,113.06710436585541,46.01607879531134,-14.050864209077115,91.90770774944403,44.89240447227927,-8.667916307171236,82.23766696711071,44.89240447227927,-8.667916307171236,82.23766696711071,41.26881600165042,-12.622685940858215,88.47849659895911,41.26881600165042,-12.622685940858215,88.47849659895911,25.744739577121496,-23.25917014093454,141.96526006410912,26.691391590443605,-20.97956124547217,148.9917630885091,28.66470777454886,-17.8148985128069,155.43811434550153,31.613567630279995,-14.481479678355129,164.08843716674812
6.1083308899999995,24.6832,-25.4548,92.0925,14.408259857513322,-25.583614750995146,91.30472678501874,8.460784892825622,-14.302369388896299,48.460997408661505,7.130397503589508,-14.148851367612695,8.389669987403018,8.327616038124916,-12.788965624418706,5.258077997755799,-3.1943514802406376,-4.585622547549592,4.415470218944867,-5.4714077775533525,-2.8248298244244756,4.0458300020336875,34.95814014248668,-25.32598524900485,92.88027321498126,31.62830031472267,-22.210778691691264,48.41195014027215,28.537891366203986,-30.0800336285288,9.219744550895413,28.16151628551237,-30.568393925014842,5.654729002114393,32.34710460378875,-17.22340965159372,3.384749669157558,33.43472333568042,-13.722485608352304,2.6187927793180976,24.119301158299816,-29.618951937510985,100.12835463358769,24.534204082612195,-29.82526807761233,110.0415109550693,24.97229216403681,-28.55350767839145,119.87391062962928,25.411720880331576,-26.80404235699394,129.6325812631184,25.8475451892764,-20.148370651424273,137.7785700346189,5.62098180667957,-23.129083174691296,143.04416358363426,4.003615514075058,-18.04658530168571,113.84144002423932,5.9331571342485585,-11.48271827964304,91.32469023451702,6.420701109947175,-8.193863706778355,80.70893791538434,6.420701109947175,-8.193863706778355,80.70893791538434,9.96067576661936,-12.282196344740841,86.91157174507744,9.96067576661936,-12.282196344740841,86.91157174507744,25.8475451892764,-20.148370651424273,137.7785700346189,45.35356590106592,-26.784892795000786,142.38255946434793,49.57028801942323,-24.239962482928266,113.10817977966033,46.50539929185732,-14.621230425412602,91.85028823479257,45.51149643341619,-9.302370296959197,82.1307026020202,45.51149643341619,-9.302370296959197,82.1307026020202,41.798261696583005,-13.158455157232105,88.38058644840594,41.798261696583005,-13.158455157232105,88.38058644840594,25.909107054070372,-23.50949207646303,142.01518424822726,26.868091241474772,-21.250006784211404,149.04651321542164,28.848825947027034,-18.098882886194552,155.4972201307967,31.80669190032316,-14.781492359995596,164.15062926162005
6.11666422,24.7609,-25.6518,92.1339,14.485005336265544,-25.811774193290045,91.36450288061695,8.584606552312398,-14.58248268782825,48.500620546818865,7.575513560058608,-15.121000396284435,8.423239024310902,8.78413411855839,-13.800828942970549,5.279058125725903,-2.696817971756916,-5.551805124794486,4.3293707313436105,-4.965024883018369,-3.784387191765032,3.93760352672884,35.036794663734455,-25.491825806709958,92.90329711938304,31.65872513253909,-22.382462942564132,48.43820281979248,28.5496447733514,-30.09610746881905,9.21654952556365,28.17056485731258,-30.58236310018372,5.651532874575587,32.34737624389098,-17.233755609165744,3.3866960831736637,33.43215593958147,-13.732369336581797,2.6188283852084906,24.224204356042904,-29.821340634551333,100.16882325022976,24.653883511591506,-30.035752241112863,110.08117829465078,25.104133159717946,-28.77244870030593,119.91411877339603,25.55379153443062,-27.03396693862214,129.67428616697813,26.000620619629,-20.3917876775772,137.83068489305603,5.775465471336773,-23.354964751462617,143.11156263224942,4.207775362226489,-18.358537632469073,113.89128225360857,5.878667944155418,-12.106852447187439,91.26527835181926,6.304736882335454,-9.03114886650725,80.58319177781262,6.304736882335454,-9.03114886650725,80.58319177781262,9.856844138001538,-13.036387066737003,86.83292391266677,9.856844138001538,-13.036387066737003,86.83292391266677,26.000620619629,-20.3917876775772,137.83068489305603,45.50134007338653,-27.059872775427994,142.41146765953414,49.86689860691606,-24.65700287892177,113.146901430205,46.98875613485243,-15.19473372495258,91.79290272719047,46.12451882993549,-9.941920750007807,82.02512352401916,46.12451882993549,-9.941920750007807,82.02512352401916,42.322598929870345,-13.698099162870351,88.28252550551261,42.322598929870345,-13.698099162870351,88.28252550551261,26.069221884392167,-23.759948994933552,142.06159617772477,27.040619750387883,-21.520593709492793,149.09765939475227,29.02884385623635,-18.383036642207102,155.55267388404263,31.995784608385843,-15.081723116871434,164.2091241996784
6.12499755,24.8329,-25.8433,92.1701,14.556180854100406,-26.03453559874771,91.41906914039946,8.703082513623078,-14.856988572278244,48.53518190360893,8.017412545018072,-16.086393725823935,8.46620139059128,9.237745789082606,-14.806030533616912,5.310104637785313,-2.2011340623478137,-6.511885751987128,4.251921720751306,-4.460259996882879,-4.737949228698,3.8377846563004816,35.10961914589959,-25.65206440125229,92.92113085960055,31.68334605851568,-22.54867517776914,48.459307569183885,28.554967294890123,-30.106708742625287,9.208904327512535,28.173157514251795,-30.59087412116371,5.64389450687618,32.34106441150223,-17.23862245888322,3.3841403956994305,33.42296442695068,-13.736768225349676,2.614346330214482,24.32346091541836,-30.018141424519094,100.20404509899838,24.767956519450735,-30.240599371464377,110.11556946007609,25.230400947654083,-28.98570883611241,119.94902124139416,25.690329882403034,-27.2581753997951,129.71065392459764,26.148181859973537,-20.629470882971077,137.8773968335713,5.924529265948465,-23.575231633620128,143.17375012580158,4.4056793404132915,-18.665460370124364,113.93620640742719,5.813138038801285,-12.723831201234054,91.20896273223147,6.1737668496684135,-9.861955709964848,80.46521681360005,6.1737668496684135,-9.861955709964848,80.46521681360005,9.7401896789221,-13.782876311327783,86.76010049755719,9.7401896789221,-13.782876311327783,86.76010049755719,26.148181859973537,-20.629470882971077,137.8773968335713,45.643606051347675,-27.328987491246252,142.43479758990478,50.15716371136322,-25.068835340557538,113.18131521352004,47.46487747737193,-15.765207542582685,91.7335739135367,46.730121394597354,-10.580431233931252,81.91895782532741,46.730121394597354,-10.580431233931252,81.91895782532741,42.84053987284855,-14.235542978575323,88.18233267229284,42.84053987284855,-14.235542978575323,88.18233267229284,26.223860589914732,-24.004645278342824,142.10259477244486,27.20771222563514,-21.785400160458007,149.143297760651,29.20343907270991,-18.661393401824867,155.60256765951567,32.179464017916104,-15.376141325450934,164.26200960496408
6.13333088,24.9115,-26.0161,92.2055,14.634013096246123,-26.222478826154163,91.46912677039238,8.883842724216466,-15.189008168548268,48.534034267983785,8.482109193754956,-17.103027311445082,8.488061679206183,9.713172575833552,-15.857009746689492,5.322400133616421,-1.6535657926982577,-7.472302260286863,4.20235538950548,-3.897052930369688,-5.68185567649534,3.7744806664940387,35.18898690375388,-25.80972117384584,92.94187322960762,31.735841750854227,-22.676236287677117,48.48423987749184,28.584300326312423,-30.107068424665034,9.211408300289463,28.200590655637754,-30.588491716955442,5.646231117333334,32.3620811653367,-17.232822909797,3.394860767706122,33.441913173098385,-13.730350346511207,2.624976102289537,24.419737521378263,-30.192828749304844,100.23956556942686,24.877949002269894,-30.424384186911933,110.15025693574907,25.353926939966456,-29.181057164171712,119.98453179248101,25.827132283666124,-27.468622373246582,129.74819006333027,26.29676147551699,-20.85650158942311,137.92769792800595,6.08070325352347,-23.809507648550454,143.24895097777963,4.5053762533029325,-18.974158716404133,114.0019944320676,5.684321187884096,-13.225430211306449,91.2122223477333,5.983463176059154,-10.265557736381226,80.49316782627692,5.983463176059154,-10.265557736381226,80.49316782627692,9.609024195891243,-14.204311891610985,86.7429737232547,9.609024195891243,-14.204311891610985,86.7429737232547,26.29676147551699,-20.85650158942311,137.92769792800595,45.794264628487966,-27.5731777052948,142.4508187084369,50.4183313232239,-25.409704915623678,113.20728755484694,47.97801982348079,-16.2952550253768,91.64845676042768,47.349684885746164,-11.22532880647172,81.76668039320782,47.349684885746164,-11.22532880647172,81.76668039320782,43.39068563989734,-14.786108780725913,88.04089123602166,43.39068563989734,-14.786108780725913,88.04089123602166,26.379794434863495,-24.24027197021543,142.14587651949952,27.373959442557105,-22.039794791059336,149.19102006835578,29.37035371945403,-18.92427877088185,155.65418348279076,32.3446961281438,-15.64314024113039,164.31576288096346
6.14166421,24.9773,-26.2016,92.2357,14.699089216210782,-26.42314356797918,91.51398236720578,9.051785640347664,-15.534317421692073,48.52833906937927,8.931034057393179,-18.133748444548907,8.519175655198481,10.17291366682199,-16.922152760848927,5.344390500495171,-1.1203514474880798,-8.447340315183771,4.161057044234338,-3.347919558799068,-6.640493802383399,3.719178923536405,35.25551078378922,-25.980056432020817,92.9574176327942,31.7754540590602,-22.8165223984552,48.504011015740204,28.600696586700682,-30.12018380276325,9.2091993382055,28.215085957200955,-30.598874018652253,5.643859247382613,32.37013081753924,-17.23979201164613,3.400849854031425,33.44788424883115,-13.736700484049834,2.630868743729646,24.50322370293524,-30.380189478404507,100.26986110057723,24.97517179067543,-30.620803317415927,110.17969202866851,25.464711902760047,-29.389000679793977,120.01475134628362,25.95123058469516,-27.69162799336022,129.7803852005645,26.43269304119695,-21.096082709748472,137.97257770689674,6.224291328053344,-24.056379810438564,143.31880348924642,4.592211551820544,-19.295657017768768,114.06271769952797,5.543584649984824,-13.742642878617705,91.21385721506446,5.778188746069768,-10.68508682165831,80.52064569057309,5.778188746069768,-10.68508682165831,80.52064569057309,9.463976516506042,-14.64130302177825,86.7240215975269,9.463976516506042,-14.64130302177825,86.7240215975269,26.43269304119695,-21.096082709748472,137.97257770689674,45.93223418347943,-27.829860482051185,142.4613549339013,50.66587973452105,-25.763913426134337,113.22830541457725,48.476591959840675,-16.841860941024315,91.5623066900186,47.95422353359092,-11.888447948205899,81.61548348958425,47.95422353359092,-11.888447948205899,81.61548348958425,43.92644503548898,-15.35400534270327,87.89922943204853,43.92644503548898,-15.35400534270327,87.89922943204853,26.52308209937457,-24.488416776580983,142.18372084020024,27.52760292392784,-22.306691737350068,149.233226161053,29.52466298381619,-19.199685191785353,155.70027904049638,32.49725989454202,-15.92270978319684,164.36403343823005
6.14999754,25.0343,-26.3952,92.2596,14.755408865960263,-26.63193108139748,91.55254253440076,9.210727984110497,-15.88838436296234,48.51701279353139,9.367736393408638,-19.173916336363153,8.558466677573037,10.62050190614882,-17.996833895957856,5.374986609757576,-0.5979719816833509,-9.43244303118694,4.1269426428011755,-2.8093444636049196,-7.609321601682329,3.670795424919593,35.31319113403974,-26.15846891860252,92.96665746559925,31.80615619108598,-22.965007034408877,48.51751113686642,28.60810501653505,-30.141458375290856,9.201155831130023,28.220590805339263,-30.6174192737273,5.635656735227617,32.369209440607506,-17.25494067096446,3.40100015986525,33.44488642306153,-13.75123275576332,2.6309199731473427,24.577924345575514,-30.575610038782575,100.29383898849136,25.06363652357725,-30.82524373241188,110.20278170401585,25.566774057236113,-29.604926860637345,120.03858662253096,26.066649547582863,-27.922580201397086,129.8061458495177,26.56000537048883,-21.343603803966094,138.01094391772455,6.35931467559287,-24.311172420066175,143.38222130749708,4.670703878027436,-19.625203062030437,114.1172762983245,5.395898450422004,-14.270603939809654,91.21282556680768,5.56313745272487,-11.115738492183436,80.54664930938783,5.56313745272487,-11.115738492183436,80.54664930938783,9.310092861420635,-15.08902412467031,86.7022871481242,9.310092861420635,-15.08902412467031,86.7022871481242,26.56000537048883,-21.343603803966094,138.01094391772455,46.06156012935317,-28.094431785119937,142.46523088601543,50.90375297634174,-26.126922148438425,113.24317079603995,48.96437106848726,-17.400525974354927,91.47391931905003,48.547426343652845,-12.565299583046047,81.46416389386171,48.547426343652845,-12.565299583046047,81.46416389386171,44.451559695774726,-15.934745949310294,87.75616344419802,44.451559695774726,-15.934745949310294,87.75616344419802,26.657756298968035,-24.74447029511721,142.21503465858004,27.67267975517173,-22.5814840589413,149.26882317416946,29.67041253002027,-19.483014219830924,155.7397628214633,32.641212561898016,-16.210268430788908,164.4057320492706
6.15833087,25.0788,-26.566,92.2825,14.799272730951584,-26.81793904184495,91.59009791010986,9.357081475571405,-16.220150039178563,48.505372950504665,9.788629420734392,-20.191932004704682,8.611219317680884,11.05236245552409,-19.049421587344714,5.419489597512655,-0.09002932635938699,-10.396061499519497,4.105326148983858,-2.284934123736939,-8.55680488226604,3.6346475843153843,35.35832726904842,-26.314060958155046,92.97490208989014,31.824277029528425,-23.090651852866085,48.53005733940766,28.60288358975974,-30.139799595261056,9.192582584384262,28.213465720352772,-30.61302868067732,5.626927273042092,32.35562762260978,-17.247149593206125,3.40064517173714,33.42921738697176,-13.742821912926313,2.6304723686066236,24.640132766543132,-30.74821728057094,100.31678482385863,25.13963079555538,-31.00688259002878,110.22481051100215,25.65639566192249,-29.798064476949463,120.06132879151075,26.169666263697483,-28.130760691573293,129.83077250223573,26.67497320000019,-21.56838949847414,138.04813162607272,6.482056535348757,-24.543302279976913,143.44451924714795,4.7366442769911075,-19.932129306517567,114.17102711694227,5.236742920546226,-14.77851912634928,91.21450939979752,5.333661571238498,-11.526774466468286,80.57659492970765,5.333661571238498,-11.526774466468286,80.57659492970765,9.142780781587494,-15.516721510841329,86.68310655077356,9.142780781587494,-15.516721510841329,86.68310655077356,26.67497320000019,-21.56838949847414,138.04813162607272,46.17849941897718,-28.33623665196148,142.4678260468116,51.12831985921856,-26.467922126882396,113.25729027485515,49.4377656713037,-17.940279490293932,91.38875489087567,49.12571070247125,-13.224836339908546,81.31821973018165,49.12571070247125,-13.224836339908546,81.31821973018165,44.96243727284668,-16.49732620187632,87.61714941761778,44.96243727284668,-16.49732620187632,87.61714941761778,26.78008772662987,-24.977779171093907,142.24513532973143,27.805459622461655,-22.833553111719024,149.30313919655072,29.803867369232766,-19.74367372621078,155.77797690595753,32.77281364314593,-16.475258602050324,164.44621554394948
6.1666642,25.125,-26.7401,92.3009,14.844585782413002,-26.989783466951437,91.62096140632686,9.560626498146767,-16.642223921054523,48.45579155867845,10.217378579994095,-21.23927074392742,8.63192161989295,11.491402006686268,-20.12031603253689,5.435940627193451,0.43266424699301176,-11.36466206769201,4.0930319146478915,-1.7460490584609856,-9.506984354781446,3.619479243350281,35.405414217586994,-26.490416533048567,92.98083859367314,31.855225051353276,-23.18096124938665,48.54360460167721,28.61725781527169,-30.150189931527848,9.193252640810556,28.22498829521395,-30.621350625485054,5.62763599460426,32.36568388283014,-17.254281658784222,3.405774547492974,33.43847466706644,-13.749917261964363,2.6346560564949573,24.695320950892732,-30.925036064360235,100.33425477907426,25.20863259544474,-31.194433003127006,110.24128841610964,25.741661453554922,-29.9982082476288,120.07847834063357,26.271711480386564,-28.34718373680369,129.8497906411442,26.787788261158376,-21.80107900868925,138.07944551792403,6.606626888545691,-24.81808475389178,143.49639953526446,4.743672842522087,-20.231784725106955,114.22624449795089,5.132848740488948,-15.079212720942317,91.26734543675153,5.047913259093361,-11.774545419726163,80.6456496765098,5.047913259093361,-11.774545419726163,80.6456496765098,9.023412308108895,-15.677503371540606,86.70212367475409,9.023412308108895,-15.677503371540606,86.70212367475409,26.787788261158376,-21.80107900868925,138.07944551792403,46.29763301763056,-28.57963744051055,142.45461317239614,51.36414701894215,-26.780808163882053,113.25972713480287,49.91846328586545,-18.487379412128817,91.28381895508228,49.72917744468214,-13.900614141491092,81.15099032467195,49.72917744468214,-13.900614141491092,81.15099032467195,45.48933197316787,-17.09192998041291,87.4404866755486,45.48933197316787,-17.09192998041291,87.4404866755486,26.90109334584546,-25.21882400586253,142.26943456135615,27.933087975566337,-23.08706820046909,149.33025007890782,29.927499915858125,-20.00121201973551,155.8082377407323,32.888504384378145,-16.732437833465436,164.47905709895784
6.17499753,25.1717,-26.9128,92.3167,14.890419418067566,-27.160429068440916,91.64922397043631,9.76333378441815,-17.064774984631867,48.40555548850365,10.64018746431358,-22.287866941333874,8.663194993360833,11.924550613624351,-21.192459623193596,5.4631975009153715,0.9505520259362381,-12.335387310109047,4.090540938547937,-1.2117593082142704,-10.459417142166735,3.6139321806607745,35.45298058193244,-26.665170931559086,92.98417602956368,31.88663972519124,-23.26974300738372,48.55472201136457,28.63224837327778,-30.15901098703471,9.191646631979545,28.23713782770724,-30.628103564688587,5.62607099066032,32.37612235456369,-17.259765628689735,3.4086605831405805,33.44804628002542,-13.75534248416709,2.636604146241872,24.751085634520635,-31.1004663770982,100.34911164434278,25.278206118888093,-31.380572523451416,110.2551231314215,25.827468218525567,-30.196921987076372,120.09294105990752,26.37426103339952,-28.562160522611485,129.86606500326886,26.9010083096304,-22.03233120880007,138.10796455285526,6.731715691277614,-25.091757730915496,143.54529234056835,4.751959657765591,-20.53138149853615,114.27875417311638,5.030597688988194,-15.380895444202043,91.31777953152796,4.760999202947941,-12.030694799523292,80.71344394990933,4.760999202947941,-12.030694799523292,80.71344394990933,8.90064809304842,-15.840322186487398,86.71915764546183,8.90064809304842,-15.840322186487398,86.71915764546183,26.9010083096304,-22.03233120880007,138.10796455285526,46.4172188611887,-28.821179417644363,142.4385597249438,51.60030480570015,-27.091805625958184,113.25994413029233,50.400647113378795,-19.03377614158297,91.1818897665085,50.33492095819265,-14.576493526154046,80.98989425092945,50.33492095819265,-14.576493526154046,80.98989425092945,46.01858575168046,-17.686662619779632,87.26800299065701,46.01858575168046,-17.686662619779632,87.26800299065701,27.02254767270592,-25.45841093955418,142.29091004063525,28.061124867795623,-23.339117144688444,149.35451129802397,30.051449568550208,-20.25731063314378,155.83568308354756,33.00436061467749,-16.988244836043336,164.509152150437
6.18333086,25.2137,-27.0802,92.3305,14.931564893143191,-27.325617065505863,91.67548632205028,9.960295818627436,-17.483330035030804,48.35528350571404,11.051909521138956,-23.33310812050148,8.705652289708567,12.34669810239734,-22.261303917080838,5.501865760775539,1.4588287888821245,-13.303333163858955,4.098433255724054,-0.6868057906040437,-11.409130585321527,3.618580020166168,35.49583510685681,-26.83478293449414,92.98551367794973,31.91345062061062,-23.35332289133403,48.56400920533441,28.64254799821759,-30.162536343926057,9.188374761152275,28.244591051344248,-30.62955350813528,5.6228432327025235,32.38208271684658,-17.26001461604064,3.409891915870728,33.453193449330854,-13.75554889387384,2.6369006995461532,24.80208130538265,-31.27059352196425,100.36195535602494,25.34299866154619,-31.561439335761005,110.26691351680472,25.90850742024466,-30.39039722936992,120.10531985468762,26.472066406539223,-28.771935582512388,129.8802041101158,27.00961670264122,-22.258437709641633,138.13431986440887,6.852213236530353,-25.359994282089858,143.59183039324205,4.756993444580203,-20.826208681931817,114.32919955124119,4.9259952708248145,-15.678613468886855,91.36650798110153,4.469498347654286,-12.29028083882665,80.78070270336904,4.469498347654286,-12.29028083882665,80.78070270336904,8.770606870726628,-16.00048221863869,86.73498032099482,8.770606870726628,-16.00048221863869,86.73498032099482,27.00961670264122,-22.258437709641633,138.13431986440887,46.53199143566543,-29.057844979021446,142.42033601095835,51.83163083693356,-27.397954649595096,113.25862639113662,50.879394212710444,-19.576336132323817,91.08370741897873,50.93813515581204,-15.249266660946297,80.83570858397,50.93813515581204,-15.249266660946297,80.83570858397,46.54530980580824,-18.27822999477611,87.10045257877479,46.54530980580824,-18.27822999477611,87.10045257877479,27.13931482234542,-25.692850268194704,142.31018095733307,28.18450965928242,-23.58606877118871,149.37654855173497,30.17076700346244,-20.508430087268017,155.86094778346228,33.11554714878708,-17.239272594931194,164.53714624087436
6.19166419,25.2492,-27.2449,92.3428,14.96622584486003,-27.488109434487242,91.70025311011578,10.149534118062679,-17.900697299911023,48.305494076094384,11.450552918142122,-24.377420140191415,8.759771285607556,12.755826883521015,-23.329229283280778,5.552428827061384,1.9552791038862232,-14.271137264613111,4.117264153173732,-0.17344614503286504,-12.358812125003402,3.633992324974459,35.53217415513997,-27.00169056551276,92.98534688988421,31.933774518581238,-23.434198080669663,48.571963550217305,28.64635814884693,-30.163386042023948,9.183948841644252,28.245554541334094,-30.628331899877598,5.618465471739207,32.38158318093344,-17.257605667842284,3.4099573507722902,33.451884844293154,-13.753099891427944,2.6360276174709063,24.8465775808628,-31.438025228934016,100.37328559905222,25.401289407196582,-31.73961686687041,110.27715940247138,25.983044600786112,-30.581192876215134,120.11611228339352,26.563372012769044,-28.979043434915706,129.89270250202523,27.111757574202866,-22.48191283992339,138.1589960519559,6.966307471815405,-25.625585954793443,143.6365090240136,4.756417437461245,-21.119281534912716,114.37806873490344,4.816254596879184,-15.975537202780718,91.41397032020376,4.17073100583917,-12.556661268895013,80.84784295617052,4.17073100583917,-12.556661268895013,80.84784295617052,8.630493524944349,-16.161348048143996,86.74998682517747,8.630493524944349,-16.161348048143996,86.74998682517747,27.111757574202866,-22.48191283992339,138.1589960519559,46.640229153735675,-29.29180649217808,142.40035609943604,52.0562271249921,-27.701441349406217,113.25615553863831,51.352511581925036,-20.117283076018403,90.9896598565906,51.53646863276463,-15.921153613110192,80.68882891123363,51.53646863276463,-15.921153613110192,80.68882891123363,47.06725492727675,-18.868910350997727,86.93826167130729,47.06725492727675,-18.868910350997727,86.93826167130729,27.249595446937587,-25.924648367362597,142.3277368571569,28.30141385495669,-23.83040652427761,149.39684858648502,30.283577413114315,-20.757015847816646,155.884514490418,33.220144669549235,-17.487910239909223,164.56351568636114
6.19999752,25.2802,-27.3964,92.3459,14.996255230709071,-27.62580140091265,91.71389541976896,10.389857689281676,-18.39544153729187,48.219003067581326,11.825276393948505,-25.412568962025734,8.770248010706084,13.143280403040185,-24.386977568056036,5.560806070394101,2.4234986906712788,-15.24049678242317,4.081370273473576,0.30965617242247,-13.312791083092394,3.5938963462619005,35.564144769290934,-27.16699859908735,92.97790458023104,31.959191064986957,-23.44198823421522,48.57798668817385,28.643791010390323,-30.16262903547518,9.190858214668445,28.24397134224346,-30.628705572153464,5.625411995957398,32.376095745204694,-17.257231961896743,3.4141222346053715,33.44571697284135,-13.75216905301373,2.64177642231556,24.88044537397285,-31.593869161723028,100.3742592240167,25.445377337844867,-31.90964860928846,110.27711306809069,26.041174160465417,-30.769441771164306,120.11735359121055,26.638237991212993,-29.187780058505858,129.89627173429383,27.195643526194694,-22.707663655995525,138.17530744055142,7.069278955585446,-25.922947956139243,143.68133912227773,4.692436602075512,-21.373832506781348,114.44261666908265,4.668049033478905,-16.109477224379937,91.50580191752768,3.878198558719642,-12.74532155033947,80.93191646045904,3.878198558719642,-12.74532155033947,80.93191646045904,8.456594405068788,-16.22429458271978,86.81864635640868,8.456594405068788,-16.22429458271978,86.81864635640868,27.195643526194694,-22.707663655995525,138.17530744055142,46.73287659037986,-29.520494882101673,142.37135840786613,52.26000283638868,-27.980526171476036,113.2453203410268,51.79920673272671,-20.639484179771955,90.89116476165215,52.104998906854625,-16.582630936937576,80.53757148476464,52.104998906854625,-16.582630936937576,80.53757148476464,47.56232622990012,-19.448125597448385,86.77228206781491,47.56232622990012,-19.448125597448385,86.77228206781491,27.341819133868025,-26.15904239121128,142.3366106750949,28.3991477958196,-24.074126451215434,149.40765678767733,30.37615661786724,-21.003165440989505,155.89804553518067,33.30347797644451,-17.731466621233228,164.57919275100548
6.20833085,25.3104,-27.5508,92.3466,15.025516583471122,-27.766523188566104,91.72514089086725,10.626026159373643,-18.896289956990415,48.13400017769337,12.189256328285365,-26.45431094374503,8.790164448410685,13.519893377098143,-25.451377083362814,5.578775565135155,2.8815651370472484,-16.21756427470494,4.054559612062423,0.7827133036898934,-14.274628902678899,3.562794010741534,35.59528341652888,-27.335076811433893,92.96805910913274,31.984268486507016,-23.452577736053396,48.582128068375816,28.640858638514807,-30.164611358944708,9.195899575112783,28.242015412349954,-30.63181950948986,5.630492099296507,32.37009602184222,-17.259558116949044,3.41641515142494,33.438997714838145,-13.753927486913277,2.6456514547801944,24.913552529921944,-31.752642287416315,100.3728155734613,25.488670879662635,-32.08262503233947,110.27461991975316,26.098449076268373,-30.96066256589121,120.11610099808814,26.712182455056173,-29.399522021490927,129.89728449400474,27.278509877994463,-22.93647266352495,138.18904594694848,7.171463067404254,-26.223613157735716,143.72315515874163,4.62767150020966,-21.633635513806176,114.50487404347246,4.516531125211696,-16.248175764935294,91.59644822783999,3.5855856082894593,-12.942548014788372,81.0155868993448,3.5855856082894593,-12.942548014788372,81.0155868993448,8.278511571559768,-16.292826165041024,86.88675654201117,8.278511571559768,-16.292826165041024,86.88675654201117,27.278509877994463,-22.93647266352495,138.18904594694848,46.8244786957102,-29.75197803507433,142.33982639732955,52.462908407669175,-28.262025519935904,113.23252708038964,52.24675764651322,-21.16444784608525,90.79619109939426,52.67548397377096,-17.247294055664526,80.393279932352,52.67548397377096,-17.247294055664526,80.393279932352,48.05923405051381,-20.030742787744188,86.61109309741867,48.05923405051381,-20.030742787744188,86.61109309741867,27.43302827478497,-26.396491429465673,142.3428660316887,28.495792724007256,-24.320931616397605,149.41584946800083,30.46754027023726,-21.252469604171186,155.90902003375368,33.38544126710399,-17.978293373760625,164.59240441261764
6.2166641799999995,25.3428,-27.6916,92.3425,15.057002134231194,-27.893436582799453,91.73159978851723,10.861240061656208,-19.38638946299599,48.048080788993104,12.545430130400804,-27.48596645096637,8.81716012533441,13.888637779484968,-26.50581240030642,5.603971507774482,3.3327537898138093,-17.18538548116873,4.034412257023629,1.2490645851409181,-15.227305707111835,3.5382538330711983,35.62859786576881,-27.48976341720055,92.95340021148277,32.01208811422018,-23.449917507800425,48.58196114877874,28.64036906698767,-30.153375957678886,9.196685535076568,28.24247533610447,-30.621723060705442,5.631321400291668,32.3667907282425,-17.2487752581494,3.414375163621757,33.43504334320639,-13.742603842721513,2.645172995229588,24.948766678477266,-31.897790038112838,100.36657664839451,25.534036329811908,-32.241976798947164,110.26730257881462,26.15778254459425,-31.138272440903904,120.10997276479469,26.788180023089307,-29.597673314925082,129.8933531822445,27.36355285599444,-23.151737241187785,138.19780355433096,7.275956635800011,-26.510373838648363,143.7595503249624,4.565861036729167,-21.88138301882573,114.56238355361462,4.365936490295468,-16.374362150164654,91.68347943720502,3.2975175288957246,-13.13091135979629,81.09636610427785,3.2975175288957246,-13.13091135979629,81.09636610427785,8.100605672336414,-16.34975869369541,86.95195462134033,8.100605672336414,-16.34975869369541,86.95195462134033,27.36355285599444,-23.151737241187785,138.19780355433096,46.918025769356326,-29.970206893634526,142.30341550862707,52.66810929331926,-28.53007725519847,113.21545772998698,52.69853997996291,-21.676244504122526,90.70244920527867,53.25139602648074,-17.89918446468516,80.25368715031837,53.25139602648074,-17.89918446468516,80.25368715031837,48.56138363476397,-20.60068909175827,86.45241341215714,48.56138363476397,-20.60068909175827,86.45241341215714,27.526309199025825,-26.620385131499752,142.34410543405914,28.594512014110883,-24.55422522947335,149.4190215118372,30.56099837656809,-21.488377571223793,155.91502189862717,33.46941909548482,-18.211913597485555,164.60072355347185
6.22499751,25.3849,-27.8432,92.3341,15.098219266033047,-28.03128101308474,91.73376690916612,11.102676814443724,-19.890375316432483,47.96179645768013,12.901219642410046,-28.53169330179699,8.851725544144486,14.256901795857537,-27.57438408543937,5.636888875400531,3.784103329123612,-18.168461882145447,4.021438232156355,1.7156760924067993,-16.195401313466412,3.5207876118311474,35.67158073396695,-27.65511898691526,92.93443309083389,32.05003955365309,-23.458027160527685,48.57800219372314,28.64995692965526,-30.152907390360863,9.193705874654839,28.253003270738514,-30.62239956432761,5.628387552981922,32.37343705695931,-17.248735983619312,3.4085432243393305,33.44100765190608,-13.742016245130834,2.6408953101883816,24.99372392975875,-32.05375373097461,100.35602754362357,25.589118931832584,-32.412177955355624,110.25564450122765,26.226780821442443,-31.326776643515494,120.09945831230692,26.87378346213342,-29.806768182051172,129.8849752072091,27.458110491764234,-23.37801052207699,138.2021068412381,7.390199043658118,-26.808392925514507,143.79105983058753,4.514290151382294,-22.142205148893282,114.61568388927978,4.223322794612886,-16.513169032053707,91.76747186661572,3.0210616773828813,-13.335405740632659,81.17479281452707,3.0210616773828813,-13.335405740632659,81.17479281452707,7.9299652652539905,-16.42011941029481,87.01480633291465,7.9299652652539905,-16.42011941029481,87.01480633291465,27.458110491764234,-23.37801052207699,138.2021068412381,47.02107880778473,-30.199152449559378,142.262560302555,52.882976599215,-28.80833304436373,113.19452807976846,53.161539189588375,-22.198357952650625,90.61041564624173,53.83950523329669,-18.561673196212293,80.11930765629465,53.83950523329669,-18.561673196212293,80.11930765629465,49.07569156270586,-21.181539419965798,86.29676109887853,49.07569156270586,-21.181539419965798,86.29676109887853,27.62911332596933,-26.855290161956646,142.34083991172866,28.702684874904197,-24.798569632609478,149.41769347076036,30.663807610548055,-21.735413371009003,155.9165843634634,33.56257810825167,-18.456790012419106,164.60469687197477
6.23333084,25.4123,-27.984,92.3239,15.125212599182786,-28.16193383253185,91.72745455472581,11.37433833163148,-20.434967544126547,47.85891187940014,13.229695685227192,-29.54170505337872,8.857248315930981,14.593986748175439,-28.60680609813515,5.639459683555632,4.1908955039622615,-19.1311337369973,3.981784543806176,2.1376782446878804,-17.144752001165504,3.471297746061448,35.69938740081721,-27.806066167468153,92.92034544527418,32.06185861530874,-23.454905954137566,48.58007152435071,28.64718012821786,-30.155900366645767,9.19807786730825,28.25197765815568,-30.626917301011886,5.632766113927195,32.363997329518185,-17.25116947317239,3.4098794167753224,33.42950596080098,-13.743876841798395,2.641983998002987,25.0203562718699,-32.2015967213896,100.3420893819118,25.621449682637966,-32.57733725861063,110.24071983266711,26.268416305616967,-31.514333593851912,120.08637046824528,26.926784070326285,-30.0178749310298,129.87475860916288,27.51487824505388,-23.60738415190056,138.20571263366395,7.466658125794435,-27.10870021375066,143.82128426304874,4.394358788488427,-22.369422014207004,114.67772681771754,4.007808881964526,-16.60032826487224,91.86589570486838,2.8430117529604146,-13.488697843647596,81.24942432305619,2.8430117529604146,-13.488697843647596,81.24942432305619,7.745482874630612,-16.49027490514737,87.13796088138986,7.745482874630612,-16.49027490514737,87.13796088138986,27.51487824505388,-23.60738415190056,138.20571263366395,47.08793123472622,-30.424647141310015,142.22386032093314,53.05279970544519,-29.075621100562064,113.17481223827807,53.56878106479946,-22.68728910578536,90.53117119269285,54.38326435906319,-19.185326002597723,80.00400005234647,54.38326435906319,-19.185326002597723,80.00400005234647,49.53977327758633,-21.72951903173155,86.15105029843401,49.53977327758633,-21.72951903173155,86.15105029843401,27.694366050391658,-27.093852188976864,142.33634840145808,28.77189024803018,-25.045100088706995,149.41491237571466,30.726307859298206,-21.9822868014174,155.91598444657095,33.6150649657642,-18.695689005319384,164.604419161347
6.24166417,25.4369,-28.1238,92.303,15.149413227103604,-28.291376078727026,91.71045551616766,11.63829195395035,-20.982343123044853,47.75054006006194,13.543570802530134,-30.55438233077803,8.862871608420704,14.916361564304701,-29.64198064725505,5.642241462643199,4.583800557028695,-20.09691487504142,3.94210516368501,2.545961052875707,-18.0973053188621,3.421737925044982,35.724386772896395,-27.956223921272972,92.89554448383234,32.07110530452282,-23.45099940428858,48.57195495393978,28.641857283518764,-30.15813091680448,9.192272063212286,28.248411894707395,-30.630669430037123,5.626967318434506,32.35227229624074,-17.252923229747548,3.401029896725549,33.41578601472251,-13.745079694052894,2.6328854316108727,25.044095390172487,-32.348420178188995,100.31744894194458,25.650858840030608,-32.74148646465591,110.21506057560445,26.307122024442076,-31.700904804485578,120.06249107709586,26.976855949403898,-30.22802563694819,129.85368418457716,27.56883174734301,-23.835857246124974,138.1984304158304,7.5404338567571045,-27.40775423259886,143.84022256854152,4.271721587797319,-22.596995313643113,114.72976327353143,3.788190383064074,-16.68792367442162,91.95564260605894,2.663450947696358,-13.64034833903961,81.31629551102704,2.663450947696358,-13.64034833903961,81.31629551102704,7.557193601787668,-16.559974189652436,87.25309755267578,7.557193601787668,-16.559974189652436,87.25309755267578,27.56883174734301,-23.835857246124974,138.1984304158304,47.15174212572781,-30.64956373562544,142.1743597194132,53.219744102245905,-29.34235444703805,113.14476658535767,53.97453536413615,-23.17589810300656,90.44638319472547,54.92648852117765,-19.808914628082416,79.88675875551124,54.92648852117765,-19.808914628082416,79.88675875551124,50.003419621132544,-22.277691883334143,86.00125646367373,50.003419621132544,-22.277691883334143,86.00125646367373,27.756709863659385,-27.331498645849802,142.3209320968415,28.838178329744792,-25.29075477408374,149.4012076500394,30.785873389614256,-22.228392915362775,155.9045095269717,33.664514390496635,-18.933988993186226,164.5933454255249
6.2499975,25.4689,-28.254,92.2973,15.181027774503765,-28.411364818488618,91.70866072526107,11.904422453954817,-21.524071827620354,47.662626226327035,13.853041802909713,-31.560974266053805,8.894491737236038,15.234204758656105,-30.671088532631455,5.671142219308258,4.9726638791182545,-21.057353547493307,3.9283170952340116,2.9503002833635112,-19.04468121533275,3.398028631451006,35.756772225496235,-28.096635181511385,92.88593927473894,32.08784884812303,-23.437321183365064,48.57957521078486,28.644317304966172,-30.15045344199286,9.202161310435152,28.2526537053687,-30.62450013372383,5.63686059346761,32.3481949210461,-17.244699112742396,3.4079532850243424,33.4096721460528,-13.736288688738881,2.6395809682822864,25.07528192597251,-32.48566503784135,100.30799152906353,25.687688681884634,-32.89607922025694,110.20455139623886,26.35319173245141,-31.877953035314203,120.05370891359131,27.03422943247017,-30.42868811248,129.84764570504527,27.62996747942839,-24.054904097707315,138.20617519643517,7.621631456654125,-27.697712096397446,143.87375213234284,4.15684250054793,-22.81690243595183,114.79765101496218,3.575118285718485,-16.76774421274184,92.06263872183922,2.4930438331188904,-13.782015774791233,81.40135355518561,2.4930438331188904,-13.782015774791233,81.40135355518561,7.375791580893659,-16.62082087020143,87.38621034675862,7.375791580893659,-16.62082087020143,87.38621034675862,27.62996747942839,-24.054904097707315,138.20617519643517,47.222750056648024,-30.864664857670306,142.14000515130954,53.39402370167848,-29.59897515352112,113.13034929656071,54.388743994260196,-23.654492399718848,90.38204917173219,55.47894369061019,-20.422643476659765,79.79360839929245,55.47894369061019,-20.422643476659765,79.79360839929245,50.47651976499374,-22.816477695945668,85.87339978985513,50.47651976499374,-22.816477695945668,85.87339978985513,27.826258868404246,-27.559710713476367,142.3204949906023,28.91158109260823,-25.52699885882134,149.40249115609785,30.852418274571495,-22.465148428615766,155.90808371009774,33.720711040597514,-19.16303145800268,164.59741398389627
6.25833083,25.498,-28.3866,92.2838,15.209752558785587,-28.533723502676168,91.69908291173822,12.162393490711468,-22.071954398599665,47.572183575779555,14.147529988926316,-32.57315623970715,8.929088815321037,15.53693745075947,-31.705838285610064,5.703132164170375,5.347047875876747,-22.024005457865947,3.917404148118422,3.34028749544926,-19.998405772895556,3.3771551530296935,35.786247441214414,-28.239476497323835,92.86851708826178,32.10181998004954,-23.42622733076721,48.57989858424818,28.644126517953538,-30.145516528650546,9.204775876028123,28.254256882615284,-30.62108176670332,5.63948076686857,32.3415252778804,-17.239252492906452,3.4075660391022726,33.40097816598366,-13.730282431050739,2.638955407839611,25.103551461281587,-32.62528360418535,100.29073915353509,25.721582879039808,-33.05302771165836,110.18621545261165,26.396301926023877,-32.05734963145252,120.03704071797061,27.08862121498463,-30.631698495960308,129.83365196280434,27.6881275851756,-24.27632991658077,138.20592310499364,7.700042785292986,-27.990069788064037,143.89886531791458,4.03910679086161,-23.04081865853466,114.85839041577965,3.357676742195877,-16.851665478638004,92.16386380153739,2.320680142640491,-13.925579986939937,81.48158302547422,2.320680142640491,-13.925579986939937,81.48158302547422,7.190244728205263,-16.684797629403633,87.51421176444818,7.190244728205263,-16.684797629403633,87.51421176444818,27.6881275851756,-24.27632991658077,138.20592310499364,47.2907053832685,-31.082058155994865,142.09770876725162,53.56529067255076,-29.85790391285677,113.10843924426209,54.80097616497599,-24.13561047561032,90.31502042606247,56.03014164455391,-21.039091214598493,79.70138855375501,56.03014164455391,-21.039091214598493,79.70138855375501,50.94861282561058,-23.358363406474943,85.74436729904289,50.94861282561058,-23.358363406474943,85.74436729904289,27.892799082303082,-27.790276315916262,142.31203043102164,28.981932303496738,-25.765606959778022,149.39574515758335,30.915842650973673,-22.704334547510015,155.9036721307683,33.773630385845266,-19.394611357593458,164.59356983758548
6.2666641599999995,25.5241,-28.5191,92.2657,15.23602132246092,-28.66755822164699,91.67835675181277,12.427022222441042,-22.62694417400928,47.476042239634005,14.425697530394107,-33.55860127624882,8.953205509942947,15.819752534651863,-32.71541749371093,5.722858532052027,5.720179823481843,-22.9434644350954,3.9150627825259896,3.73200271525827,-20.900814502707387,3.3703212612968847,35.81217867753908,-28.370641778353015,92.85304324818722,32.10616340583679,-23.426625055648607,48.580633649188336,28.648312470662407,-30.152988728971717,9.206732669804637,28.259432603340404,-30.629384385635312,5.641440329658646,32.33210377986887,-17.243266226278273,3.4085607736579346,33.38771660820408,-13.73325842968875,2.6394051040208186,25.128501531942973,-32.765554624741384,100.2684637680106,25.74479195507483,-33.213015308251414,110.16317670429474,26.419914812046827,-32.242080587064784,120.01644387491324,27.115502893158133,-30.84218471362219,129.81653712984374,27.716015936741595,-24.50690228310675,138.20394569006592,7.743996881612414,-28.278316756815553,143.91532700889383,3.895898698038277,-23.2495022792131,114.91274286610702,3.130695589516293,-16.937920387225397,92.25463393214167,2.165060180980513,-13.996565507413422,81.56985782032481,2.165060180980513,-13.996565507413422,81.56985782032481,6.994664174107419,-16.76275082932599,87.63135060578387,6.994664174107419,-16.76275082932599,87.63135060578387,27.716015936741595,-24.50690228310675,138.20394569006592,47.32371571877112,-31.318359817685682,142.05973929870567,53.70136898213862,-30.12517886486434,113.09167792577148,55.15048169759192,-24.574698949597764,90.26836205607074,56.51295435829755,-21.58878476025079,79.63932420998373,56.51295435829755,-21.58878476025079,79.63932420998373,51.354815252325096,-23.83743808818989,85.64396490930538,51.354815252325096,-23.83743808818989,85.64396490930538,27.92735843919461,-28.030760170607614,142.3012114890293,29.018424267721073,-26.0155129927749,149.3873151908219,30.946279026571233,-22.95517239051157,155.89747670413456,33.79662378205888,-19.636439293663486,164.58638261300186
6.27499749,25.5566,-28.6477,92.2429,15.268690949615387,-28.797490184482815,91.65292959256678,12.69280780825024,-23.181545976196546,47.38047654395598,14.698813964371185,-34.54245928942157,8.982424930872916,16.097469685072454,-33.72334646016004,5.747876091932811,6.089424819976115,-23.861820171326126,3.917603371036715,4.120075437986469,-21.802224259828677,3.368296555222469,35.844509050384616,-28.497909815517186,92.83287040743323,32.11672408068985,-23.42324060823974,48.577074697645934,28.65902731438399,-30.156637307864983,9.204362298729933,28.27116622318684,-30.633856418800082,5.639069107743578,32.329226466865926,-17.24345366474966,3.405278127595695,33.38099726470715,-13.732409081983821,2.6355913430923463,25.159854153955123,-32.90192189064155,100.24148061116674,25.774407353498166,-33.36909779813674,110.13539035791435,26.44993564251227,-32.42291283963173,119.99103719591744,27.14879450530704,-31.04878038610363,129.7945434732885,27.75030765218098,-24.73361865140096,138.19704047981492,7.794496487187782,-28.562846863494666,143.92657806035652,3.759848695633857,-23.45487757848068,114.96320483447927,2.9112275412595783,-17.021066058858423,92.34247510031011,2.0173576789907104,-14.064016951646384,81.65578627365628,2.0173576789907104,-14.064016951646384,81.65578627365628,6.80652801825214,-16.837671031843474,87.74587997233682,6.80652801825214,-16.837671031843474,87.74587997233682,27.75030765218098,-24.73361865140096,138.19704047981492,47.3631161739023,-31.550647727470672,142.0168369804568,53.843638639995405,-30.38861887786038,113.07034774326023,55.50614217893883,-25.010613380669724,90.22030089221006,57.001897424609446,-22.135761775445765,79.5785714592723,57.001897424609446,-22.135761775445765,79.5785714592723,51.76772681215366,-24.313891604674517,85.54328094092286,51.76772681215366,-24.313891604674517,85.54328094092286,27.96832397628431,-28.2673593600424,142.28543534559228,29.061294946346344,-26.261537337987267,149.37391924392628,30.983029900843984,-23.20216053653475,155.8863427447358,33.82577674685616,-19.874458516481685,164.57430741556766
6.28333082,25.5827,-28.7772,92.2229,15.29496407888248,-28.92849894410685,91.6303014370078,12.946767357617729,-23.740594204336443,47.293006539604455,14.954086125814724,-35.52934238760462,9.02420897129386,16.35727024741766,-34.73421786666347,5.78563811971758,6.441792682925479,-24.783850386957383,3.9325184023598894,4.4914792854708265,-22.707449457247353,3.3785805757870753,35.87043592111752,-28.625901055893152,92.81549856299219,32.120608939060205,-23.420768956427114,48.57672032848685,28.66349822994339,-30.161361080485097,9.205187680493616,28.276692184491523,-30.639416432253242,5.639891899292886,32.31991156078278,-17.24467674765758,3.4051912801716173,33.36778164875024,-13.732582374423048,2.6349737707384637,25.18488371355112,-33.03919233773784,100.21728968713684,25.797711972075476,-33.5260713419181,110.11035642102894,26.473630651443035,-32.60462889594155,119.96832055151931,27.175738001322493,-31.25625388928956,129.77517066514304,27.77813395886404,-24.961236792699722,138.19270715808318,7.838724899266264,-28.848692136172556,143.9401105845476,3.6175683424955425,-23.662230985217075,115.01729641142708,2.685384356337642,-17.10655363422083,92.43487781364209,1.863433746265943,-14.13347455979687,81.74686308485877,1.863433746265943,-14.13347455979687,81.74686308485877,6.611854357907482,-16.914990109107837,87.86521447209073,6.611854357907482,-16.914990109107837,87.86521447209073,27.77813395886404,-24.961236792699722,138.19270715808318,47.39616894755693,-31.783303005403944,141.97650215938822,53.97927264136415,-30.652521497107394,113.05193127964868,55.85494329756754,-25.447633277164865,90.17831109290603,57.4838402971786,-22.68426459982016,79.52660001211754,57.4838402971786,-22.68426459982016,79.52660001211754,52.17429312992084,-24.7920770266901,85.44980745450563,52.17429312992084,-24.7920770266901,85.44980745450563,28.00288823433414,-28.5048276325596,142.27220180415384,29.097702496959165,-26.508413494696118,149.3630567471767,31.01320112035132,-23.449997453124674,155.8777683941294,33.848139236136774,-20.113315898050605,164.56484054567133
6.29166415,25.6098,-28.897,92.2051,15.322235454751555,-29.049625385792286,91.60987228814604,13.196376766332405,-24.29284837953312,47.21304920811477,15.198562370557411,-36.507887305543164,9.077909815000005,16.60623421226546,-35.73669392501759,5.835501666802772,6.784672565583904,-25.69791793225309,3.9592116072626578,4.853667880243136,-23.60479334739244,3.4005877066426375,35.89736454524844,-28.74437461420771,92.80032771185397,32.1254096555964,-23.40881645680665,48.578972263276626,28.6690850544838,-30.156554347216126,9.20859465137054,28.283355262425964,-30.635436911378047,5.6432932810989165,32.31193044562376,-17.236431125143703,3.4077202150191335,33.35595301728143,-13.723305371649623,2.6369816538935273,25.210841575177763,-33.16675209026153,100.19529100006193,25.82193883712975,-33.67334347820972,110.08747500272239,26.49826435293623,-32.77666322470729,119.94769444044526,27.203644406694828,-31.454065710062977,129.75781950766108,27.807024643716183,-25.1792381303257,138.1903465832263,7.88409418757557,-29.124671269325113,143.95536073979784,3.476633115297461,-23.860173050212236,115.07446624123165,2.460957773135066,-17.1829084749312,92.53130666607403,1.711167051592117,-14.193414038128843,81.84256503213601,1.711167051592117,-14.193414038128843,81.84256503213601,6.418437608862065,-16.983350744431238,87.98881655881877,6.418437608862065,-16.983350744431238,87.98881655881877,27.807024643716183,-25.1792381303257,138.1903465832263,47.430136521520296,-32.006554301392576,141.93817568438234,54.115745136745005,-30.90733804967198,113.03590790629983,56.20466010763845,-25.87624043619904,90.1418913672981,57.96668908462386,-23.22480279410372,79.48292363373179,57.96668908462386,-23.22480279410372,79.48292363373179,52.582325812361816,-25.262325534631206,85.3630328153638,52.582325812361816,-25.262325534631206,85.3630328153638,28.038457785655744,-28.7326540556392,142.26091178409712,29.135121424819907,-26.745668687237593,149.354128932246,31.04437025708329,-23.688276749458876,155.87115547337706,33.8714006488246,-20.342706043383245,164.55738574324786
6.29999748,25.6363,-29.0221,92.1852,15.349547104397466,-29.189763907635793,91.58007316297387,13.451838725235378,-24.840443166907534,47.13115625545037,15.43453269219175,-37.38996483914164,9.103755474940527,16.853637909974104,-36.650134335372506,5.859024199448579,7.1453125521115535,-26.512759145500706,3.9244431063809726,5.23982360858314,-24.40055674456869,3.350227825769257,35.92305289560253,-28.854436092364203,92.79032683702611,32.12850385348547,-23.424425242393994,48.58240354282268,28.661479506802678,-30.14579526907771,9.208456485994532,28.276095202754153,-30.62566459058334,5.6432504307894815,32.305287014667314,-17.227402655775467,3.40433295372824,33.34993829028211,-13.713858010334034,2.6363607169603895,25.23614682304624,-33.297719354376525,100.17219314673267,25.838722544857994,-33.82291840776193,110.06392947026082,26.50669180578442,-32.947789688137604,119.92665454150487,27.206629719795945,-31.650125584834292,129.7404985300716,27.807213077244356,-25.397998048377236,138.19006908984747,7.889678790667528,-29.379198351547814,143.9491368033816,3.339708104731381,-24.032493361573508,115.10546792878617,2.2748896491348445,-17.247240648149965,92.5968471467036,1.547395664816876,-14.191705412925105,81.92525318141685,1.547395664816876,-14.191705412925105,81.92525318141685,6.236812324594627,-17.039511828593888,88.05859817119514,6.236812324594627,-17.039511828593888,88.05859817119514,27.807213077244356,-25.397998048377236,138.19006908984747,47.42724170696398,-32.25233252981454,141.90457635536228,54.21544826654019,-31.17488766418558,113.02541283032132,56.484710690527606,-26.242999948529793,90.1269754633034,58.364012187306685,-23.660344541470376,79.47115180844429,58.364012187306685,-23.660344541470376,79.47115180844429,52.912403438644176,-25.638537940213517,85.30941042574102,52.912403438644176,-25.638537940213517,85.30941042574102,28.041983317766125,-28.962388038208704,142.25083675453288,29.139183430213915,-26.987376943624685,149.34731437318388,31.04393789058731,-23.931666080250192,155.8664441515855,33.86562363195502,-20.577649483347972,164.5511550121189
6.30833081,25.6612,-29.1513,92.1627,15.37529081670796,-29.33399262974906,91.54766302053956,13.701263548890267,-25.39463762563873,47.05155962812784,15.660826517780647,-38.27665434989818,9.134300526541232,17.091216899888412,-37.56818735230974,5.8875255556352375,7.497580916025333,-27.333461724358195,3.894261667014537,5.617920805566214,-25.202513981819326,3.3043889073304546,35.94710918329204,-28.96860737025094,92.77773697946044,32.12978106526396,-23.444235153274413,48.583467895136735,28.652011374518466,-30.1392839657955,9.205984239294892,28.26697119410047,-30.62014382447402,5.640874465476511,32.29674720450528,-17.222619132211605,3.3985991866169245,33.34201682183207,-13.708655507413804,2.633390267241695,25.25986176424738,-33.43278934539214,100.1464885468189,25.853958522527677,-33.97662316978185,110.03773077687526,26.5136164190012,-33.12307691880092,119.90290636058671,27.20816185215272,-31.850375513655365,129.72040180571062,27.80597432620486,-25.621005065567335,138.18695989104583,7.893896069892701,-29.638047996753556,143.94000208135765,3.201382374910213,-24.208963081183473,115.13458464223814,2.087730085216676,-17.315993957336318,92.66108341356106,1.382798909205723,-14.19492689660268,82.00695401363564,1.382798909205723,-14.19492689660268,82.00695401363564,6.054097120658554,-17.100350616322853,88.1270877362212,6.054097120658554,-17.100350616322853,88.1270877362212,27.80597432620486,-25.621005065567335,138.18695989104583,47.42292441332242,-32.502182567189394,141.8679453991277,54.31292258319264,-31.447257328138726,113.01206593585023,56.7612678335137,-26.615963678600988,90.11063127670351,58.75702830475457,-24.103016821798242,79.45931684762098,58.75702830475457,-24.103016821798242,79.45931684762098,53.2391034003993,-26.021475187052268,85.25505433343302,53.2391034003993,-26.021475187052268,85.25505433343302,28.044118022903007,-29.19634409337762,142.2378937966952,29.14187396042711,-27.233316345898555,149.3376096689508,31.042113550045144,-24.179298338345337,155.85884996617102,33.85837362152891,-20.816845744307813,164.54205975570258
6.31666414,25.6917,-29.2777,92.1419,15.406669769101471,-29.475592079006688,91.5169466540855,13.951676923510648,-25.948656004042643,46.978560738199455,15.884733363182338,-39.16122994870289,9.173852536072978,17.326255618298557,-38.48411774402944,5.925310941158899,7.848558290664595,-28.153510930191594,3.872903276086683,5.99499745822328,-26.00419486378676,3.267293688948635,35.97673023089853,-29.07980792099331,92.76685334591451,32.136306076865736,-23.46131601122314,48.58645279061206,28.647835605029243,-30.130293870538225,9.205491809840012,28.263144817651646,-30.6121670784923,5.640481143213213,32.29323162170839,-17.215308563976038,3.394786753096664,33.339045830989676,-13.700909861747057,2.632324936979542,25.289264693788148,-33.56505569685493,100.12248455925754,25.874940320243546,-34.12750880731227,110.01318774960316,26.526322664954424,-33.29553225227197,119.88075559042707,27.215508621982874,-32.04777683580709,129.70183028608628,27.81047101752346,-25.841180818292454,138.18529817187826,7.9039947475421215,-29.894431843350862,143.93232762025704,3.06876957379285,-24.383033354906665,115.1661703193467,1.9064555448374727,-17.382773348221793,92.72832532084246,1.2242850799494494,-14.196761300813368,82.0919522772967,1.2242850799494494,-14.196761300813368,82.0919522772967,5.8772511567786125,-17.15945645881015,88.19857940218516,5.8772511567786125,-17.15945645881015,88.19857940218516,27.81047101752346,-25.841180818292454,138.18529817187826,47.4245019157607,-32.74859897938487,141.8325375540419,54.41546194697629,-31.71682680536332,113.00011404052397,57.04151246819523,-26.987523116243352,90.09707826977771,59.15284670166368,-24.545183127552377,79.45162365453984,59.15284670166368,-24.545183127552377,79.45162365453984,53.569584267872884,-26.403639023577266,85.20417726417399,53.569584267872884,-26.403639023577266,85.20417726417399,28.052090454186008,-29.427425559748194,142.22637424072528,29.15039347626121,-27.476346415751244,149.32929843770646,31.046050014260402,-24.423986961582756,155.85264876978192,33.85675340499645,-21.053045294813156,164.53436744841588
6.32499747,25.7138,-29.4108,92.1241,15.429677787828934,-29.623701074833697,91.48921554794249,14.18915780501511,-26.51125667096408,46.91346090200227,16.091899798276565,-40.05214208114435,9.22355807769869,17.544413069952057,-39.40638420073288,5.973528570279868,8.18421717338489,-28.98105998173721,3.861678976509153,6.357090102106296,-26.813690677351662,3.240287595245933,35.99792221217106,-29.1978989251663,92.7589844520575,32.13431367726664,-23.485244989546416,48.59268263324024,28.634981280335033,-30.128008008793785,9.208254848443048,28.250629679413436,-30.610879837265916,5.64334271940859,32.281205702155965,-17.214736748499796,3.3942610690017747,33.32760946956613,-13.699916589065491,2.6345558485484513,25.31019995938653,-33.70403167207094,100.10146621772147,25.887482224190663,-34.285146465392046,109.99158400388185,26.530643770205,-33.47478860224721,119.86148990007801,27.214536992134843,-32.25202696211277,129.68607757961013,27.806778554987925,-26.068276834498274,138.18640263436285,7.90590937869322,-30.15750306122761,143.9273628096848,2.928052701173872,-24.56358100907261,115.20149118474555,1.71750275906142,-17.4563122955771,92.79986618762047,1.058405407186362,-14.205872212844634,82.1815475457553,1.058405407186362,-14.205872212844634,82.1815475457553,5.692729527982397,-17.225643237134175,88.2743772379454,5.692729527982397,-17.225643237134175,88.2743772379454,27.806778554987925,-26.068276834498274,138.18640263436285,47.41778414050237,-33.002106014584264,141.79963687342206,54.508830660081074,-31.994336909663488,112.99081561450316,57.31134736145655,-27.368491587170276,90.08756349977327,59.537435683951465,-24.99772446681782,79.44930918469076,59.537435683951465,-24.99772446681782,79.44930918469076,53.88975097115709,-26.79568605153825,85.15803428566579,53.88975097115709,-26.79568605153825,85.15803428566579,28.051846208172762,-29.665408177556536,142.21758298733025,29.150744398214854,-27.726309199893723,149.32369510474362,31.04184637440927,-24.675654285991357,155.84916439165448,33.84696560064967,-21.296285308087274,164.52941277082866
6.3333308,25.7365,-29.5475,92.1047,15.45375320789078,-29.788642800832164,91.45775072148243,14.41907438092418,-27.039449378120295,46.85286895390518,16.261898355796617,-40.845070971835476,9.256145800167694,17.734481740723496,-40.233778324541696,6.008483669126063,8.555853868188988,-29.660358182279534,3.836816596866248,6.764623167904953,-27.465351916297433,3.2079681607870314,36.019246792109215,-29.306357199167834,92.75164927851756,32.1376348124396,-23.52352280078275,48.59606053813115,28.639226127970844,-30.12376882954842,9.20440318881166,28.255141684340142,-30.606638254624936,5.639461940756208,32.27231822950778,-17.20626941746962,3.391581020166406,33.31509163843892,-13.690488237518935,2.63133110603902,25.335489173379372,-33.844567215025435,100.0801314379215,25.897656506438974,-34.439641753118934,109.97028984030078,26.523013566845712,-33.643981291714425,119.84253538108617,27.18995811119265,-32.4412351374867,129.6707582979545,27.772557860302,-26.278986540234133,138.18734866640574,7.8676339604459855,-30.393852534707708,143.89583981805572,2.8211658246681797,-24.705122216325453,115.20057490623974,1.5802125414392556,-17.509757579350072,92.82875636304108,0.876615613023973,-14.172788508952172,82.24017526752142,0.876615613023973,-14.172788508952172,82.24017526752142,5.530945938620712,-17.261928010240602,88.28277215260104,5.530945938620712,-17.261928010240602,88.28277215260104,27.772557860302,-26.278986540234133,138.18734866640574,47.37180329058107,-33.25431362282204,141.78448356721233,54.56809405861269,-32.270095711511495,113.00095640452781,57.500456645155545,-27.671981692938754,90.1083790185442,59.81979705678103,-25.315330643488533,79.48692352897075,59.81979705678103,-25.315330643488533,79.48692352897075,54.1185363040582,-27.073817903136085,85.15454200068208,54.1185363040582,-27.073817903136085,85.15454200068208,28.016253173010615,-29.886310014563914,142.2094944914739,29.11209063136077,-27.959113806686396,149.3193163277592,30.998819055578807,-24.91355813347636,155.8484325004985,33.798297585375686,-21.53345397381559,164.530215515378
6.34166413,25.7608,-29.6853,92.088,15.479517869165972,-29.954547963614772,91.4289718592638,14.646793374329393,-27.570508140562467,46.79885841231186,16.427336863782575,-41.63832443465478,9.296445299448884,17.91978642747222,-41.06168792352722,6.051514718145608,8.925720196635764,-30.34321186489383,3.8195638638859957,7.170943452676243,-28.12110044277266,3.183175860041284,36.042082130834025,-29.41605203638523,92.74702814073619,32.14227298110149,-23.563138643264097,48.60227765261716,28.644546109248434,-30.120908627643246,9.20346625871985,28.26071806002244,-30.603778627760565,5.638497474114006,32.26462783641677,-17.199243959151907,3.3917848043312424,33.30380549211947,-13.682518051649847,2.630981077347703,25.362332797836093,-33.98619005217861,100.06149807815683,25.909441230003655,-34.595285783062586,109.95164740940912,26.51706560817938,-33.81439514290667,119.82617937115614,27.16715250031199,-32.63173837986173,129.65796908889834,27.74022528367287,-26.4910787990734,138.19078393769493,7.831305315681515,-30.631355116666622,143.86687471939425,2.7160255813933256,-24.847683434931024,115.2027895821032,1.444655635907786,-17.564286653693642,92.86118596846845,0.6971343690418155,-14.140707289182618,82.30330847716645,0.6971343690418155,-14.140707289182618,82.30330847716645,5.3708590393308775,-17.298983437938546,88.29498105068838,5.3708590393308775,-17.298983437938546,88.29498105068838,27.74022528367287,-26.4910787990734,138.19078393769493,47.32765627994405,-33.50798133043843,141.7713725305995,54.62807790870012,-32.548130208534914,113.01325625873338,57.68925608977987,-27.97879196655332,90.1317825646278,60.1012916387016,-25.63719768974178,79.52765687768853,60.1012916387016,-25.63719768974178,79.52765687768853,54.34720286488239,-27.355603430186974,85.15403180724812,54.34720286488239,-27.355603430186974,85.15403180724812,27.98256404084033,-30.108591063702274,142.20385059974205,29.07541546549323,-28.193344731381003,149.31736019435596,30.957841094633153,-25.15294849205695,155.85012193508715,33.75175040786731,-21.77218598132151,164.53344250280946
6.34999746,25.7961,-29.8279,92.0692,15.516373576699912,-30.125243322179927,91.398091647451,14.881536611161813,-28.107999313345033,46.746643620695956,16.5976091840099,-42.435323672011414,9.339590123577487,18.10969367357878,-41.893510437596056,6.097749788363923,9.303017555083319,-31.03316417385917,3.8051757381622724,7.585218097323779,-28.78450750484442,3.161189330917114,36.075826423300086,-29.530556677820073,92.740308352549,32.157494512830496,-23.60770890332585,48.60652705602325,28.660235709341805,-30.12308268738785,9.20064088396289,28.276653775149324,-30.60596119711502,5.63564676219988,32.26725958084643,-17.19727072946702,3.390063041573485,33.30283131687225,-13.67960333675958,2.628695250405968,25.40019374556592,-34.13260763988978,100.0407652996933,25.93231899451915,-34.755781645274595,109.9308550828469,26.52228490681885,-33.98972634361481,119.80761966126646,27.155602118209707,-32.82722197290122,129.6429067408706,27.719197041618866,-26.708229562832614,138.19190284531643,7.806396891333275,-30.87393207375299,143.83568717901468,2.622049084415641,-24.995248587560916,115.20335685250998,1.3201650894241377,-17.623893690108588,92.89237912226717,0.5292617026596541,-14.113642214800002,82.36617053399749,0.5292617026596541,-14.113642214800002,82.36617053399749,5.221805330326744,-17.340749381243253,88.30623487645167,5.221805330326744,-17.340749381243253,88.30623487645167,27.719197041618866,-26.708229562832614,138.19190284531643,47.29483246060697,-33.76657050245855,141.75551196569694,54.69824457136575,-32.83176227318273,113.02291124225479,57.88715113513834,-28.292153679099368,90.1529674080419,60.39128841737741,-25.96650594324719,79.56669705860864,60.39128841737741,-25.96650594324719,79.56669705860864,54.585142391353166,-27.644303585786485,85.15169608716151,54.585142391353166,-27.644303585786485,85.15169608716151,27.96024451286031,-30.335923049503915,142.195846298385,29.050169313936614,-28.432655786225922,149.3130191328069,30.9283338138081,-25.39744002385453,155.84941530269856,33.71671379382549,-22.01604212273239,164.53426566454849
6.35833079,25.8219,-29.9806,92.0567,15.543828445828776,-30.306260437306985,91.37349782135202,15.10277239244801,-28.65750198487272,46.7045917750506,16.75262448712631,-43.241756822524174,9.393972930194572,18.284097184075186,-42.73490129103828,6.155581556024011,9.667256362737009,-31.736199753727654,3.802035348089914,7.986879210596976,-29.461623088147384,3.150388278071559,36.09997155417122,-29.654939562693013,92.739902178648,32.16270938050271,-23.66238846720953,48.617216401444686,28.665899876189318,-30.135522411978062,9.204329677510998,28.282569107643287,-30.618425155927667,5.6393118226648475,32.259532402438175,-17.20549826092081,3.3948261218736957,33.29140928570904,-13.686868947494537,2.632886838158402,25.42865944870021,-34.28912661970265,100.02633381785056,25.94587814045074,-34.92641966169474,109.91631467950708,26.51822947302973,-34.17524766570066,119.79525863242681,27.134825897824097,-33.03294181822424,129.63397426202766,27.68884153524229,-26.935681257528913,138.19910835756204,7.77237395045114,-31.127277541199547,143.81068820451085,2.518564608622272,-25.153688203516907,115.21068052156721,1.1859017488320627,-17.69452734068714,92.93072470553014,0.35208322889575894,-14.097595371056979,82.43714152758146,0.35208322889575894,-14.097595371056979,82.43714152758146,5.062938715061663,-17.393112645356474,88.32492185950775,5.062938715061663,-17.393112645356474,88.32492185950775,27.68884153524229,-26.935681257528913,138.19910835756204,47.2528836858465,-34.034804976900716,141.7453297249381,54.75813380094062,-33.12557798486655,113.03834018185233,58.073585170502746,-28.616648495462663,90.18032540988116,60.66917452354097,-26.307809473070645,79.6124193206912,60.66917452354097,-26.307809473070645,79.6124193206912,54.811779155761926,-27.944598382182768,85.15591932757242,54.811779155761926,-27.944598382182768,85.15591932757242,27.928740752997633,-30.5735422927347,142.19388526570745,29.015745606527013,-28.682258903518807,149.31469835780442,30.889610078195116,-25.652201824091815,155.85472110545098,33.672409194437485,-22.27012741418572,164.54109792498275
6.36666412,25.8553,-30.1389,92.0431,15.579757875801265,-30.499719651410025,91.33980913344925,15.276129507677279,-29.179723651118643,46.6588341818741,16.858369240814525,-43.860242257707085,9.383055577551254,18.416426523867173,-43.385092368241025,6.152547888523568,10.004718085898336,-32.242527708144294,3.734495996986216,8.368286368300723,-29.940114710804956,3.0689166191330504,36.130842124198736,-29.778080348589974,92.74639086655074,32.158732063469635,-23.734586623769086,48.6337778458567,28.6705801295415,-30.13056685859886,9.20753008359177,28.287783331790614,-30.61361441408859,5.6424744719123305,32.25006103795502,-17.19616816636654,3.3990278893697567,33.2780660032264,-13.676381795713542,2.6371989611038424,25.461040091077756,-34.44621182328763,100.01334008017847,25.95791564769984,-35.08928957231038,109.90398943855445,26.504958324617615,-34.34745236253555,119.7850724209114,27.09360457896758,-33.21978481277988,129.62718807380168,27.627003069712742,-27.137914402759073,138.20456413596568,7.702835768282355,-31.35459346695538,143.76982817769638,2.4171516981892056,-25.298980120611947,115.19295269154935,1.0965643899948396,-17.766006342326975,92.93712519722537,0.17761417740742924,-14.068745796342942,82.48560589174832,0.17761417740742924,-14.068745796342942,82.48560589174832,4.930784716610156,-17.43746730904695,88.29745894812066,4.930784716610156,-17.43746730904695,88.29745894812066,27.627003069712742,-27.137914402759073,138.20456413596568,47.17273436612234,-34.27918647538629,141.76709274823943,54.77186012905186,-33.39889556720072,113.0839078275207,58.16700823008597,-28.854150369650846,90.24469237029906,60.82383175450869,-26.51408763234494,79.69889434566335,60.82383175450869,-26.51408763234494,79.69889434566335,54.93001652389474,-28.118691911250117,85.2131248349761,54.93001652389474,-28.118691911250117,85.2131248349761,27.86220600355105,-30.782954500724394,142.1930712948083,28.940422892235066,-28.90472992028058,149.31867528807607,30.807605640812646,-25.884319938505435,155.86506846507876,33.58400908185624,-22.51042040998395,164.5566693757513
6.3749974499999995,25.8948,-30.3037,92.0244,15.621957814686958,-30.699961192333443,91.30102920082214,15.453797465576885,-29.708801947184494,46.61083533574987,16.970796083636145,-44.483506573739405,9.36957329912088,18.555159664201387,-44.040417337763074,6.147314182113,10.35132679415088,-32.75787459386429,3.664993398576814,8.759403464111518,-30.4284635932812,2.985556288507822,36.16764218531304,-29.907438807666555,92.74777079917786,32.16008479652208,-23.813551969346527,48.64529774802916,28.680189164530816,-30.13268914610723,9.20593148256124,28.29791884461643,-30.615915082562438,5.640843553708778,32.24511353157718,-17.193868847989172,3.398324884844136,33.26914134752897,-13.672905751830626,2.636577205329038,25.49962961547051,-34.60982115990101,99.99523834222873,25.97622536246632,-35.258759479835064,109.88650290199391,26.497999367251314,-34.52634866031817,119.76965550224172,27.05874165371683,-33.41342038615432,129.61507767628464,27.571379581298803,-27.34703153531242,138.2046743147529,7.639819417167761,-31.589427122181426,143.72373020757902,2.3217893800571305,-25.45150077154483,115.17042675108647,1.0130025965673213,-17.84473007899131,92.93901611149207,0.00980892230045205,-14.046582730406392,82.53151208789389,0.00980892230045205,-14.046582730406392,82.53151208789389,4.804296460887388,-17.488099108084032,88.26626622545507,4.804296460887388,-17.488099108084032,88.26626622545507,27.571379581298803,-27.34703153531242,138.2046743147529,47.09899673272736,-34.529818836843745,141.78304319011966,54.79084460251919,-33.67840016918892,113.123711651503,58.26550170131085,-29.09761206437043,90.3036625581165,60.98384324337609,-26.72678287939308,79.78043828666785,60.98384324337609,-26.72678287939308,79.78043828666785,55.05405708169132,-28.29899502399127,85.26535722889787,55.05405708169132,-28.29899502399127,85.26535722889787,27.802060463754135,-30.999267609281972,142.18685777140897,28.871489149916755,-29.134139472519063,149.3172245797273,30.731943600213448,-26.123382352795634,155.86997684933937,33.50191623933455,-22.757647432433675,164.56679353769013
6.38333078,25.9355,-30.4745,92.0087,15.665513841138829,-30.906091853245723,91.26527039404404,15.630858957927288,-30.243908959812043,46.56868870030918,17.084427111705228,-45.110788716309145,9.361595215085437,18.694825316570807,-44.700144091537254,6.147955773967054,10.701922108259879,-33.281265566557735,3.601728656380224,9.155133627922059,-30.92564717656795,2.908534828698425,36.20548615886118,-30.042908146754275,92.75212960595597,32.16207487894442,-23.89909353420937,48.65985738646016,28.689758733894866,-30.141626757875926,9.207625773657227,28.30798683879423,-30.625054864220427,5.642511844242428,32.24015970713511,-17.198466543490873,3.400792950372696,33.26022525953612,-13.67634317112909,2.639092984331147,25.53937196416094,-34.7794276296627,99.98013548158605,25.99573830709197,-35.434308218805754,109.87196242181318,26.4923238476108,-34.71142659835545,119.75711411534641,27.02526382466548,-33.61335481114376,129.60574815116004,27.517243883488224,-27.562554074654436,138.20753911671025,7.578414271607585,-31.83049396945233,143.6804498233438,2.228021816427888,-25.609757144935045,115.1511235856695,0.9312296988973101,-17.929149161461417,92.94441078417383,-0.1550697025923793,-14.029558222658885,82.58286625880521,-0.1550697025923793,-14.029558222658885,82.58286625880521,4.679555691649824,-17.543606737785936,88.2394032810871,4.679555691649824,-17.543606737785936,88.2394032810871,27.517243883488224,-27.562554074654436,138.20753911671025,47.02666826282474,-34.78697458743098,141.80129724456515,54.81021063492907,-33.9647554195866,113.16587956956545,58.36450048337853,-29.347976026802115,90.3653560240069,61.14478376831214,-26.947027443288725,79.86516880730892,61.14478376831214,-26.947027443288725,79.86516880730892,55.17938498516475,-28.486339101572185,85.32072448299039,55.17938498516475,-28.486339101572185,85.32072448299039,27.74344043959414,-31.222009185388938,142.18334727386835,28.804160795374493,-29.37005199367437,149.318446319389,30.657964843784185,-26.369021267101196,155.87754203684608,33.42161102325512,-23.011539866249326,164.57956013174967
6.39166411,25.9754,-30.6423,91.9937,15.708425947148099,-31.109128478342196,91.23022781329347,15.805281862228174,-30.77592765138939,46.53007458771009,17.19731086675258,-45.73305289045211,9.356812159944141,18.833453305358525,-45.3552469557832,6.152160784221417,11.05444898263323,-33.80375968687115,3.542410868389625,9.553403074711909,-31.4227427535031,2.8355658852234082,36.2423740528519,-30.1754715216578,92.75717218670654,32.16271975314169,-23.982207180478348,48.675157715437976,28.697335093733376,-30.148389589345946,9.210311543776427,28.316035356793606,-30.632046115904622,5.645178065415925,32.233279788789645,-17.200984225465703,3.4041217173525244,33.2494065418536,-13.67771994970217,2.64243353677193,25.57827030210989,-34.94603102860513,99.96573174799093,26.014453822858158,-35.606931154298884,109.85806888339455,26.48592523486125,-34.893675077979715,119.74514931786345,26.991158158188824,-33.810568612826266,129.59690038651763,27.462567340156276,-27.7754555152398,138.2108556353274,7.516620888618537,-32.06887032317347,143.63771460524774,2.133678662391408,-25.764871440242985,115.13279831501612,0.8489228793011518,-18.01041179758974,92.95106573011016,-0.31939327415526253,-14.008867284421171,82.63742720117347,-0.31939327415526253,-14.008867284421171,82.63742720117347,4.554222589875051,-17.595151607673394,88.21461142947643,4.554222589875051,-17.595151607673394,88.21461142947643,27.462567340156276,-27.7754555152398,138.2108556353274,46.95372548078661,-35.04162319448138,141.81953273837843,54.827804327665575,-34.2489180397452,113.20804514177156,58.46171551200005,-29.5961759795945,90.42739144030651,61.30429037360302,-27.165742617475903,79.95069240581344,61.30429037360302,-27.165742617475903,79.95069240581344,55.30367961060311,-28.67168890949899,85.37686481279385,55.30367961060311,-28.67168890949899,85.37686481279385,27.68432235919027,-31.44214927757659,142.1802395493339,28.7364085194971,-29.603430454350516,149.32003921759525,30.58363173006371,-26.612191720671863,155.88546142420043,33.34104780642494,-23.263045903930983,164.59266645029413
6.39999744,26.0265,-30.8232,91.9809,15.762632353351531,-31.325433082865917,91.19836714282542,15.891579746702092,-31.2277959150463,46.49715975641125,17.264557606008047,-46.06850998427467,9.276561730543065,18.89653257879203,-45.741225515192404,6.0642366523319176,11.281597287624573,-34.09741259783046,3.3818976996998034,9.793795080178644,-31.70195550803043,2.6961570728256294,36.29036764664846,-30.320966917134083,92.76343285717459,32.16057156092194,-24.111080970473232,48.68842629937835,28.715488817207177,-30.142267660915714,9.20094762975463,28.33353214102442,-30.6238027205738,5.635597306512956,32.232102485894636,-17.1858964774717,3.403023440389773,33.24296144565863,-13.661181590583308,2.6410373846038446,25.62904643686261,-35.1242023320749,99.95438810490965,26.037617367029583,-35.78593339424242,109.84784861358835,26.475844933195894,-35.07133364424248,119.73636128425586,26.944125714046663,-33.99227030396967,129.59038150233766,27.385350330192157,-27.966765332286478,138.21265802425046,7.425604024318879,-32.27769647101025,143.5745036917757,2.0650652563312404,-25.890039098229924,115.08399335859869,0.792389593957477,-18.080885921486377,92.92075971455301,-0.43101092928407825,-14.007833860077954,82.6415574645896,-0.43101092928407825,-14.007833860077954,82.6415574645896,4.472804515873594,-17.631195152699128,88.16807515448544,4.472804515873594,-17.631195152699128,88.16807515448544,27.385350330192157,-27.966765332286478,138.21265802425046,46.85978875184931,-35.259564274627785,141.85769857103028,54.80504101645213,-34.504014132511216,113.26488772504014,58.46910448802273,-29.771797596091076,90.50544423956066,61.3438891169467,-27.282896402919395,80.05128501852356,61.3438891169467,-27.282896402919395,80.05128501852356,55.324134019625994,-28.76885997027996,85.46173893649777,55.324134019625994,-28.76885997027996,85.46173893649777,27.598763026900663,-31.63787597287172,142.17841504876236,28.634393021992228,-29.811357619043488,149.32375008071818,30.471513163303275,-26.831018879371076,155.89695950121416,33.21810310396527,-23.497943725461422,164.61374756807942
6.40833077,26.0742,-31.0137,91.969,15.813606277921208,-31.551531827191457,91.16742142861902,15.97521914367214,-31.68930004910872,46.46642587540283,17.330590374789857,-46.413213685033085,9.198824453286875,18.957532620726667,-46.13639185553104,5.979209810709719,11.507502177222927,-34.403412109593994,3.2233444888373683,10.033537433885408,-31.9934631753981,2.558826351488173,36.33479372207879,-30.475868172808543,92.77057857138097,32.15439902156152,-24.250220244027183,48.702566246512625,28.72804325106491,-30.146720228502254,9.193122391187728,28.345357239856508,-30.626188468690206,5.627571737070404,32.22491928634682,-17.181417239422515,3.403232302521873,33.23041755727891,-13.65524774497951,2.640883600672031,25.67648648414639,-35.31199529267342,99.94393476404596,26.057474006777834,-35.974695461353,109.83843101370067,26.462443367924156,-35.25891187792494,119.72827594264812,26.893770918130407,-34.18406927182729,129.58444400924228,27.30467850566021,-28.168323215765316,138.21502893087333,7.331466534035439,-32.49727859608594,143.51181453081392,1.9930116489923257,-26.025665811794436,115.0361082349105,0.7320577088177482,-18.16149341740945,92.89166672124502,-0.5464316993844249,-14.016976667822238,82.64779506174196,-0.5464316993844249,-14.016976667822238,82.64779506174196,4.387479496153015,-17.676983009167664,88.1231420507122,4.387479496153015,-17.676983009167664,88.1231420507122,27.30467850566021,-28.168323215765316,138.21502893087333,46.76248123549086,-35.48738326915312,141.8960969419128,54.778144674377835,-34.76829619766963,113.32200421689149,58.473545021704915,-29.955285060003536,90.58458038960453,61.381717632699456,-27.407819651835396,80.15378881419129,61.381717632699456,-27.407819651835396,80.15378881419129,55.34277203319827,-28.873913109354213,85.54825419769777,55.34277203319827,-28.873913109354213,85.54825419769777,27.509869465737527,-31.84390615512966,142.1770756011886,28.529016825580303,-30.029690294126624,149.32791268303507,30.355970348808967,-27.060340177779246,155.90892417162937,33.091666386200366,-23.743449970313883,164.63530641337314
6.4166641,26.1197,-31.2098,91.9602,15.862526846179014,-31.783032139959378,91.1396034997323,16.057315877534286,-32.15596099513043,46.440083552061225,17.39592478588903,-46.762666318390785,9.125782466821661,19.016977324056864,-46.53627664223624,5.899263254631805,11.733054908607949,-34.71702516689205,3.0690106495989897,10.273612525483141,-32.292492031883405,2.4258331527257404,36.37687315382099,-30.636567860040625,92.7807965002677,32.1456166807062,-24.395919113173555,48.71976071890016,28.73614438987022,-30.157979302557433,9.189026590099331,28.352634848952626,-30.635425956466523,5.623293149655951,32.21336160440304,-17.183919280675898,3.406918165383316,33.213539056044425,-13.656330365040807,2.6441369863309023,25.72163494031249,-35.50538279948928,99.93657860031028,26.07505514418821,-36.16919048233421,109.83202364134247,26.446791861879618,-35.45238599895315,119.7230995274999,26.841219084099954,-34.38194246650451,129.5812918998677,27.221919167003488,-28.376108275704265,138.220161320428,7.2354159013867765,-32.72281768633746,143.45187168636045,1.9188889580258692,-26.16681350569933,114.99137147845875,0.669529099598279,-18.247304912898645,92.86600174521573,-0.6639234314034843,-14.031358883906266,82.65834950490834,-0.6639234314034843,-14.031358883906266,82.65834950490834,4.299858892415219,-17.727730137292426,88.08202495174783,4.299858892415219,-17.727730137292426,88.08202495174783,27.221919167003488,-28.376108275704265,138.220161320428,46.66290890105505,-35.721766987567534,141.9369078936193,54.74808707224335,-35.03885720139403,113.38151873843374,58.47604628111822,-30.143950878992996,90.66690418146,61.418802480539036,-27.53799451750406,80.2602890630053,61.418802480539036,-27.53799451750406,80.2602890630053,55.36060429793968,-28.98407319857455,85.63854547026847,55.36060429793968,-28.98407319857455,85.63854547026847,27.41887288890962,-32.05622004217048,142.17842024446824,28.421588770718834,-30.25443619266652,149.33472147642698,30.23843664927125,-27.296199427227613,155.92353096891537,32.9633127448118,-23.99566783966498,164.65949582632254
6.42499743,26.1599,-31.413,91.9566,15.906314247810947,-32.02181029644174,91.11701435490347,16.13478435278517,-32.62972784171463,46.42023214500293,17.458016979467356,-47.11883971807357,9.059564697270716,19.072319567760193,-46.94276924628866,5.826529561984296,11.95519688595994,-35.040447202605336,2.921042391017213,10.510871955350552,-32.60131090414623,2.299311020359898,36.413485752189054,-30.804189703558258,92.79618564509651,32.13087788330418,-24.549546005261156,48.742096115306914,28.736658951230275,-30.17770458347203,9.190763791987358,28.352250677056535,-30.65320302045409,5.6248667998163295,32.193798054958975,-17.194949431960282,3.4161375065066224,33.188558647210236,-13.665940805022563,2.652839992621587,25.76154872425993,-35.705864950829955,99.9344273815339,26.087444433213165,-36.37089026534911,109.83073539807899,26.42595012292033,-35.65319539915343,119.72293975390748,26.783493076223074,-34.58729771320038,129.58303124435642,27.133876892615138,-28.59149968665634,138.23015093545015,7.134408058522432,-32.95641793413363,143.39674787028008,1.8395480215026803,-26.315800811478198,114.95182946542846,0.6014653760368689,-18.340684204414668,92.84580836920367,-0.7869322518180331,-14.053407433220755,82.67525918319546,-0.7869322518180331,-14.053407433220755,82.67525918319546,4.2066076477649945,-17.78567037931565,88.04678813929758,4.2066076477649945,-17.78567037931565,88.04678813929758,27.133876892615138,-28.59149968665634,138.23015093545015,46.55815337983664,-35.96337821346111,141.98220087834915,54.71199045997458,-35.31605818667368,113.44551152423017,58.473653618457156,-30.338117707502754,90.7545110811482,61.4521303987587,-27.673697359047562,80.37289265689436,61.4521303987587,-27.673697359047562,80.37289265689436,55.3746523009202,-29.09981562530851,85.73470181189926,55.3746523009202,-29.09981562530851,85.73470181189926,27.32271381705891,-32.27618259702377,142.18455096048717,28.3089874742401,-30.48691133977931,149.3462745060905,30.115683670141753,-27.539858326643596,155.94288264179042,32.829691740247846,-24.25577297786556,164.68842345432685
6.43333076,26.1934,-31.6256,91.9584,15.943780284700734,-32.2702041428298,91.09737967457485,16.175569607430507,-33.060147753973006,46.403461016091995,17.45523028592059,-47.195078905667785,8.905848164408035,19.043542737002156,-47.014958083767645,5.660188001843679,11.948104226928422,-35.076755280282676,2.8504500829931887,10.497094085813277,-32.631340519382256,2.2703410394062398,36.443019715299265,-30.980995857170203,92.81942032542514,32.1141014625604,-24.71508152881333,48.77145911675175,28.73823665173218,-30.16478359829148,9.193573071348354,28.35453865801329,-30.63714359865233,5.627182497774675,32.177751544900964,-17.171398029277753,3.432347542156149,33.16711754062541,-13.641130676963694,2.6678601535815227,25.792406547626484,-35.91099581667067,99.9401097103387,26.087326516197873,-36.565930429068096,109.83806212010617,26.388632539414452,-35.833821804337305,119.73041324015686,26.705049807623805,-34.759782632283375,129.59102676111348,27.01923384983976,-28.765027581742434,138.2402603697999,7.0017586699910765,-33.143184593651064,143.32527929240158,1.7576557103421706,-26.427481018373868,114.88858765505371,0.5500925827934997,-18.402101872492665,92.79907468853858,-0.855975027619537,-14.082638404230648,82.6445845461355,-0.855975027619537,-14.082638404230648,82.6445845461355,4.152966094977436,-17.814158058480047,88.00227254135055,4.152966094977436,-17.814158058480047,88.00227254135055,27.01923384983976,-28.765027581742434,138.2402603697999,46.430427428365924,-36.14260528160362,142.0483963940899,54.62720663826807,-35.534796531785865,113.52314265730853,58.37288714664334,-30.44920271682016,90.85338052096577,61.35825197657864,-27.70957324860414,80.49333766198436,61.35825197657864,-27.70957324860414,80.49333766198436,55.27696523150276,-29.138061766853856,85.85019521386653,55.27696523150276,-29.138061766853856,85.85019521386653,27.197921966949394,-32.450155686672254,142.1947171591782,28.161641261215767,-30.669574874392996,149.36167527230413,29.952653292499146,-27.73468417055589,155.96797559569458,32.647538008127576,-24.472069243685176,164.7274550719439
6.44166409,26.2282,-31.851,91.9543,15.982708580731856,-32.5313412016596,91.07190766264253,16.218296058386162,-33.50326603662684,46.381595928380186,17.454824149272397,-47.28256075900572,8.750401223398114,19.016994365741944,-47.09815387727997,5.49231771305838,11.943469407485017,-35.12482529014009,2.778426003852701,10.486281271116416,-32.67352002224944,2.2401737361025558,36.47369141926815,-31.1706587983404,92.83669233735748,32.09794955380613,-24.894456588782038,48.79482281298808,28.737902087223077,-30.166142598147008,9.191487254843814,28.35477909956571,-30.63542091782771,5.624628065219678,32.159632159271965,-17.16227742122087,3.443330627022677,33.14359059924303,-13.63077692742921,2.6775606417405746,25.82451193393995,-36.12891097424827,99.93988805575563,26.088432139498366,-36.77387849837886,109.83936996433624,26.352498292874824,-36.02750602212262,119.73171934321121,26.627778978697073,-34.94549316322739,129.59269534752227,26.905766498300054,-28.9519193611821,138.24398645142008,6.870627983377254,-33.34334152794595,143.24734780965838,1.6771323051160678,-26.552260274267105,114.81927120068228,0.49996012958261216,-18.47642164994778,92.74651427221723,-0.9239375022753917,-14.124963231770446,82.60818176634,-0.9239375022753917,-14.124963231770446,82.60818176634,4.1004349659180335,-17.855535689630614,87.95206249024085,4.1004349659180335,-17.855535689630614,87.95206249024085,26.905766498300054,-28.9519193611821,138.24398645142008,46.30373537126652,-36.33522691930851,142.1079949847359,54.5430692359215,-35.76621681926397,113.59420311811814,58.27439228735818,-30.571527934328294,90.946820533931,61.267948057910516,-27.75642374586354,80.6093995263709,61.267948057910516,-27.75642374586354,80.6093995263709,55.18248121723402,-29.187462249102474,85.96082670863157,55.18248121723402,-29.187462249102474,85.96082670863157,27.074310187754463,-32.63754934605394,142.1984208902948,28.015467483093225,-30.86576918418566,149.37055652104948,29.790761488129895,-27.943149701289297,155.98653249261827,32.46645676919216,-24.702159319555193,164.75991135112017
6.44999742,26.2941,-32.0943,91.9369,16.052914914262118,-32.81053150725626,91.03317699062524,16.292904602838636,-33.96440716017937,46.347216352221494,17.487158097593877,-47.38682917811365,8.585898506405549,19.023047884858443,-47.19787624629832,5.3156035358356455,11.971361552287462,-35.190372242423656,2.6975644864772295,10.508443457710388,-32.73361097973927,2.2013739669865764,36.53528508573788,-31.378068492743736,92.84062300937475,32.112153550029085,-25.09252606165392,48.804819780470346,28.765561973728484,-30.186617164766787,9.177110531201095,28.38289407209835,-30.652869409033364,5.609805671033076,32.16913001038955,-17.17234946046796,3.4417281041729177,33.147606865718195,-13.639622659190612,2.6745918641718998,25.88773852568492,-36.36474274111614,99.92634879835529,26.12063178261323,-36.9998892122262,109.82724414834833,26.34738615182249,-36.23942883805546,119.7194462042993,26.581480705027204,-35.149634054999545,129.58062899904476,26.823137113132507,-29.15740160758387,138.23394017006828,6.77075218483958,-33.56258134230615,143.15544797076953,1.6276356778828767,-26.695755699735585,114.7364089329976,0.480605606640917,-18.569129841630698,92.68071179103342,-0.961354171551821,-14.185833625612759,82.5586602642143,-0.961354171551821,-14.185833625612759,82.5586602642143,4.078552607621067,-17.915165915321587,87.8887607401853,4.078552607621067,-17.915165915321587,87.8887607401853,26.823137113132507,-29.15740160758387,138.23394017006828,46.20785323596387,-36.54615140624901,142.15365267100103,54.48940690143417,-36.01496186662855,113.65136454883559,58.2079629168487,-30.709603762725468,91.02754924748612,61.2109813172155,-27.8186926950182,80.71382176822189,61.2109813172155,-27.8186926950182,80.71382176822189,55.12097717954349,-29.252578660359532,86.05932187534928,55.12097717954349,-29.252578660359532,86.05932187534928,26.981609787301817,-32.843599116535934,142.18826203715716,27.900145169856128,-31.08073329596188,149.36552532842268,29.659609649093895,-28.17048972420101,155.9911783982585,32.31596224370345,-24.951263219454802,164.77843690649934
6.45833075,26.3455,-32.3496,91.9115,16.108784493680112,-33.101660449768275,90.98649430673956,16.35370899469664,-34.43730022331854,46.30562389630426,17.50624519297822,-47.50153636422823,8.417602384800134,19.015719177242055,-47.30780910804032,5.135309301505992,11.98608848908631,-35.26689214109189,2.6131729088435334,10.51795107317864,-32.80507692781069,2.159247068458568,36.58221550631989,-31.597539550231733,92.83650569326045,32.11129365198975,-25.30350650313271,48.80674180535732,28.775711634147083,-30.220371790810148,9.155725323619087,28.39337225816877,-30.683645819921825,5.587997248341048,32.160969094331385,-17.195835522452448,3.4328293988183076,33.133951777002515,-13.661905873914158,2.664246574391341,25.936402080826106,-36.61258358499514,99.904791737519,26.138231694463943,-37.23806380943516,109.80698433998303,26.327622023055024,-36.46369872440945,119.69889361266287,26.520507869868986,-35.366321191259765,129.56012764498547,26.725825401933914,-29.3755975157557,138.2154217648165,6.656540387839581,-33.794646931575684,143.054924851249,1.5636440059143624,-26.851648166880057,114.64535082705062,0.4466108424399031,-18.673915861874917,92.60701074665042,-1.0135792689419012,-14.258927558755673,82.50135965665096,-1.0135792689419012,-14.258927558755673,82.50135965665096,4.04190248796484,-17.98681336949057,87.81770448571055,4.04190248796484,-17.98681336949057,87.81770448571055,26.725825401933914,-29.3755975157557,138.2154217648165,46.09713804499694,-36.76983338507325,142.19065901982464,54.42063025066156,-36.27560805416585,113.69992472840053,58.12812551782509,-30.858092689177816,91.10088695344032,61.1419328967491,-27.891116665365352,80.81193758104428,61.1419328967491,-27.891116665365352,80.81193758104428,55.047004758257586,-29.328040322052722,86.15100605271988,55.047004758257586,-29.328040322052722,86.15100605271988,26.874226861174737,-33.06243220585547,142.16954038554252,27.77012404830264,-31.3086163168024,149.35188050279547,29.513717095357272,-28.410881116500125,155.9872045715725,32.15065534646904,-25.21360293661091,164.7883129896428
6.46666408,26.3815,-32.6102,91.8991,16.149012827161826,-33.39469649341777,90.95445915845362,16.41353521262064,-34.78325027994223,46.27531359209883,17.569964278853963,-47.51860806244128,8.275601571393842,19.05891331112879,-47.29953601517073,4.985536517174923,11.999301278389296,-35.249715489364085,2.5929930498480243,10.539626037744236,-32.78389327563374,2.1335593908484376,36.61398717283817,-31.82570350658223,92.84374084154639,32.11802337859336,-25.49937017611631,48.821156655668844,28.79343068199657,-30.209351509382458,9.144111164200858,28.409097713058898,-30.668471788063524,5.576060354263957,32.162256744880985,-17.174323661871213,3.4354238530725767,33.130535429863876,-13.63964906591608,2.6643301437756994,25.968901195309556,-36.86107548003991,99.8986576649002,26.14237966477088,-37.46232169966776,109.80288843989815,26.295362613403135,-36.659943843292794,119.69319505968639,26.445542199169623,-35.541631636800346,129.5528199481509,26.608359824129177,-29.54154166691185,138.2025281813947,6.520572162314025,-33.97846276884929,142.9480004264942,1.5029220361065665,-26.96664609743069,114.54193882307251,0.43921007171704995,-18.739548605006352,92.51933938642654,-1.0022329704965973,-14.315898014339103,82.41478505490814,-1.0022329704965973,-14.315898014339103,82.41478505490814,4.050620993822232,-18.025986930259567,87.74605674231965,4.050620993822232,-18.025986930259567,87.74605674231965,26.608359824129177,-29.54154166691185,138.2025281813947,45.96943082448345,-36.92217070395769,142.2522483663898,54.32027484386668,-36.46519375676717,113.76889712617111,57.97259563414091,-30.916354645999732,91.19274954497939,60.95777772657636,-27.8675715074399,80.91938251756817,60.95777772657636,-27.8675715074399,80.91938251756817,54.87807090880889,-29.333176471877938,86.26800082998965,54.87807090880889,-29.333176471877938,86.26800082998965,26.745968956964777,-33.224014511867054,142.16109920699571,27.612382826911386,-31.471999374448412,149.34749478939446,29.33407102183139,-28.58479273859656,155.9931203509098,31.946544255707913,-25.409779216872675,164.8095716339119
6.47499741,26.4139,-32.889,91.8888,16.18579398951898,-33.70613422887129,90.9245832710594,16.470088725785857,-35.14761719906995,46.24723548048931,17.62965797716927,-47.55313792030697,8.13866381378675,19.097950177970407,-47.30861152731795,4.841117043868492,12.008276977866728,-35.25136340413101,2.578405703101229,10.556862266531855,-32.781705989942594,2.1134348683547137,36.642006010481026,-32.071865771128714,92.8530167289406,32.120330488515854,-25.71380797219926,48.83763698788267,28.804812604250845,-30.21717243911178,9.135850764498862,28.41838877546483,-30.67219383455098,5.567500725918157,32.15673074976657,-17.171677553276858,3.4411375344040036,33.12019035114243,-13.636249208110463,2.667467299542485,25.997823865585673,-37.12777764393952,99.89459463202184,26.142855574199757,-37.70490173132897,109.800717618925,26.25929893130319,-36.8746690455774,119.6892227472291,26.366665994460913,-35.73560736167767,129.54703131883468,26.48680116502552,-29.726319627758812,138.19105065116878,6.381102052022413,-34.181881210734645,142.84226801844977,1.4383618230366935,-27.100996907737255,114.44020615392432,0.4275787730539091,-18.82426817938412,92.43371662417148,-0.99516099968162,-14.39188773731911,82.33033719020287,-0.99516099968162,-14.39188773731911,82.33033719020287,4.054955583263098,-18.084049193402542,87.67662721550477,4.054955583263098,-18.084049193402542,87.67662721550477,26.48680116502552,-29.726319627758812,138.19105065116878,45.83753480237537,-37.092836330763596,142.31519034335773,54.215894345217286,-36.67219577910213,113.8393606884176,57.814183347145814,-30.99087998451264,91.28749891736312,60.7714511569322,-27.85978853355027,81.0308281973987,60.7714511569322,-27.85978853355027,81.0308281973987,54.70669893545471,-29.354601409536997,86.38833374677819,54.70669893545471,-29.354601409536997,86.38833374677819,26.613673812055772,-33.40448694558468,142.1539808304065,27.450507169871894,-31.654375756911183,149.34434467801714,29.150111403584468,-28.77776949663386,156.0002438189732,31.737863322739923,-25.62512938999913,164.83200133655401
6.4833307399999995,26.4439,-33.1791,91.8796,16.220313022942282,-34.028877018568934,90.8958707937405,16.524504590876735,-35.52331404897963,46.220393989322005,17.6862019126358,-47.59822503753374,8.005844879838676,19.13370464602963,-47.32818716060013,4.701105067775013,12.014117248011203,-35.26487251649984,2.568389409415273,10.570803541261041,-32.791526734387396,2.0978402930483604,36.66748697705772,-32.32932298143106,92.8633292062595,32.1194638198483,-25.94006339295393,48.85518280672864,28.810931032831313,-30.237060890393913,9.129948974890375,28.42230524142589,-30.688033798840596,5.561324131382493,32.14567974977179,-17.181184571513295,3.4489635511671155,33.104264102028594,-13.645011238799757,2.6726467213778733,26.024291432718947,-37.40578153678256,99.89160316970641,26.140775105210253,-37.958898590450325,109.79947237147653,26.22056792298026,-37.10097225108204,119.68597703909543,26.285043786998582,-35.94134953266409,129.5417619928314,26.362433734570903,-29.923034411555072,138.1799872529786,6.239326772475209,-34.39758118246959,142.73673897179702,1.371371396374454,-27.247217901346993,114.3391680009505,0.41335181530458165,-18.92053073884071,92.34917069262778,-0.9906099005084903,-14.479309364323203,82.2470469043383,-0.9906099005084903,-14.479309364323203,82.2470469043383,4.05656787571527,-18.153519172759573,87.60845805556957,4.05656787571527,-18.153519172759573,87.60845805556957,26.362433734570903,-29.923034411555072,138.1799872529786,45.702594509818155,-37.27530470682576,142.37847406763788,54.108538709809025,-36.89021245378023,113.91027202214009,57.65398488864179,-31.075406543418993,91.38407958183123,60.58407933605158,-27.861595469917056,81.1452111998293,60.58407933605158,-27.861595469917056,81.1452111998293,54.53399851126667,-29.386023798394117,86.51095355654665,54.53399851126667,-29.386023798394117,86.51095355654665,26.47855770617266,-33.59695448091388,142.1471844549314,27.285750125818623,-31.848867295732948,149.3414282020651,28.96314684005554,-28.98298972359297,156.0075813286496,31.525984613391092,-25.852911806122886,164.8546155924315
6.49166407,26.4763,-33.4788,91.8691,16.25736973743581,-34.361224361421144,90.86592187762082,16.581583715505847,-35.90865032108479,46.19238988779732,17.74438729985815,-47.65214922293775,7.87473206459007,19.170973454860263,-47.35654161844754,4.563092300043834,12.021663787776498,-35.288494744571366,2.560549682751951,10.586296566052484,-32.81160129292178,2.084387890001117,36.69523026256419,-32.596375638578856,92.87227812237919,32.12023018529919,-26.176450833259146,48.871391289986065,28.816598596361295,-30.267360975716286,9.123998265777388,28.425658842107715,-30.714337413373453,5.555123370754664,32.13393375858976,-17.201196148156697,3.4564877925548445,33.08759107795798,-13.664288240489793,2.6774539104298554,26.053103640259504,-37.693385430228965,99.8872841739202,26.14094033036058,-38.22260862468761,109.79675371404791,26.183974698197485,-37.33714806065635,119.68105878183746,26.20548391775107,-36.157150947172795,129.53461261819746,26.240068138904583,-30.129978551935498,138.16693783193546,6.1000529752649655,-34.623818674591874,142.6290201933862,1.3067221963671027,-27.403635336715816,114.23642161115833,0.40127301223418266,-19.02671691505047,92.26328114895502,-0.9838458878712971,-14.57656277450145,82.16248738862167,-0.9838458878712971,-14.57656277450145,82.16248738862167,4.06019056949125,-18.232800890722466,87.5391192160815,4.06019056949125,-18.232800890722466,87.5391192160815,26.240068138904583,-30.129978551935498,138.16693783193546,45.569441743646145,-37.4678359235692,142.43965992468628,54.00294045076659,-37.11760956625255,113.9791581249,57.496624510821434,-31.168324298759032,91.48000972469376,60.400241177797334,-27.871405196360865,81.26003929839771,60.400241177797334,-27.871405196360865,81.26003929839771,54.36457002407531,-29.42583988973811,86.6333955365339,54.36457002407531,-29.42583988973811,86.6333955365339,26.345433232990157,-33.79970958806105,142.13831031653638,27.122925513517913,-32.05376759799276,149.33634503606476,28.777993482346623,-29.198724301375805,156.0127204970091,31.315725118493674,-26.091365622428317,164.87498773906788
6.4999974,26.5048,-33.7872,91.8641,16.288137329982256,-34.690823914500555,90.85670607595212,16.61759669322013,-36.12065337931105,46.17929403721005,17.77973781106637,-47.69535676650401,7.81029028143454,19.200844087537934,-47.389071783846695,4.497265031912326,12.058723072521293,-35.30763294288218,2.5506002074261698,10.625805934473576,-32.827615182509426,2.0834057418929683,36.72146267001774,-32.88357608549944,92.87149392404787,32.13912206032879,-26.437916964367304,48.87513344637924,28.852267091023812,-30.270716097478843,9.100631376510727,28.460903702456804,-30.713940541919964,5.531334998575824,32.155710609407656,-17.19482907071215,3.4474472978093824,33.10461161471302,-13.657829869720791,2.663038505203788,26.08497701665394,-37.987860038848034,99.88976550855314,26.150067066102206,-38.483138025323846,109.80116510911286,26.162065251785005,-37.56151233422597,119.68225012896005,26.140764321725438,-36.35059094938177,129.53205188891977,26.126277847082275,-30.3029460061257,138.15010401967191,5.9670617183585115,-34.81666904321418,142.50410198244828,1.278719195464748,-27.545667711221046,114.10694181354793,0.4424022950214267,-19.131823306491036,92.14517279065211,-0.9042312962162947,-14.67384927052678,82.04262329577297,-0.9042312962162947,-14.67384927052678,82.04262329577297,4.123121055504985,-18.32129700209389,87.44080855851567,4.123121055504985,-18.32129700209389,87.44080855851567,26.126277847082275,-30.3029460061257,138.15010401967191,45.4478915043279,-37.61069807639454,142.50865816062517,53.89196382742249,-37.289187911317704,114.05095278130655,57.28699727946897,-31.19159087892941,91.57642140621232,60.144995567754286,-27.81346267672084,81.37012156422917,60.144995567754286,-27.81346267672084,81.37012156422917,54.13290913347016,-29.421908427192246,86.75401139670636,54.13290913347016,-29.421908427192246,86.75401139670636,26.220679912363405,-33.963067644845886,142.1306096322597,26.96177386994109,-32.20634052485196,149.3298596678134,28.58950386037631,-29.35510470789484,156.01457812836495,31.09896590279451,-26.263127872031287,164.89026514349484
6.50833073,26.5244,-34.1024,91.8691,16.310062054686973,-35.02739231668074,90.85753469661124,16.64456376758648,-36.33974488935768,46.17655505673476,17.806045836950076,-47.74552426626454,7.7569775486742,19.221638594732198,-47.42852092379881,4.442600402273936,12.086482063118703,-35.3340863375168,2.551898334914055,10.655961420452035,-32.851010935679355,2.0936871122291882,36.73873794531303,-33.17740768331927,92.88066530338877,32.148308154198126,-26.706280262630255,48.888886906874134,28.87570014978911,-30.281009510332336,9.089186815728965,28.483787205112915,-30.720513673779628,5.519490725344277,32.16474193793371,-17.195392167671905,3.450137807172364,33.10876956075891,-13.658296860792355,2.660300952503199,26.107989192208784,-38.28910962523036,99.90222937202297,26.1502449168231,-38.75049960279133,109.81538793943949,26.13109654932766,-37.79281440706735,119.69303196250053,26.06688985922683,-36.551121282801454,129.53881556394623,26.00317186713124,-30.48318736121189,138.14237062489087,5.825572007451871,-35.01779140991183,142.38817076905468,1.2415536660702848,-27.69581888473533,113.98707544111993,0.4736828795339174,-19.244853234179025,92.03706276986388,-0.8347133774660778,-14.778952885982402,81.9329896235773,-0.8347133774660778,-14.778952885982402,81.9329896235773,4.175999939056549,-18.41748214878118,87.35262131006152,4.175999939056549,-18.41748214878118,87.35262131006152,26.00317186713124,-30.48318736121189,138.14237062489087,45.31688553907312,-37.760146076618994,142.5866168931017,53.77156724730712,-37.46689703693245,114.13175643213343,57.06747021848819,-31.221118299370325,91.68317576862651,59.87958043341466,-27.761849692337258,81.49131834839316,59.87958043341466,-27.761849692337258,81.49131834839316,53.891310466103185,-29.424491057487433,86.88527767742512,53.891310466103185,-29.424491057487433,86.88527767742512,26.086657768426612,-34.13372271003465,142.13191306272512,26.79126331513511,-32.36630054004432,149.33220898713506,28.391451485973732,-29.518929696461505,156.02521941589748,30.872344871840482,-26.44243664725309,164.91430817754988
6.51666406,26.5333,-34.4234,91.8882,16.321327361471724,-35.369730481564254,90.872499128871,16.66062481488946,-36.564426504647415,46.188254915719824,17.821217967861337,-47.80091528915844,7.718797900851094,19.231276118156494,-47.47316801668512,4.403106784089386,12.103101813707362,-35.36598630137763,2.568483390061283,10.67497381005466,-32.8798899571421,2.1192778054325268,36.74527263852828,-33.47706951843575,92.903900871129,32.1462300403717,-26.98050148367026,48.916771921855606,28.885348188580814,-30.297029032863914,9.093762564775368,28.492759712718932,-30.73282605533523,5.523686222814936,32.159717003752895,-17.201711723721182,3.4687092958102403,33.098816309755065,-13.66452949872136,2.6734055675330834,26.1202553376365,-38.596153806123176,99.92876109577419,26.13957301370409,-39.023751274387514,109.84350598774823,26.08917925242261,-38.03014970683012,119.71749178043456,25.981989156757958,-36.757878069692254,129.55899645223784,25.868988908003917,-30.66987458441537,138.14785471472175,5.673724661692642,-35.225997265062716,142.28524966572078,1.1936633686438665,-27.852734278808278,113.88083512526498,0.493825062503379,-19.36436703442162,91.94298313128704,-0.7764448411071389,-14.890378866206122,81.8376229163559,-0.7764448411071389,-14.890378866206122,81.8376229163559,4.217582495852551,-18.51994963412684,87.2786207799944,4.217582495852551,-18.51994963412684,87.2786207799944,25.868988908003917,-30.66987458441537,138.14785471472175,45.17451408887189,-37.915734225377776,142.6776675579135,53.63991599504661,-37.65032742571422,114.22572120203785,56.83641911977132,-31.256547053299172,91.80444910246808,59.6024809489738,-27.71625833329959,81.6278230128971,59.6024809489738,-27.71625833329959,81.6278230128971,53.638205272267385,-29.4331643809192,87.03135889504496,53.638205272267385,-29.4331643809192,87.03135889504496,25.94153414509229,-34.31086506985482,142.14632349233088,26.609590945862085,-32.532881003803205,149.34750285923403,28.182085941657476,-29.689482247062312,156.04876053976406,30.63416755035385,-26.62864457070572,164.95123822800844
6.52499739,26.5358,-34.7487,91.9176,16.32623573409379,-35.7163767590062,90.89780884470875,16.670091908059664,-36.793470058627605,46.21061006020742,17.829612028709736,-47.860569174133936,7.692048171848114,19.23410631014918,-47.52206005589088,4.375077078535691,12.112860300302573,-35.40242929443406,2.596604005027588,10.687106165802426,-32.91335895667785,2.1564173553459742,36.745364265906204,-33.7810232409938,92.93739115529124,32.13705856583318,-27.259212131822917,48.9549673853241,28.88529489116595,-30.317583249287537,9.110555245075716,28.491898242794143,-30.74970064033511,5.540120610328278,32.144706345633395,-17.21261782445308,3.4993014611179833,33.07881931357586,-13.675360931639936,2.6984767256311075,26.12609458142642,-38.90746548882603,99.96557577241886,26.122379992052277,-39.30132768114428,109.88173620958848,26.040646764189358,-38.27191351854246,119.75184285550158,25.890399673727337,-36.969214453666766,129.58880275165748,25.728053322200555,-30.86132258647383,138.162736641467,5.51587058023145,-35.43960549935065,142.1916301886964,1.1391600397707426,-28.014853842796416,113.78451507076308,0.50675751696814,-19.4888945044695,91.85919667739992,-0.7255850557955259,-15.006699003884172,81.75277712798723,-0.7255850557955259,-15.006699003884172,81.75277712798723,4.251758230667611,-18.627238249566066,87.21503857659454,4.251758230667611,-18.627238249566066,87.21503857659454,25.728053322200555,-30.86132258647383,138.162736641467,45.02512881377051,-38.07569279951776,142.7780078947949,53.501319869570075,-37.83786723864511,114.32902995483758,56.59805158827718,-31.296348753630937,91.93639074431638,59.31785799133008,-27.675196154558645,81.77576242639192,59.31785799133008,-27.675196154558645,81.77576242639192,53.37777881642849,-29.446433897024104,87.18840752923492,53.37777881642849,-29.446433897024104,87.18840752923492,25.78964921920685,-34.49279142549129,142.17003836565962,26.421097398141953,-32.70434543028113,149.371930174208,27.965740866100095,-29.864990910404664,156.0813753055025,30.38876240194131,-26.819933624108057,164.99721139901732
6.53333072,26.5303,-35.0952,91.9491,16.320944294891106,-36.07731538962744,90.94109193553948,16.669904308511,-36.949622462920104,46.24946621517908,17.81624579715003,-47.86170705017274,7.686309046165178,19.223643231687173,-47.52500961027295,4.370384267340542,12.110373904858339,-35.402122468445384,2.5822098266027713,10.685302959160616,-32.91260086956878,2.142362928972403,36.739655705108895,-34.11308461037256,92.95710806446053,32.14437572126449,-27.587283718687345,48.97391324141294,28.910676094708695,-30.342033495817645,9.105889461940073,28.516151069589103,-30.768474117930847,5.534896848678867,32.15817831885666,-17.22531588475774,3.5152276711084194,33.087876609724674,-13.68822480718826,2.708554616807321,26.133305769565457,-39.23773273472368,100.00607964979709,26.11728223895387,-39.59565752581685,109.92359002946333,26.013116039594273,-38.52767206719868,119.7893862722149,25.824127929627927,-37.18979966426654,129.62095582992865,25.61139706529189,-31.055744256542166,138.17508650348785,5.382839254032447,-35.643086996954175,142.11040406354877,1.1145480005580808,-28.19538055476042,113.69280247287226,0.5742551766689626,-19.645652503515016,91.77427751898448,-0.6180123221652963,-15.151078503470893,81.66854827265026,-0.6180123221652963,-15.151078503470893,81.66854827265026,4.339105429317118,-18.773002330239056,87.14825648977194,4.339105429317118,-18.773002330239056,87.14825648977194,25.61139706529189,-31.055744256542166,138.17508650348785,44.90280005295173,-38.206196381461716,142.91194136900168,53.36409567531004,-37.9972850952461,114.4583026894663,56.33506436563037,-31.326730428866494,92.08670132246581,58.979115760708055,-27.610552172706708,81.94039794539803,58.979115760708055,-27.610552172706708,81.94039794539803,53.07814688554448,-29.474686778477615,87.3646139495485,53.07814688554448,-29.474686778477615,87.3646139495485,25.66068799865292,-34.67470355155598,142.19385884301164,26.250425887837032,-32.86624643960779,149.39428963559652,27.760912158705,-30.017614639516747,156.1075779204484,30.142563827263714,-26.969815898217465,165.03361840033565
6.54166405,26.5337,-35.4213,91.9863,16.324567616909647,-36.41769050735504,90.99010887808178,16.67892638004832,-37.08530837121231,46.29499931892704,17.81209490397633,-47.84234918071287,7.687917302681392,19.22237862755406,-47.507516511523534,4.373030163387615,12.117355855422915,-35.381231709423474,2.5751343638889486,10.693020302935333,-32.89123035495384,2.135621254233187,36.74283238309035,-34.424909492644964,92.98249112191822,32.16008457331967,-27.894802298970347,48.998627890033255,28.941488066067105,-30.34567520538118,9.109548705247313,28.545666557769206,-30.76644562765282,5.538026980700461,32.176832538079005,-17.217260968148622,3.5393299836303953,33.102066502816996,-13.680347754831523,2.726765739057619,26.149352657520396,-39.547557871803775,100.05223925406126,26.120955552425595,-39.869582111363904,109.97095252917704,25.994302084908487,-38.76311465888919,119.83224391094748,25.766533309102908,-37.39021811146192,129.65816145055823,25.503431614421224,-31.23021960216317,138.19222482094005,5.259033304202024,-35.827138469564666,142.0337951800149,1.0990605921690593,-28.356114896359685,113.60625298158071,0.6506581668819871,-19.782274171898656,91.69507563446926,-0.501648923889036,-15.275191312225457,81.59028205441713,-0.501648923889036,-15.275191312225457,81.59028205441713,4.435250179481551,-18.898477113705358,87.08731561786722,4.435250179481551,-18.898477113705358,87.08731561786722,25.503431614421224,-31.23021960216317,138.19222482094005,44.78844731867507,-38.31624252782214,143.0503558631947,53.2347965877395,-38.13656056942687,114.5920772775388,56.07836933278537,-31.338407687852815,92.24234095510363,58.64542600991609,-27.528215276072025,82.11114583150292,58.64542600991609,-27.528215276072025,82.11114583150292,52.784705862671494,-29.48479326563909,87.54642987929537,52.784705862671494,-29.48479326563909,87.54642987929537,25.540374680279793,-34.83668786829712,142.22234255461157,26.088366116062804,-33.00835238345622,149.4210512057295,27.564596449985675,-30.150538495869206,156.13805614004514,29.904696283386215,-27.100122018264095,165.07418687819316
6.54999738,26.5241,-35.7714,92.0268,16.31522557479809,-36.78209586273459,91.04244658099364,16.675335097201028,-37.24497600630295,46.34479378630469,17.795567714276643,-47.84666625057281,7.694385993654009,19.208725845551395,-47.513694147367154,4.380535737818835,12.111976200910563,-35.384001840931965,2.572976601165993,10.688378366827788,-32.89351787678334,2.133807936512654,36.73297442520191,-34.76070413726541,93.01115341900635,32.162342758260586,-28.225978907688585,49.026715323367505,28.956095347301908,-30.372602641920214,9.119112491659436,28.558831612990048,-30.787698040886088,5.547086850827899,32.178815584134504,-17.23245828824372,3.569271819779443,33.09947252585024,-13.695713796934452,2.7507959078161237,26.152405289330552,-39.8813602127906,100.10164817478561,26.111565072695612,-40.16754480667285,110.02141679584375,25.962337816576504,-39.02270553198225,119.87801120271456,25.695712519294947,-37.614959005166774,129.6980183161279,25.382127440231773,-31.429258182468065,138.21176082317223,5.122538230301892,-36.036725383426074,141.95946410344789,1.0705792923834947,-28.542051134932677,113.52254780940515,0.713622927585335,-19.943716350102555,91.61928952846417,-0.3989547302645329,-15.423998522434168,81.51568707466711,-0.3989547302645329,-15.423998522434168,81.51568707466711,4.517821644055785,-19.048524583250227,87.0299115598649,4.517821644055785,-19.048524583250227,87.0299115598649,25.382127440231773,-31.429258182468065,138.21176082317223,44.66017163073055,-38.45002515943783,143.19080009639222,53.091474109044015,-38.29964812063011,114.7278900746572,55.805909588532145,-31.375255440853465,92.4008632174164,58.29467860002876,-27.472015305777564,82.28556756745091,58.29467860002876,-27.472015305777564,82.28556756745091,52.475374606875654,-29.520674722973638,87.73141427676711,52.475374606875654,-29.520674722973638,87.73141427676711,25.406744681748737,-35.023260532540334,142.2530933003504,25.912914399543855,-33.17518365809756,149.4498228065523,27.354734905294194,-30.30826869497818,156.17042275937945,29.653041671042573,-27.25533071424439,165.1165334328905
6.55833071,26.515,-36.1263,92.0615,16.30641377014767,-37.15129783247445,91.08901789677545,16.67258790319698,-37.409616581163334,46.38976409787672,17.780068170368757,-47.85597949545151,7.69671861150011,19.1960786656207,-47.52490428992048,4.38389604920992,12.107661281828793,-35.391791688546604,2.566623753834473,10.684809975505779,-32.90082248400529,2.127787945106773,36.72358622985233,-35.10130216752555,93.03398210322455,32.164549200528754,-28.56170747397115,49.04906440568541,28.96777303916841,-30.403871743555612,9.125489507287035,28.568911160576206,-30.813299231600926,5.552987837946795,32.17742327440947,-17.25199246346201,3.5959083646631607,33.0933966812229,-13.715412742774532,2.7714872242059925,26.155958335801827,-40.21992652392354,100.14521287964259,26.102612824909826,-40.470297880920135,110.06589065288284,25.93073792503486,-39.28716632356409,119.91759293102652,25.62519387409416,-37.84471253658381,129.73142749992775,25.261042837690347,-31.63352508582199,138.224576869872,4.986888152750208,-36.2523968473309,141.87829611221332,1.0426915479308456,-28.73380511871791,113.4325440005014,0.7767998756832879,-20.11066882635418,91.53774269192705,-0.2962466713302805,-15.578217957868283,81.43556861583988,-0.2962466713302805,-15.578217957868283,81.43556861583988,4.600476449192224,-19.203876511228586,86.96686624742233,4.600476449192224,-19.203876511228586,86.96686624742233,25.261042837690347,-31.63352508582199,138.224576869872,44.53152677632982,-38.58819309087692,143.32418769326858,52.9476360954858,-38.467338550607124,114.85664091192278,55.53118096048075,-31.418232067134575,92.5531233428212,57.940369401096376,-27.422992424135757,82.45449313454648,57.940369401096376,-27.422992424135757,82.45449313454648,52.1636521979105,-29.563322173200532,87.91041447502131,52.1636521979105,-29.563322173200532,87.91041447502131,25.273347689202446,-35.21507498246644,142.27700528015583,25.73763307824243,-33.347374470115106,149.47149243187044,27.14490398202202,-30.471422826367988,156.19555387185622,29.401191506443414,-27.41604041990999,165.1515209019344
6.56666404,26.5176,-36.4581,92.0923,16.307311991113032,-37.47219944060298,91.12627934279455,16.655143805000705,-37.54182928843357,46.42618687126224,17.760402927544384,-47.86289418405125,7.699467395137205,19.178256633305143,-47.53242104239175,4.387373161075893,12.100232404467112,-35.39346988918822,2.568582651940694,10.676343343307513,-32.90188049231801,2.136688563287035,36.72788800888697,-35.444000559397026,93.05832065720544,32.192996817701165,-28.910778824193585,49.06995994789086,28.999858634492476,-30.43768257430211,9.132794134943651,28.59826248481712,-30.83628522439339,5.559374721621708,32.20099235076727,-17.267915446468464,3.6409795374939957,33.1137565049766,-13.730635571230955,2.8160029907787307,26.15640231896711,-40.531526679956166,100.18611456871466,26.09209618843079,-40.74876017988141,110.10750828978458,25.90330987780152,-39.533249184220736,119.95495830431864,25.569169349433956,-38.06054401709072,129.76336636263323,25.16550241833643,-31.824703660257395,138.23664139645734,4.882538036839193,-36.44901263945573,141.8341559834771,1.0290473755071838,-28.944696747538966,113.37220639534536,0.8790380357217554,-20.303738523304855,91.48333158632381,-0.149771003345894,-15.75454620958578,81.38408101587078,-0.149771003345894,-15.75454620958578,81.38408101587078,4.721055996775458,-19.395570826076966,86.92813502271072,4.721055996775458,-19.395570826076966,86.92813502271072,25.16550241833643,-31.824703660257395,138.23664139645734,44.423240378215105,-38.70554008730757,143.48245949974947,52.830867430558555,-38.620627291330756,115.01227652166199,55.244006055843066,-31.4085965098627,92.74178312294454,57.55156529059945,-27.339130236142477,82.64905923610367,57.55156529059945,-27.339130236142477,82.64905923610367,51.82992237389427,-29.573472409706177,88.12528678240926,51.82992237389427,-29.573472409706177,88.12528678240926,25.16395247184424,-35.3943159889147,142.29960737130426,25.586114740272073,-33.50611741990046,149.49133850404195,26.952259897612027,-30.614331243220967,156.2170898836234,29.152607065462785,-27.541999998048617,165.18117341442948
6.57499737,26.5171,-36.8026,92.1176,16.305114487482143,-37.80565451178265,91.15801240706338,16.6345458375149,-37.68648856423263,46.457885150951896,17.737446575902037,-47.8820519332423,7.697868674694135,19.15715365906346,-47.55219505950309,4.38650700848063,12.0897289296325,-35.40729231234899,2.5662306679222735,10.664847351325767,-32.91507563896533,2.1412849942055514,36.729085512517855,-35.79954548821735,93.07718759293661,32.218170893509054,-29.272569923001406,49.085434484870014,29.02684500599615,-30.484105381033604,9.137313119734195,28.62239494319377,-30.871890003465136,5.563025347757128,32.219262433078725,-17.296568875826363,3.6831951581673645,33.128761519842776,-13.758584895465798,2.8576320863870404,26.153723864437378,-40.85579735758561,100.2214664795926,26.078507714223647,-41.03987368967961,110.1434540564398,25.87287663999666,-39.79196414750681,119.98651337132083,25.510209061281266,-38.28898618304877,129.78931442541258,25.067141931908257,-32.0285351451976,138.24244911424472,4.77559189269461,-36.658428229973765,141.78392844774797,1.012767650065932,-29.168528520282003,113.30605497205029,0.9786176220444467,-20.51001179871234,91.42363224973994,-0.005961706567634617,-15.944185581203545,81.3274797485124,-0.005961706567634617,-15.944185581203545,81.3274797485124,4.8389282850243704,-19.60047141737262,86.88420230838211,4.8389282850243704,-19.60047141737262,86.88420230838211,25.067141931908257,-32.0285351451976,138.24244911424472,44.31110131095404,-38.834891643367165,143.6339727836225,52.70978360828861,-38.78713655545129,115.1610632596554,54.949208229889265,-31.415556907254448,92.92469005954791,57.15374033292325,-27.273794463534955,82.83834766513401,57.15374033292325,-27.273794463534955,82.83834766513401,51.488701162563714,-29.601159951125158,88.33464203854871,51.488701162563714,-29.601159951125158,88.33464203854871,25.051722054222402,-35.58616675538159,142.31588091625048,25.431803771294277,-33.67747647722609,149.50454913873247,26.75682112093177,-30.769838650303527,156.231694357405,28.901181350384054,-27.68051402297501,165.20350203700474
6.5833307,26.5179,-37.1428,92.1382,16.30424069390242,-38.13485928108883,91.18501755588356,16.615217411779096,-37.82686540739362,46.4856603400946,17.715827447544555,-47.89683880394526,7.6927605640799825,19.137386788832487,-47.567597908715136,4.382132328275621,12.080519052926793,-35.41678211371796,2.560360038997836,10.654638873176376,-32.92396187514813,2.142360928865291,36.73155930609758,-36.15074071891117,93.09138244411643,32.24424735312951,-29.629981823690454,49.096293660058386,29.05287320413338,-30.526243232144466,9.13985955716533,28.64545261659373,-30.903235462733495,5.564754640309833,32.23608323989072,-17.32100145811059,3.7233279731011804,33.14218342613844,-13.78229179983704,2.897137906274335,26.15240157815416,-41.17574534921921,100.25206872387884,26.06632865741847,-41.326629424276774,110.17452832261796,25.84389470704486,-40.0462891796931,120.0130562123086,25.452739789918457,-38.51300562859052,129.810066900428,24.970266748146376,-32.2279797380081,138.24278360767437,4.6704481684811405,-36.86398492794687,141.72844141525374,0.9980950105423543,-29.388714164087876,113.23491809976375,1.0796020669741748,-20.71290110672485,91.35947235268372,0.13915255007384908,-16.13056304028923,81.26659400297986,0.13915255007384908,-16.13056304028923,81.26659400297986,4.958135700630277,-19.801921337147586,86.83589202019051,4.958135700630277,-19.801921337147586,86.83589202019051,24.970266748146376,-32.2279797380081,138.24278360767437,44.19959012960187,-38.95876465646148,143.7794473605972,52.588841035281646,-38.949357903585785,115.30371905745189,54.65113414727715,-31.421744406316854,93.10251448661947,56.75118378394935,-27.209653488533938,83.02300346401984,56.75118378394935,-27.209653488533938,83.02300346401984,51.14431386131256,-29.62910141115899,88.5391463350938,51.14431386131256,-29.62910141115899,88.5391463350938,24.941030412424986,-35.77358007176507,142.32661643994555,25.279037852112886,-33.844386155525484,149.51191207107723,26.56286976504166,-30.920844966771586,156.24015062507524,28.65114369080644,-27.81442805754699,165.2192834609038
6.59166403,26.519,-37.4696,92.1538,16.303672939070733,-38.45053599945788,91.20699885233815,16.5961232026746,-37.953685712138544,46.50921686166988,17.694307396011595,-47.897861307792525,7.6838109669428505,19.117730324476035,-47.569240183725164,4.373921970746994,12.071626575030518,-35.41239332927966,2.5507221710518824,10.644793172876012,-32.918961200375996,2.139683309206517,36.73432706092926,-36.48866400054212,93.10060114766186,32.27041800362291,-29.97401338100672,49.10222679719881,29.077159715207173,-30.555032012639305,9.140116010315204,28.666649718251108,-30.92124690067173,5.564244362481277,32.25096147720555,-17.332212710610627,3.761074931736813,33.15360457506292,-13.792774816926677,2.9342203772687463,26.15136856666431,-41.48226519570291,100.27762102898126,26.05449526325862,-41.599921715611735,110.20043068889161,25.81532872805524,-40.28711794204314,120.03428673120497,25.395759157379636,-38.72349293673208,129.8253243298729,24.87398987536278,-32.413922613202054,138.23734673205257,4.566130058587209,-37.056223011302215,141.66734170522545,0.9842765780834339,-29.59581094158333,113.15840803463377,1.1814317148411908,-20.903043494063187,91.29043084890887,0.28510924080619937,-16.304341847589093,81.20098041689225,0.28510924080619937,-16.304341847589093,81.20098041689225,5.078143714494962,-19.990639705633427,86.78278831304677,5.078143714494962,-19.990639705633427,86.78278831304677,24.87398987536278,-32.413922613202054,138.23734673205257,44.08766712378946,-39.06844353669367,143.91862710817412,52.46704630809865,-39.09871668002782,115.44000688769366,54.3490514453537,-31.41866646905698,93.27502577648329,56.34329907237426,-27.138272763540957,83.20280323333196,56.34329907237426,-27.138272763540957,83.20280323333196,50.796091864831325,-29.64873713307904,88.73856077856708,50.796091864831325,-29.64873713307904,88.73856077856708,24.830931544750992,-35.947441369801844,142.33151554500137,25.12691168827425,-33.99773972304209,149.51312892541682,26.369558439863525,-31.058267766641023,156.24215895736023,28.40170783443145,-27.934700975692145,165.22821703791138
6.59999736,26.5178,-37.8018,92.1673,16.29819192757006,-38.745862379730795,91.22925315729873,16.60300540298171,-38.131361778027,46.53301640289497,17.690243556282145,-47.920756796218335,7.667987931712574,19.11639554648002,-47.58562575995518,4.3599269387761055,12.07295389201039,-35.42444847478032,2.5554165623501177,10.648040383601064,-32.92978784645105,2.1451725765118965,36.73740807242994,-36.857737620269205,93.10534684270127,32.31289443359126,-30.301413167923307,49.109183476047335,29.117884016142266,-30.620686733511054,9.144264453075337,28.691757125006284,-30.964898386287388,5.568034027844915,32.291889673001826,-17.37147147021652,3.8306937289100285,33.19627118230542,-13.829877070946667,3.0150486980968916,26.1398847218818,-41.79293402745795,100.30124935882515,26.03003281214247,-41.874844920452986,110.22428328015864,25.778032053963738,-40.52654062894094,120.05301413392444,25.337359088064794,-38.93136654176844,129.8380336029464,24.783626235851358,-32.59859782200401,138.23055777725492,4.470772412869874,-37.25487107734168,141.6116933524447,0.9822048643971195,-29.846169975468083,113.07771770791103,1.3122015901708617,-21.139029282792933,91.2170611450596,0.4731412714367813,-16.523483230787107,81.13037817917814,0.4731412714367813,-16.523483230787107,81.13037817917814,5.2324046747064665,-20.226781832206402,86.72980154956082,5.2324046747064665,-20.226781832206402,86.72980154956082,24.783626235851358,-32.59859782200401,138.23055777725492,43.98211814687372,-39.19508213327531,144.0296345928835,52.39201694585004,-39.27408380200835,115.56010557381973,54.07665991294902,-31.41275614925326,93.4428496895688,55.93352472064913,-27.045689336340793,83.38157534839574,55.93352472064913,-27.045689336340793,83.38157534839574,50.46492218816415,-29.673054700252965,88.94124155600008,50.46492218816415,-29.673054700252965,88.94124155600008,24.724405891544215,-36.120817745614815,142.33424963368606,24.97999037751241,-34.153692874005635,149.5126622585307,26.18287719013815,-31.20055923531612,156.24293539790264,28.16030324452073,-28.05998348851831,165.2352716162874
6.60833069,26.5172,-38.1301,92.1765,16.29346361156128,-39.03731145482178,91.24711501736141,16.61149613703718,-38.305278175263844,46.55274082059746,17.688779629218484,-47.93985224772465,7.648766442524725,19.117726937884687,-47.59822363095195,4.342576895499693,12.076925855308406,-35.43278627745258,2.5565715445349073,10.653935633341344,-32.936903028977525,2.147089038110328,36.74093638843872,-37.222888545178215,93.1058849826386,32.3561649994907,-30.62511080934047,49.11193981895559,29.160416168343556,-30.682739121950735,9.14584608844688,28.718769575666172,-31.00491745349813,5.569445767809132,32.33448948556333,-17.407364436507287,3.89801449991425,33.24050034460589,-13.863615167558677,3.093614685317577,26.129110667545426,-42.0996436548979,100.32052927281053,26.00645239816666,-42.14568578976536,110.24364441429559,25.741777892998215,-40.761764982044284,120.06709032928237,25.280142862286045,-39.134897889114335,129.84592336808413,24.694512311593815,-32.778836857232356,138.2186509262391,4.376984578365541,-37.4495359267249,141.55146142966433,0.9811165110684295,-30.09325283878009,112.99275171021921,1.4433058371688807,-21.372324330468857,91.13998782965336,0.6612070437454858,-16.74022663589329,81.05631522211114,0.6612070437454858,-16.74022663589329,81.05631522211114,5.386802525553222,-20.460228984189573,86.67315424639806,5.386802525553222,-20.460228984189573,86.67315424639806,24.694512311593815,-32.778836857232356,138.2186509262391,43.87738538584769,-39.31633722028071,144.1350229953545,52.317099217045865,-39.4454123571251,115.67450136105322,53.799055125690245,-31.408191560611193,93.60600819108535,55.516123739832096,-26.958007281920718,83.5563317738623,55.516123739832096,-26.958007281920718,83.5563317738623,50.128751883111995,-29.700549017939,89.1396318784046,50.128751883111995,-29.700549017939,89.1396318784046,24.619231865347285,-36.28965454505416,142.33183936214746,24.834496250864333,-34.30498106993375,149.50674312066445,25.99763038618661,-31.338027056493083,156.2379253621341,27.920331652915124,-28.1802065065402,165.23608793566075
6.61666402,26.5059,-38.4577,92.1795,16.27817121055468,-39.32790772229308,91.25869755668612,16.61022325526679,-38.47850601719798,46.56650181254097,17.67831127974593,-47.95814022494899,7.624230397673529,19.110122422957573,-47.61005477324763,4.319953894096862,12.072181932518577,-35.44028546180568,2.55228040633819,10.651168086932548,-32.94315677673807,2.14352832283853,36.73362878944532,-37.58749227770693,93.1003024433139,32.38892987038754,-30.948474562567434,49.10858575334142,29.19333426496494,-30.744569672774794,9.142958381654609,28.736249279943173,-31.044684943005265,5.566578370436262,32.367571751818325,-17.443342953894874,3.961102054660432,33.27516705185826,-13.897458980396303,3.1679745507675197,26.107687134800027,-42.40557540608795,100.33356703715975,25.972406330566308,-42.415609866519254,110.25661986650667,25.695254638439962,-40.99593521448935,120.07461812798213,25.212839417361938,-39.33720331031857,129.84709289463967,24.59550028336627,-32.9577333709668,138.1997150836618,4.273527671956103,-37.64295340046058,141.48470082127548,0.9699987734227973,-30.33972702318183,112.9015536373355,1.5639774185385829,-21.605559685443662,91.05726347890887,0.8386599758064021,-16.957167775602297,80.97684542752559,0.8386599758064021,-16.957167775602297,80.97684542752559,5.5306069441380945,-20.69366397037722,86.6109186065462,5.5306069441380945,-20.69366397037722,86.6109186065462,24.59550028336627,-32.9577333709668,138.1997150836618,43.76222853183829,-39.435595174106425,144.23285883701703,52.23101743664941,-39.61628022827928,115.78125626287462,53.50513203154261,-31.408655946974953,93.76255880148912,55.08010375285004,-26.878981625246755,83.72513007461777,55.08010375285004,-26.878981625246755,83.72513007461777,49.77653461883682,-29.734830015481734,89.33180780447692,49.77653461883682,-29.734830015481734,89.33180780447692,24.504204485545664,-36.45703697670365,142.3223800523656,24.679268214617935,-34.454682037326634,149.49346357509881,25.80271653187432,-31.47376230319654,156.22521616410768,27.670760954466495,-28.298485271660677,165.2287469323465
6.62499735,26.4936,-38.7768,92.1824,16.262036481195494,-39.61008080509035,91.2700810478036,16.608976682052116,-38.643350065739874,46.580382386650996,17.66892359701415,-47.967869189279774,7.600456330510241,19.103657044748815,-47.61331532282364,4.298135732304729,12.068484760328166,-35.43931338812269,2.5486818682611103,10.649436293870155,-32.940950871942334,2.14064207548578,36.72516351880451,-37.943519194909655,93.0947189521964,32.42081913463264,-31.263437213763574,49.10525173108066,29.22635712811339,-30.79808585796327,9.141722854183925,28.75393050893716,-31.076111020889194,5.565551026394644,32.40059006929741,-17.471237566550247,4.026118227518169,33.309653322373826,-13.923217991387503,3.2443032137405465,26.08539054468743,-42.70296322625086,100.3464498722098,25.937661044135822,-42.67691969872405,110.2692960752778,25.64818634951832,-41.22142520788525,120.08169227746582,25.145123987710125,-39.53073267837755,129.84764671475452,24.496109326201317,-33.12780689846748,138.17989510112116,4.170027966277264,-37.82808376118515,141.41761077788297,0.9581217502220469,-30.578475503747686,112.81038161787937,1.6831403304662205,-21.83148592501737,90.975180139352,1.0142491710176311,-17.167023117278895,80.89828418063038,1.0142491710176311,-17.167023117278895,80.89828418063038,5.672694754907363,-20.919713837252846,86.54936795774108,5.672694754907363,-20.919713837252846,86.54936795774108,24.496109326201317,-33.12780689846748,138.17989510112116,43.6462939130473,-39.544999100485995,144.32929046750306,52.14352458423457,-39.77840987236876,115.88655304699088,53.204670052030586,-31.405801458407847,93.91873793299635,54.635260914793314,-26.80021352770607,83.89424640340654,54.635260914793314,-26.80021352770607,83.89424640340654,49.41807630001907,-29.767592592572583,89.524006339187,49.41807630001907,-29.767592592572583,89.524006339187,24.38891972931386,-36.61551298734962,142.31199429159247,24.523850985174928,-34.59538877209355,149.47896040101617,25.60761094527552,-31.60037648665159,156.21096435685536,27.420991698984118,-28.407445485626315,165.2194260652255
6.63333068,26.4857,-39.0909,92.182,16.248516953958674,-39.86648333783499,91.28192857065856,16.605183967906363,-38.8240177783205,46.59400898998903,17.6553065420105,-47.99534245245406,7.5774890786619125,19.094360741063824,-47.63529505297218,4.277643820787941,12.062487971671228,-35.45773008505614,2.5397606810863644,10.644189599754043,-32.95855320801829,2.1341069489497118,36.72288304604133,-38.315316662165,93.08207142934144,32.45861543643479,-31.534410929832312,49.104128759715806,29.264379575910763,-30.901926802123857,9.142877518225134,28.765816605095253,-31.141503928235377,5.567471582058479,32.45671542900053,-17.536231040002072,4.141155870724407,33.37469811761513,-13.98401046742844,3.3894176138899024,26.06340730818555,-43.0000245559384,100.35350641210661,25.903100317377174,-42.94131847457427,110.27601790391698,25.602649198967175,-41.45284744877462,120.08313583790763,25.078317466928926,-39.73080571591736,129.8424917359921,24.40333385161178,-33.30537265718544,138.15532812754995,4.069087094217142,-38.00774992303193,141.3382584910728,0.9532529754959431,-30.85407421952938,112.69627491252623,1.8175840606025249,-22.11065394803974,90.8647143642873,1.2222409368649094,-17.438918639015867,80.78657383151528,1.2222409368649094,-17.438918639015867,80.78657383151528,5.839305117433003,-21.195793579419714,86.46875297234186,5.839305117433003,-21.195793579419714,86.46875297234186,24.40333385161178,-33.30537265718544,138.15532812754995,43.53816781736192,-39.686100753626555,144.38986314649574,52.094234831878445,-39.9527312931582,115.96506152821718,52.943360306217045,-31.408153911285616,94.05431791842564,54.215596697784086,-26.7206974617151,84.0464396503702,54.215596697784086,-26.7206974617151,84.0464396503702,49.09425005197762,-29.805753027704274,89.70088846895634,49.09425005197762,-29.805753027704274,89.70088846895634,24.277381160838324,-36.78207871533447,142.29615872018672,24.377937322062543,-34.74413276462658,149.45864266522514,25.428751005542885,-31.73900004543485,156.1913597575404,27.195435198217638,-28.534678691544194,165.20505445565135
6.6416640099999995,26.4751,-39.3878,92.1887,16.232650308884978,-40.105709622136764,91.3007783202212,16.599659824970733,-38.987634366905816,46.61477028651177,17.640771007176728,-48.00569343783812,7.56229945828553,19.084197918031627,-47.640165793734894,4.26496748561183,12.055621616239875,-35.459073325263205,2.5385079742320387,10.638073346322948,-32.959089538448,2.1352112435031336,36.717549691115025,-38.66989037786323,93.0766216797788,32.49463659053774,-31.788680931226068,49.11027018518142,29.30256864157552,-30.98931580933415,9.151835564927445,28.778263148895622,-31.19026410335038,5.5777324078994255,32.51385429240211,-17.585770375214157,4.264846194376659,33.440920901873405,-14.02964518206822,3.5433236847650935,26.03885985420855,-43.279791374049815,100.3676486264447,25.866244639489334,-43.18824090327707,110.28970494251894,25.555074399877675,-41.66660536558885,120.09139752149856,25.009717067644498,-39.912960559325604,129.8439712491894,24.30890280620606,-33.46481681972682,138.13706135061946,3.9668571670869106,-38.16975675799382,141.2659122951826,0.9463580684593667,-31.11317040806474,112.589652149878,1.9488799123343352,-22.37390099592818,90.76233847332477,1.4265273066028568,-17.695200977197327,80.6833814478743,1.4265273066028568,-17.695200977197327,80.6833814478743,6.002357346707043,-21.45590401877951,86.39630038926308,6.002357346707043,-21.45590401877951,86.39630038926308,24.30890280620606,-33.46481681972682,138.13706135061946,43.4283743984066,-39.808196928628966,144.456264122253,52.0421507304116,-40.109270909895045,116.0492415151582,52.673331962769,-31.39907969758338,94.19642289748582,53.78449171744245,-26.634215758753605,84.20593459736266,53.78449171744245,-26.634215758753605,84.20593459736266,48.761991946250774,-29.834734734527927,89.88481873844637,48.761991946250774,-29.834734734527927,89.88481873844637,24.16433471913256,-36.930362836857036,142.2866297574966,24.23066398953647,-34.874361999437276,149.44435093723789,25.248585132457144,-31.858845788044473,156.1774787414699,26.968632142410534,-28.642753539136795,165.19600020656975
6.64999734,26.4647,-39.6909,92.1971,16.217322391573305,-40.35096570476213,91.32123458470376,16.595297466879362,-39.15742860869048,46.63726982895778,17.62802611181267,-48.0221875080624,7.5494929557210355,19.075884717776464,-47.65122812588726,4.2547115612256725,12.050844603559394,-35.466506477421866,2.539505817572758,10.634096470009123,-32.96569562370912,2.1385318970562928,36.712077608426696,-39.03083429523787,93.07296541529625,32.53189447348724,-32.049772630111086,49.11827341050494,29.343920701459822,-31.0837219317416,9.163194271964308,28.79426480819916,-31.245860533832197,5.590928979979973,32.57522035682098,-17.643399083098377,4.39177151715608,33.51159282121905,-14.083685187787399,3.7006006185738025,26.014578104629557,-43.565657318113914,100.38347581348003,25.829929173153275,-43.44104692769084,110.30495534342431,25.508329983056214,-41.886023218578224,120.10106958660393,24.942226816067333,-40.10048212068064,129.84667111921564,24.21584491337891,-33.62939099752154,138.11966276391215,3.866265267163495,-38.336928775517,141.19516030594994,0.9405302919191927,-31.378515579393316,112.4851048847801,2.0803405055070043,-22.64395719327174,90.6626434123331,1.630535037726665,-17.95857194460215,80.5832931880593,1.630535037726665,-17.95857194460215,80.5832931880593,6.165193173886857,-21.722850603516132,86.32660516983121,6.165193173886857,-21.722850603516132,86.32660516983121,24.21584491337891,-33.62939099752154,138.11966276391215,43.31980826122148,-39.934909547222404,144.52310004896972,51.99019503495322,-40.271766017175935,116.13370691434022,52.39788378804681,-31.402426671853043,94.33966847035035,53.345472352951,-26.564697863002518,84.36736097837316,53.345472352951,-26.564697863002518,84.36736097837316,48.42470756169109,-29.878273938825814,90.07041614315915,48.42470756169109,-29.878273938825814,90.07041614315915,24.052745453292275,-37.083602779356276,142.2779853373008,24.08503828182622,-35.009298941764236,149.4306584225939,25.070178927878306,-31.983140525986943,156.1638875626586,26.743711249903754,-28.754909197655067,165.1868223703757
6.65833067,26.4586,-39.9823,92.2049,16.20664898463954,-40.58456668652645,91.3409844792747,16.596236408201154,-39.31563759704974,46.65919688236579,17.621436967239248,-48.0269132886108,7.536729944180962,19.073773789974354,-47.650518300387915,4.244536995739392,12.052221537372732,-35.46222080889746,2.5404920365576813,10.636264400840007,-32.9605936857864,2.141822487536045,36.710551015360465,-39.380033313473554,93.0688155207253,32.5743882144045,-32.29960739677246,49.125854441934806,29.39247430152689,-31.167107672507164,9.17466362219109,28.817872713322828,-31.29027422459115,5.60476826533802,32.64456434104601,-17.691028353841954,4.519639732294879,33.590386615023945,-14.128025500831011,3.858954848947999,25.994734598969327,-43.839743752560054,100.39868176058296,25.79831644680715,-43.6818953077989,110.31946211388117,25.466538804796734,-42.09329996085582,120.10984859554434,24.879929214262926,-40.2756178764297,129.84829303337168,24.128106373783144,-33.78138912742474,138.10085609693746,3.771361503995138,-38.49206626548755,141.12367730357408,0.9397054419460602,-31.632906234004565,112.38032382405177,2.21575598707725,-22.903502399919862,90.5633417699789,1.837967125182058,-18.211677121175356,80.48403068437261,1.837967125182058,-18.211677121175356,80.48403068437261,6.331594105342614,-21.979194207038528,86.25739039295358,6.331594105342614,-21.979194207038528,86.25739039295358,24.128106373783144,-33.78138912742474,138.10085609693746,43.216557250919976,-40.048162574378566,144.58804212137738,51.942487913392114,-40.422001840073875,116.21613524296765,52.1210822751033,-31.400041489636514,94.48174227400942,52.902604043091515,-26.494010606080472,84.5284239566532,52.902604043091515,-26.494010606080472,84.5284239566532,48.086491300272506,-29.918269976340135,90.25538271042551,48.086491300272506,-29.918269976340135,90.25538271042551,23.94662919887986,-37.224110105175335,142.2679372572156,23.945030051407276,-35.13128014801995,149.41528443750988,24.89744046235896,-32.094222483351345,156.14831545281706,26.52451496871076,-28.853477427913777,165.17526070150652
6.666664,26.4577,-40.2631,92.2132,16.201786747986933,-40.80941491098687,91.3591752958982,16.609827298291645,-39.48001559604653,46.67931067411646,17.604036635793236,-48.03777161173065,7.522176720528293,19.059320807507,-47.65894857472527,4.23156417423947,12.046861057957507,-35.464494772071696,2.5341350252332413,10.632735795026496,-32.96158633424081,2.1370086253612532,36.71361325201306,-39.716785089013136,93.0672247041018,32.62033212839531,-32.50829168956944,49.14107332700969,29.430420704250263,-31.260422610457045,9.193957441660679,28.831992304973586,-31.345931042184187,5.626877178666486,32.738596090423336,-17.761506431851522,4.645849212858205,33.70279607947454,-14.198523159694705,4.0121756351824756,25.979457107242585,-44.104488527091505,100.41369516029104,25.76973985218355,-43.919525882008266,110.33373480402504,25.42604770136425,-42.30230357507715,120.11902206377525,24.819727891845048,-40.45737327973569,129.8511332188287,24.052205807354365,-33.9437198878277,138.0869252928131,3.679910565075879,-38.62179631835532,141.05511940903585,0.9446070132006454,-31.899710543056894,112.2700816472293,2.3523951671458807,-23.2150550522885,90.44334589127446,2.0470462241321723,-18.53044184577127,80.3582270541368,2.0470462241321723,-18.53044184577127,80.3582270541368,6.500744468642337,-22.287056529441468,86.16950650181823,6.500744468642337,-22.287056529441468,86.16950650181823,24.052205807354365,-33.9437198878277,138.0869252928131,43.11799851209866,-40.19084750755078,144.65913450148963,51.87830612194568,-40.55766822282347,116.29773159571462,51.873123168968874,-31.421431159545936,94.61039317670635,52.50108692327434,-26.446172380126765,84.68059345909094,52.50108692327434,-26.446172380126765,84.68059345909094,47.782424634466985,-29.972150394311385,90.42691889378727,47.782424634466985,-29.972150394311385,90.42691889378727,23.848374735004235,-37.37702511053852,142.2607359298271,23.818970327295634,-35.26863314521056,149.40344761404393,24.746936680157845,-32.2218233224115,156.13548592752304,26.335877487971047,-28.969437639909582,165.1650371327559
6.67499733,26.4507,-40.5494,92.2259,16.191144904031837,-41.0396970520597,91.38167678097834,16.618549292859786,-39.65010083753855,46.703824884328256,17.583387105198177,-48.05421699986553,7.512694520226788,19.041711842510068,-47.67299457261618,4.223705577541466,12.03843141801563,-35.47238366580817,2.5326355622640513,10.626157129839712,-32.96819438568844,2.136999783812884,36.710255095968165,-40.059102947940296,93.07012321902165,32.66216420298167,-32.72312868827949,49.16089248067104,29.46634755258557,-31.35998033064421,9.218016242446431,28.84469727186039,-31.407534221720706,5.654200955493726,32.83182666626741,-17.83937142923162,4.777663090498476,33.814619838332646,-14.276741220488642,4.171150768864418,25.958164685563556,-44.3746485402351,100.43309108611236,25.735357309500987,-44.16238954324802,110.35229881817293,25.379977607630547,-42.51634712315756,120.13236163285674,24.754161295101255,-40.643914504165195,129.85798393020644,23.971097085944614,-34.11062650676133,138.07674296873023,3.5835509189087027,-38.75628394664726,140.99064363248183,0.9442262459498894,-32.17242233791425,112.16472728576768,2.4830533481551464,-23.53300144880283,90.3288870204996,2.2497087560447615,-18.85580220368769,80.23840544855808,2.2497087560447615,-18.85580220368769,80.23840544855808,6.663485120087775,-22.601211414847914,86.08725480573385,6.663485120087775,-22.601211414847914,86.08725480573385,23.971097085944614,-34.11062650676133,138.07674296873023,43.01412499841631,-40.33748518966009,144.73364222499305,51.807591979861364,-40.69878225617688,116.38243194190352,51.61511503754953,-31.452989935989798,94.74242780053035,52.0876114578199,-26.4123492984084,84.83701766634314,52.0876114578199,-26.4123492984084,84.83701766634314,47.4686737845254,-30.037982579285462,90.60232328153663,47.4686737845254,-30.037982579285462,90.60232328153663,23.744997638570013,-37.53434388739535,142.25727707688452,23.687920215786292,-35.410138184459804,149.39513416440906,24.591508717627494,-32.3533206395464,156.12595178331316,26.142387435587143,-29.088907876967134,165.15778022522287
6.68333066,26.4493,-40.8221,92.2396,16.18642534147834,-41.25635202495239,91.40509192196922,16.63408605095349,-39.8069271971481,46.72933932833363,17.571189794582054,-48.05730414818133,7.504883992031807,19.03264671380469,-47.67371394602627,4.21756105783947,12.03863737060158,-35.46694265607474,2.5325895500676943,10.628233713680693,-32.96147262697344,2.1383919565701004,36.71217465852166,-40.387847975047606,93.07410807803078,32.711546866401335,-32.9251018792267,49.18189350382382,29.511908562443388,-31.44688813115302,9.243416085063203,28.867647186897752,-31.456213458861537,5.683313535719549,32.93584607922596,-17.905759905164953,4.911609407461119,33.937430422330436,-14.343820293721578,4.332395606107424,25.942573020383133,-44.63111101322422,100.45347641882717,25.706881886456753,-44.39134095088975,110.37175948834059,25.34003411205268,-42.71625064113382,120.1464653256012,24.69492908980406,-40.816029849606956,129.86543540962342,23.896460777349628,-34.26286782956983,138.0668717252421,3.4939764665947095,-38.87633261023233,140.92686569498858,0.9501419960037158,-32.43198021175467,112.06086579908218,2.6191529134670146,-23.83842225029699,90.21649200717742,2.4572933263150407,-19.168906626811186,80.12105312880601,2.4572933263150407,-19.168906626811186,80.12105312880601,6.831210525731152,-22.90274505722594,86.00712564466698,6.831210525731152,-22.90274505722594,86.00712564466698,23.896460777349628,-34.26286782956983,138.0668717252421,42.916585599884684,-40.4688033924194,144.80825172973263,51.74207877028461,-40.82624364537652,116.46694568352527,51.35889029954406,-31.475757255802456,94.87451476168876,51.67409688373677,-26.373656758034205,84.99434896597366,51.67409688373677,-26.373656758034205,84.99434896597366,47.15712000143243,-30.096808183934783,90.77825889424075,47.15712000143243,-30.096808183934783,90.77825889424075,23.64818843852109,-37.67680895014534,142.25413741576332,23.5635619436971,-35.53651027257071,149.3869118710259,24.44283105694635,-32.46940324267759,156.11626932892378,25.95570762374813,-29.192538820306385,165.15003402241783
6.69166399,26.4516,-41.1034,92.2551,16.185728454445844,-41.48158068716402,91.4302148031164,16.654546630317796,-39.97262096894368,46.75665044636555,17.56557274181596,-48.06923886133695,7.499554402226657,19.030249209737025,-47.6833197335691,4.213937395522867,12.045567649307248,-35.47040938195893,2.534769374470333,10.637047442540759,-32.963663747227756,2.141949524174206,36.717471545554154,-40.72521931283598,93.0799851968836,32.76659090941223,-33.136367016471304,49.204890151141306,29.565229096476948,-31.543255848630444,9.270968993313836,28.898974328928265,-31.514084962735716,5.715024183880658,33.048738755301635,-17.982796122674074,5.048511969116863,34.06930100398692,-14.421887122929972,4.496738997959442,25.930778834871475,-44.8960901662873,100.47564435977337,25.682413449312996,-44.62862963686184,110.39291003841967,25.30432046234767,-42.92430061734806,120.16213146731823,24.640136443254324,-40.99604135622895,129.87429162101677,23.826402068278384,-34.42279986575256,138.05814000798375,3.409283677659154,-39.004331335965574,140.86453179297848,0.9605330732172517,-32.70066079181622,111.95927137574527,2.7589874550812237,-24.153449000138504,90.1069892371548,2.6681495293390194,-19.491817418863445,80.00701892519004,2.6681495293390194,-19.491817418863445,80.00701892519004,7.002236689003846,-23.213772035983602,85.92996524220916,7.002236689003846,-23.213772035983602,85.92996524220916,23.826402068278384,-34.42279986575256,138.05814000798375,42.82354759678064,-40.60711627588296,144.8836569223499,51.679843906544185,-40.96217462415524,116.55193140336694,51.102562561665685,-31.51185860361109,95.00733171804669,51.25871066516682,-26.352232087732247,85.15328012404349,51.25871066516682,-26.352232087732247,85.15328012404349,46.84591536506775,-30.170749184421677,90.95541038589371,46.84591536506775,-30.170749184421677,90.95541038589371,23.55605521273375,-37.82679274017624,142.2521323995565,23.444006922896357,-35.67015224798992,149.3796044949566,24.299015121104524,-32.59249630412615,156.10727172622606,25.773956816621777,-29.30278542670054,165.14264055235444
6.69999732,26.4557,-41.3736,92.2718,16.18814743383654,-41.699027013423105,91.44533985576757,16.665393354179855,-40.151015656927214,46.773200893975336,17.54279963624487,-48.09527959535841,7.484225234348699,19.010346438965694,-47.706160086135,4.200266916561213,12.030332047435131,-35.48955689992289,2.5285711653378327,10.623258927452321,-32.98190855741386,2.1363272230856287,36.72325256616346,-41.0481729865769,93.09826014423243,32.820261267633825,-33.31429552044751,49.2442078740887,29.596754464636142,-31.664441217533124,9.314372357771049,28.91542035737712,-31.602784199198254,5.761701237335664,33.18087705312783,-18.103685298630957,5.177946965935307,34.23206495665734,-14.547142575909849,4.656332671141963,25.91329653229687,-45.15127162665887,100.49786215110609,25.649825961878147,-44.864375455495505,110.4141947839848,25.25978792571066,-43.13793543155668,120.17906315045471,24.577546404715253,-41.187346198455046,129.8855108627302,23.7519309246915,-34.59676166887805,138.0542069877948,3.318264787736041,-39.12983351120779,140.81853994815194,0.9807805591986534,-32.96647548804517,111.8738356484073,2.876201245410998,-24.516282522037685,89.99203678497936,2.849070366385503,-19.897736580145022,79.87192027730543,2.849070366385503,-19.897736580145022,79.87192027730543,7.146854413448377,-23.589264681111295,85.8401883106927,7.146854413448377,-23.589264681111295,85.8401883106927,23.7519309246915,-34.59676166887805,138.0542069877948,42.71683620618501,-40.78103300224847,144.96883963018675,51.5797944921872,-41.109065338841454,116.63887163079193,50.8721811755427,-31.577093448133837,95.13416755217537,50.90168654719887,-26.388503846741365,85.29414071215967,50.90168654719887,-26.388503846741365,85.29414071215967,46.574320028589916,-30.28166162266748,91.11099315133434,46.574320028589916,-30.28166162266748,91.11099315133434,23.45717486101617,-37.99222615179421,142.2534648865409,23.32026239747453,-35.82197854805419,149.37637102226162,24.16118327846403,-32.73602496888999,156.10201255907128,25.611901704473016,-29.43637683020588,165.13767959010536
6.70833065,26.4653,-41.631,92.2908,16.196350035002343,-41.90391363893101,91.46269398501153,16.682566688158033,-40.31694333416314,46.792018806904146,17.527939446724172,-48.10855621920083,7.471783644347084,18.998431387853334,-47.71621420498941,4.189526640613417,12.022848244760652,-35.496087728648476,2.5251019003404993,10.617177167109803,-32.98756945439412,2.1333938788655034,36.73424996499766,-41.35808636106899,93.11890601498848,32.882218160103186,-33.47965216531054,49.28608466103973,29.63756252667173,-31.77262600420803,9.360365491615205,28.941808306646827,-31.678205280517528,5.811210573066946,33.322879215988216,-18.21283601778201,5.310601638368187,34.40481594953708,-14.66120555508556,4.819269184072507,25.90148777035996,-45.39352901066895,100.5223608585543,25.62303411274489,-45.08704492157156,110.43769797355401,25.221166910761646,-43.33834933044018,120.19812550117429,24.520979803836525,-41.365243321868014,129.89874247818312,23.68345720784602,-34.757165694046634,138.05207969136717,3.233590128406565,-39.242310623909276,140.7744683909077,1.0068231297574708,-33.22029837460997,111.79130778266803,2.998646877168582,-24.867816703033647,89.88057547347236,3.0349536907401493,-20.292663766647905,79.74079646923202,3.0349536907401493,-20.292663766647905,79.74079646923202,7.296396677709096,-23.953273744805575,85.75399769739575,7.296396677709096,-23.953273744805575,85.75399769739575,23.68345720784602,-34.757165694046634,138.05207969136717,42.61603317986653,-40.940403403818394,145.05565929954815,51.4848865397158,-41.242482426748325,116.72724759000474,50.644763509743406,-31.631686292081532,95.26243235221655,50.54683305152693,-26.41689036532002,85.43671233287705,50.54683305152693,-26.41689036532002,85.43671233287705,46.306310054820855,-30.383192002775615,91.26809011080294,46.306310054820855,-30.383192002775615,91.26809011080294,23.36443469898118,-38.14394741475825,142.25657268185856,23.202708699114048,-35.959873252983996,149.37473088882032,24.029525015388433,-32.86545626033393,156.0982321907642,25.456009376081113,-29.555600087680464,165.13402407479114
6.71666398,26.4805,-41.879,92.3138,16.210425754931094,-42.09928146605308,91.48396514505244,16.706257847463586,-40.47331832519053,46.814797963980304,17.520957191552835,-48.11203218172017,7.463926368972366,18.99448211092386,-47.71650515250131,4.183412304873583,12.023552974640879,-35.49276429926937,2.5260446540642034,10.619332886395881,-32.98335646496377,2.134830454686297,36.750574245068904,-41.65871853394692,93.14363485494756,32.95287830643413,-33.635980660946444,49.33225180409192,29.688173913087535,-31.871124383848517,9.410681604070327,28.978669845901425,-31.743640254943564,5.865284359878399,33.47564922685148,-18.31368017289566,5.448259610121489,34.588552207777774,-14.767544581777436,4.987344277278264,25.89531252667144,-45.62626966353636,100.55082790114854,25.601995959232116,-45.30005095578543,110.46510678497962,25.188464255980303,-43.52895478847517,120.22100699648982,24.470500652267628,-41.533136360669594,129.91567646519144,23.621265764714384,-34.90739568223225,138.05345271634647,3.155395361910035,-39.344457450318714,140.7340534627842,1.0389418658884355,-33.464748155004514,111.71343381326993,3.1268897606816397,-25.210672650610817,89.77437701047194,3.2265210816205734,-20.679191660567167,79.61542950260356,3.2265210816205734,-20.679191660567167,79.61542950260356,7.4514630961898165,-24.308548812201213,85.67316690143281,7.4514630961898165,-24.308548812201213,85.67316690143281,23.621265764714384,-34.90739568223225,138.05345271634647,42.52123280759785,-41.0892554367569,145.14576155009783,51.395120606435285,-41.36678755531851,116.81867534454518,50.420627291219795,-31.6800360019964,95.39372005024381,50.19467155514896,-26.44182167718025,85.58257763340511,50.19467155514896,-26.44182167718025,85.58257763340511,46.04225833771836,-30.47956594757808,91.42831423646389,46.04225833771836,-30.47956594757808,91.42831423646389,23.277994973112012,-38.28533416892094,142.26314674748224,23.09157481012908,-36.087217040083196,149.37637668283816,23.904365415512387,-32.984206185871116,156.0976270555696,25.306705063125406,-29.663931195381032,165.13337594465781
6.72499731,26.506,-42.1175,92.3407,16.23507668042054,-42.285050138293634,91.50905348586276,16.74116814604036,-40.620089312769366,46.84143793356474,17.526569944802706,-48.105549947777625,7.460531357074629,19.003212610996055,-47.70685160400201,4.181803568640831,12.037101464079992,-35.47942982958608,2.5313450749636788,10.634369092573456,-32.96911753116346,2.1405966351513226,36.77692331957946,-41.949949861706365,93.17234651413723,33.03693465631375,-33.78323945388823,49.38260538492435,29.753298147919168,-31.95992554442365,9.465215222762055,29.030722027070638,-31.799093676152115,5.923816247310718,33.64389651009753,-18.406249441458122,5.590791481905072,34.787977062397324,-14.86620217638548,5.160421094330481,25.89947835925508,-45.84939265959627,100.58316392961835,25.59142199702548,-45.50329142712744,110.49632156253095,25.166390928759203,-43.7096491417543,120.247607374337,24.43081867763678,-41.69092270927935,129.9362118194883,23.570056098155543,-35.04735314424538,138.05822591466932,3.088385333840275,-39.43622207411161,140.69716150665482,1.0818174817486725,-33.699787303941335,111.64008451631506,3.2655347954894154,-25.544876546693953,89.6732843061115,3.4283377363648926,-21.057372880621806,79.49564868282967,3.4283377363648926,-21.057372880621806,79.49564868282967,7.616647168503789,-24.65511471377503,85.59752286675051,7.616647168503789,-24.65511471377503,85.59752286675051,23.570056098155543,-35.04735314424538,138.05822591466932,42.43711697796374,-41.22751530903251,145.23907532226343,51.31521963963979,-41.48192981042322,116.91309276154328,50.20451728271389,-31.722046315681784,95.52799241846814,49.84998708207982,-26.463179318316456,85.7317131721561,49.84998708207982,-26.463179318316456,85.7317131721561,45.7869305190305,-30.570672654288916,91.5916296062162,45.7869305190305,-30.570672654288916,91.5916296062162,23.202563177935563,-38.41628884011047,142.2730863302364,22.991564118587934,-36.20391430909026,149.38120773001197,23.79040204680407,-33.09217632678062,156.10009574786096,25.16868612118639,-29.76126655699882,165.13563190252694
6.73333064,26.5292,-42.348,92.3685,16.258575317213918,-42.46566209221333,91.52469962822876,16.747418137011138,-40.79055650534474,46.85727126907231,17.503769430960904,-48.12556046223803,7.4474954594778,18.985115470289855,-47.723872593217045,4.17125514301049,12.02307633804855,-35.49385356690209,2.5228599424851774,10.619180591459243,-32.983428644366754,2.137044279348083,36.79982468278608,-42.23033790778667,93.21230037177124,33.119165423927804,-33.935088139075106,49.44169744075288,29.808373178962288,-32.08464167073932,9.527799081052407,29.087288919352158,-31.90056513526355,5.987228058854187,33.9072510053148,-18.579718559694108,5.698138107416162,35.10780043892195,-15.056068618904662,5.287473071358694,25.89429656030292,-46.066330998703066,100.61495470252791,25.571944963705867,-45.70740108810137,110.52720156223872,25.13674381847284,-43.89876683304992,120.27526912124969,24.385747950107703,-41.864961159076984,129.95953567719567,23.516650614117722,-35.20976252020734,138.07113494267733,3.01761277975206,-39.54346225300726,140.66603057278948,1.1218993511991013,-33.936822987373816,111.57619405929458,3.365643566601613,-25.920112685583895,89.56461823944417,3.5841905275300827,-21.513895934743733,79.35256888579588,3.5841905275300827,-21.513895934743733,79.35256888579588,7.737583337941804,-25.069520758435054,85.50280555029379,7.737583337941804,-25.069520758435054,85.50280555029379,23.516650614117722,-35.20976252020734,138.07113494267733,42.35114576557278,-41.407127775633356,145.32230347751738,51.20429005006235,-41.640059890830265,116.988325632045,49.99945083948304,-31.815839756306282,95.6378089295138,49.58073676380746,-26.54246197491704,85.85186870241014,49.58073676380746,-26.54246197491704,85.85186870241014,45.562055629670645,-30.68477426449242,91.71787258849218,45.562055629670645,-30.68477426449242,91.71787258849218,23.12557281621148,-38.572855302713805,142.28853843110926,22.89274757690752,-36.35160400183971,149.39320918835116,23.68347401762684,-33.2355979701294,156.1110786131608,25.04381143959516,-29.897553069774926,165.1467013824009
6.74166397,26.5666,-42.5679,92.3961,16.296537031763158,-42.63575930609367,91.54007631281209,16.768274279839986,-40.950270511490835,46.87285462014303,17.496007548024597,-48.13447831360045,7.434772234757148,18.982083250258754,-47.729789664699666,4.161044092672023,12.02412378908883,-35.497171687472516,2.5147092057383116,10.619057940533635,-32.98664907027424,2.1338202000427233,36.836662968236844,-42.500040693906335,93.25212368718792,33.218379621330676,-34.07604374038879,49.50091338165889,29.880650811952414,-32.19706046901722,9.590591810028421,29.161602783185337,-31.989737952621297,6.050891660281066,34.18716573806182,-18.74420240708161,5.805807800311226,35.44393122100869,-15.237953026143721,5.414873766047118,25.90339738687618,-46.27254209658977,100.64648739603304,25.56679871865824,-45.90072959296984,110.55778578923591,25.12148847642981,-44.0770582874908,120.3025947046605,24.35512949449378,-42.028087186269005,129.98245990917468,23.477714261309675,-35.36118100395096,138.08354293619928,2.9616095442601846,-39.63990943395004,140.6344092794987,1.1761187680955674,-34.16384359310133,111.51274299415503,3.4793889558147506,-26.286020302271172,89.45721423420873,3.7534837126635945,-21.96160113048508,79.2115941103792,3.7534837126635945,-21.96160113048508,79.2115941103792,7.871939061219322,-25.47456363769345,85.40965596217328,7.871939061219322,-25.47456363769345,85.40965596217328,23.477714261309675,-35.36118100395096,138.08354293619928,42.279465053498726,-41.57533167603454,145.40498319157678,51.10752255634529,-41.78724273262425,117.06301402797543,49.80804316135424,-31.899661383531125,95.74732519071146,49.32505076682694,-26.61240330426006,85.97184151056163,49.32505076682694,-26.61240330426006,85.97184151056163,45.351016506546664,-30.789204914832695,91.84380291692327,45.351016506546664,-30.789204914832695,91.84380291692327,23.063100617617245,-38.718326227942654,142.3034361295744,22.80847861635992,-36.48805781447637,149.4045333647114,23.5910922379882,-33.36777723524899,156.12136867076427,24.933551653692327,-30.02253416881011,165.1570032378564
6.7499972999999995,26.602,-42.78,92.4273,16.332759413407075,-42.798128132938494,91.55900053813863,16.787465794879484,-41.10216119721813,46.89199884214843,17.486936864644683,-48.13536313217874,7.426196044604488,18.977753766122614,-47.72768316550725,4.154995675528562,12.023912041251748,-35.492450725363256,2.510692357678419,10.617675177778708,-32.98184284124569,2.134718660571535,36.871240586592926,-42.76187186706151,93.29559946186137,33.31831832240196,-34.20913525895514,49.56401428424663,29.953831982366196,-32.30035200659072,9.657353714196354,29.237358345227275,-32.06980554869107,6.118568088923915,34.46731328333956,-18.902888530887843,5.91749946482096,35.78003086939716,-15.415043774246671,5.54630529403459,25.910588049519788,-46.47079789758036,100.68157545872135,25.559811800022878,-46.08598078199398,110.59188578941941,25.104477012915986,-44.24716028896375,120.33338405541845,24.322836133827845,-42.18287072728762,130.00877165396423,23.437146945174753,-35.50412085955795,138.09919170556873,2.9042476552579295,-39.72796110702325,140.60602419977837,1.2284588972327544,-34.38333021240484,111.4534364196384,3.5908530708547293,-26.64515975464239,89.3547641976462,3.92034471550221,-22.403075009537773,79.07640766061549,3.92034471550221,-22.403075009537773,79.07640766061549,8.003810495214314,-25.872839220571745,85.32177348653089,8.003810495214314,-25.872839220571745,85.32177348653089,23.437146945174753,-35.50412085955795,138.09919170556873,42.20599919202806,-41.734633082001125,145.49080124759513,51.00861382717582,-41.92628677671126,117.14077539070416,49.61381672520309,-31.97650525655431,95.86008247469526,49.0663762479138,-26.676084236821517,86.09512949128239,49.0663762479138,-26.676084236821517,86.09512949128239,45.137301443879124,-30.88697025800224,91.97299992662619,45.137301443879124,-30.88697025800224,91.97299992662619,22.999047813843475,-38.8551841713116,142.3215454240231,22.72267584886072,-36.61570900227336,149.41893092903356,23.497188553158505,-33.49109863080853,156.1346923601682,24.82185770748016,-30.138528940641315,165.17023709142603
6.75833063,26.6393,-42.9807,92.464,16.37114362791701,-42.94897036470937,91.58335662229491,16.808987978837845,-41.24231836502872,46.91659343615893,17.48047261992115,-48.12421385869314,7.423639602834811,18.976059106626064,-47.71356538816257,4.154988697945065,12.026621301711739,-35.47555630131421,2.5127314751433243,10.61926347666825,-32.96484564147282,2.141670537091799,36.90745637208299,-43.01242963529063,93.34464337770508,33.42312276925831,-34.33081936187558,49.632938255910055,30.0321876316814,-32.390784737454894,9.730023522286956,29.318836106489503,-32.137022960933045,6.192195882918007,34.752143990288296,-19.052104912799898,6.035205075896392,36.12059077757158,-15.583686962391647,5.683773814822612,25.919685796112034,-46.65750906030138,100.72210713699867,25.554789424274023,-46.25960464879325,110.6313907517471,25.08953124848115,-44.40556127087671,120.36953415914576,24.2927128118471,-42.32583027973758,130.04037581972193,23.39890803914938,-35.635121602647416,138.1200151787907,2.849415469016069,-39.803801492672264,140.58282900133975,1.282813274397983,-34.5914027925043,111.40024208732018,3.703962149860334,-26.993687467300767,89.25923347885757,4.088721348115869,-22.83447780635106,78.94897663499162,4.088721348115869,-22.83447780635106,78.94897663499162,8.137120691862181,-26.260566850409834,85.2411088149048,8.137120691862181,-26.260566850409834,85.2411088149048,23.39890803914938,-35.635121602647416,138.1200151787907,42.134555351829945,-41.88195114230164,145.58175956715922,50.911541757873174,-42.05404591113571,117.22366346289522,49.42114679510789,-32.04306382340009,95.97818246730463,48.809288061716074,-26.730121130464514,86.22386395380413,48.809288061716074,-26.730121130464514,86.22386395380413,44.92534609494639,-30.974649960847916,92.10752952558617,44.92534609494639,-30.974649960847916,92.10752952558617,22.93730287216205,-38.979979815421146,142.3447839651565,22.6392606621261,-36.73113493248615,149.43832885019344,23.40573437555284,-33.60218703859358,156.1529929986398,24.712751050125696,-30.24223574838648,165.18836655075287
6.76666396,26.6809,-43.1769,92.5004,16.41425730732123,-43.104147807308436,91.60467138634283,16.83133618458467,-41.393158626131004,46.937875402278394,17.47559496897892,-48.143950839644546,7.421846821477217,18.972789184035577,-47.73142273617672,4.154168763612563,12.02344360400111,-35.49292759561925,2.5151465844439524,10.616485659267608,-32.9820087348541,2.1439780225948777,36.94754269267877,-43.24965219269157,93.39612861365717,33.54489727429136,-34.4912944128955,49.69329946716125,30.150951767072655,-32.527826422559436,9.791786876346407,29.445248967173406,-32.26424570944924,6.253143264806715,35.130058270565115,-19.286742286236258,6.086083142196877,36.56682481066706,-15.845727526377836,5.737955362093097,25.93427419074799,-46.84458730334691,100.76016529329536,25.556989170334308,-46.4377845123898,110.66862362661044,25.083493581912396,-44.57210513457191,120.40414731192547,24.27464723185607,-42.4818517597008,130.07172133291132,23.37733932347121,-35.785347284702574,138.14616918275706,2.810963583589725,-39.89736433585585,140.5628804888586,1.353777001590325,-34.80255987452608,111.35386995433254,3.803748751980553,-27.37089444492686,89.1597380811371,4.231378610678821,-23.31772490164476,78.80901780725162,4.231378610678821,-23.31772490164476,78.80901780725162,8.247694427155121,-26.70706502031454,85.14148427586098,8.247694427155121,-26.70706502031454,85.14148427586098,23.37733932347121,-35.785347284702574,138.14616918275706,42.08236869272406,-42.066315343729656,145.65591654048288,50.83425715584142,-42.230464974793584,117.29001756181881,49.259723677279716,-32.17053231659886,96.07374782660203,48.624672477047284,-26.840758207081585,86.33009970356994,48.624672477047284,-26.840758207081585,86.33009970356994,44.7554918885114,-31.09857137700583,92.21389264155482,44.7554918885114,-31.09857137700583,92.21389264155482,22.895162598084653,-39.12716445257383,142.3710467802759,22.57959409525811,-36.874595697421604,149.4626518190408,23.342542829759154,-33.74819069807623,156.17890170354414,24.63569475974133,-30.38964422236058,165.21679217327443
6.77499729,26.7195,-43.3633,92.5364,16.454559032069874,-43.24964972541307,91.62555130235805,16.850932062861293,-41.53413135805464,46.958740498342536,17.468220375500472,-48.15356529813282,7.42006539228948,18.967032319056166,-47.739139476527065,4.153369226460586,12.017695442754675,-35.50020656933603,2.517582176459121,10.611121257410083,-32.98908852597356,2.1463066476107873,36.98444096793013,-43.47695027458693,93.44724869764195,33.66491862025221,-34.6419522939482,49.753454123178905,30.268135629389747,-32.65414343845065,9.853388196454013,29.570240738549384,-32.38090125232444,6.313929018463696,35.50427736137536,-19.515579987746364,6.1370699837633875,37.008766353548864,-16.10328833102094,5.792320594393642,25.945930338444285,-47.021771371378534,100.79777277684673,25.556283322795355,-46.606019610456975,110.70538120254092,25.074585612884317,-44.72866571729082,120.4382578953014,24.253733903292982,-42.62782458146224,130.10252444963814,23.352869436377137,-35.925470298934904,138.17172094183834,2.7699198608315108,-39.981032283429315,140.54228893294712,1.4214774530822893,-35.00451191433636,111.30767469350509,3.8991563399489895,-27.739174361878337,89.06160807887818,4.36878552321319,-23.792717852525673,78.6715459866249,4.36878552321319,-23.792717852525673,78.6715459866249,8.35334217724629,-27.14470633599092,85.04383225069691,8.35334217724629,-27.14470633599092,85.04383225069691,23.352869436377137,-35.925470298934904,138.17172094183834,42.027176747922184,-42.24016798750786,145.72948703876847,50.75397544290661,-42.396600719708125,117.35581552841376,49.09515128213021,-32.288188078902216,96.16903194697272,48.43682782599124,-26.941748882444536,86.43606431235366,48.43682782599124,-26.941748882444536,86.43606431235366,44.5824815462754,-31.212795437014265,92.32000235064933,44.5824815462754,-31.212795437014265,92.32000235064933,22.85016944777417,-39.26416605309975,142.39667425218155,22.517063570073777,-37.007756751740764,149.4862559776067,23.276413524207754,-33.883927831857775,156.20411218542773,24.555711674997713,-30.526734603349944,165.24447668882286
6.78333062,26.7586,-43.5484,92.5724,16.495550672810012,-43.39376200264139,91.64639762017691,16.871294164769843,-41.67353507575214,46.97958960350467,17.461714161787352,-48.161442887209084,7.4187094799892535,18.962159480838647,-47.74512612648092,4.153003730404048,12.013003125332638,-35.505654595284184,2.5204831076384244,10.606848963816887,-32.99431610696822,2.149107615643027,37.02164932718999,-43.703037997358614,93.49840237982309,33.78688893609206,-34.791470810727354,49.81380099969898,30.387518793200687,-32.77833686857494,9.915225159794957,29.69759442314786,-32.49557947515787,6.374950811149757,35.878733074245076,-19.747271819197366,6.188569790412858,37.45038480504655,-16.365038568532494,5.847274178419896,25.958078769887845,-47.19754616281343,100.83532932301031,25.556106083060385,-46.77280503457537,110.74206400066409,25.066281989829918,-44.88374445823157,120.47226962731939,24.233492830065416,-42.77225272265287,130.13319318080855,23.329156234062786,-36.0639907091968,138.19709036678213,2.7298644769315246,-40.06291986707167,140.52146846315162,1.4895806533517202,-35.20528434871541,111.26208031425537,3.9940437302460046,-28.10649296817249,88.9653018951204,4.504892664606878,-24.2673685511805,78.53704135426402,4.504892664606878,-24.2673685511805,78.53704135426402,8.457936568811869,-27.581536392949157,84.94861574451937,8.457936568811869,-27.581536392949157,84.94861574451937,23.329156234062786,-36.0639907091968,138.19709036678213,41.97250353935985,-42.41249020843742,145.80282137715938,50.67409173224766,-42.561547446905216,117.4213685161613,48.931036094179014,-32.40506279007126,96.26435836117736,48.24946972409025,-27.042099660848717,86.54208729991664,48.24946972409025,-27.042099660848717,86.54208729991664,44.409938559744695,-31.32623614873644,92.42619519703514,44.409938559744695,-31.32623614873644,92.42619519703514,22.805911550820305,-39.3994822317645,142.42208011781557,22.45530090154959,-37.13912070659958,149.50955847409097,23.211036540902796,-34.01793083653449,156.22904870333562,24.4765514837841,-30.662087804940594,165.2718541288132
6.79166395,26.8056,-43.7061,92.604,16.544628910441446,-43.51054942491371,91.66282675249079,16.899743118303398,-41.785564627133155,46.99603345370112,17.463452113149675,-48.141752908121575,7.413387225893722,18.965538623273815,-47.723546131350965,4.148677583128194,12.016571357574849,-35.48353413530114,2.5194074162127453,10.610839971677295,-32.971974155304096,2.147929257393444,37.06657108955855,-43.901650575086286,93.54517324750921,33.917978656924674,-34.913793535770566,49.8699068627007,30.516168317414866,-32.874530620816614,9.972865959048484,29.834360547832876,-32.5824276283639,6.431778011716787,36.26020489409724,-19.95583687076408,6.2360964395719725,37.89838558662089,-16.60496496442665,5.898316769429872,25.978190794445062,-47.345798730794094,100.86844735660642,25.56393845771416,-46.9120038253682,110.77428381911375,25.06604985440937,-45.01118761763306,120.50179037133516,24.22137380422389,-42.88896775381233,130.15933065135718,23.31356081039372,-36.17473248667964,138.21786414646812,2.698206551816128,-40.11709582913958,140.49600569373308,1.5653974340946615,-35.379055219311084,111.21265827028398,4.095543174316361,-28.447110052269267,88.8663386409946,4.646732787614655,-24.71597413392259,78.40100178067905,4.646732787614655,-24.71597413392259,78.40100178067905,8.56858667936026,-27.991758675633235,84.85133886038685,8.56858667936026,-27.991758675633235,84.85133886038685,23.31356081039372,-36.17473248667964,138.21786414646812,41.92581025273146,-42.55675278778434,145.87155452513423,50.60215352215509,-42.698737929260034,117.48233774603432,48.774741227864574,-32.49466366070421,96.35536600684574,48.06986444159526,-27.115349162795884,86.64379635618495,48.06986444159526,-27.115349162795884,86.64379635618495,44.245208709265725,-31.412498305466517,92.5281033271517,44.245208709265725,-31.412498305466517,92.5281033271517,22.769808624128178,-39.50693349284929,142.44286084545064,22.40170525429515,-37.2424944260918,149.52815033315403,23.15377607786684,-34.12397469322622,156.24929128202277,24.405542303547584,-30.7694346473699,165.29449348448298
6.7999972799999995,26.847,-43.8622,92.6377,16.58812542453788,-43.6309832834037,91.68187256531145,16.91980646935195,-41.90025570019708,47.015121262275784,17.45987365630975,-48.156658856380766,7.4162509921422455,18.963639024444475,-47.73658773750271,4.152553730403166,12.016660086094303,-35.49490975725722,2.527326097703136,10.610912724033554,-32.98309569551499,2.1576306038257442,37.105874575462124,-44.0934167165963,93.59352743468854,34.077481886971825,-35.057400638402285,49.91969827569542,30.71896158701395,-33.07657252908588,10.016046298888682,30.052848269539442,-32.799898462691644,6.470734697228261,36.60651663244583,-20.240165285369017,6.2195485043334555,38.280314749907966,-16.90818064861822,5.869760194012961,25.995120051063683,-47.497881814279225,100.90142925817511,25.571651621155695,-47.0596699364369,110.80668159617181,25.06947492198563,-45.152370457947214,120.53269857654789,24.21978934186928,-43.02379232144789,130.18839992715723,23.316911400561008,-36.30625845119969,138.2447385416376,2.6876440292823993,-40.19236086421596,140.49341028287702,1.6518561230095539,-35.55866450412755,111.18978042076401,4.164502338998704,-28.804072114481343,88.78724500882885,4.748739922259373,-25.19427234522775,78.28122421582323,4.748739922259373,-25.19427234522775,78.28122421582323,8.64170988696829,-28.431660520535218,84.76833862902866,8.64170988696829,-28.431660520535218,84.76833862902866,23.316911400561008,-36.30625845119969,138.2447385416376,41.89991935555426,-42.73411704283732,145.93105353066633,50.552902569708564,-42.88184858541743,117.53473724620981,48.67019305491655,-32.649968496318955,96.42607701005979,47.94830425930196,-27.245442484118264,86.72976657871138,47.94830425930196,-27.245442484118264,86.72976657871138,44.13492553763418,-31.561827714953377,92.60730960432367,44.13492553763418,-31.561827714953377,92.60730960432367,22.75614718238613,-39.636508076000005,142.4690500855619,22.377589624036656,-37.37193192909182,149.55374489566987,23.131410530909285,-34.26294705564403,156.2791057484074,24.375262898979898,-30.9219953946357,165.3304268548344
6.80833061,26.8838,-44.0149,92.6683,16.627174800158162,-43.74774184178708,91.69781515289024,16.93549474974039,-42.01117548837237,47.03112310659161,17.4517551869304,-48.167744352743625,7.416291103044671,18.95721641756764,-47.745855156398356,4.1536103291019675,12.01259554676334,-35.50230441518965,2.532417185692728,10.606907333324466,-32.990195836116904,2.1645022248007484,37.14042519984184,-44.28205815821291,93.63878484710976,34.233037012715506,-35.19844668689689,49.96660607369001,30.91650361041603,-33.27584443158548,10.056594968087651,30.26575647256557,-33.01481052414424,6.5072458298166085,36.94704543482549,-20.523729413162933,6.200926581858043,38.6563582791616,-17.21110030078354,5.839247741442786,26.00736244193958,-47.64645983290684,100.93127363794287,25.57471193339793,-47.20380397605004,110.83593155077605,25.06833653593802,-45.290009894957365,120.56045494333478,24.213732274017634,-43.155042865876844,130.21431149813435,23.315989373326964,-36.43418878787769,138.2684545247078,2.6728974519352136,-40.26343341507878,140.48760534203018,1.7338487873817685,-35.73450991748266,111.16434220167484,4.228071651949461,-29.157191423714522,88.70706641022134,4.844269126746418,-25.66950671161009,78.16169695951594,4.844269126746418,-25.66950671161009,78.16169695951594,8.708677301257268,-28.867958987730656,84.6851012281411,8.708677301257268,-28.867958987730656,84.6851012281411,23.315989373326964,-36.43418878787769,138.2684545247078,41.86941193397509,-42.908263177362066,145.98738326679734,50.49905665981899,-43.06201379227859,117.58399765356229,48.56131909269529,-32.80235941883244,96.4938063908358,47.822553103989804,-27.372647898750294,86.8128499064029,47.822553103989804,-27.372647898750294,86.8128499064029,44.020343974663994,-31.708127087312572,92.68357189745127,44.020343974663994,-31.708127087312572,92.68357189745127,22.738130126144995,-39.76241667018213,142.4920554700976,22.34917454722006,-37.49762967239423,149.57611962245915,23.104706380640625,-34.39827832212305,156.305733605353,24.34058576475498,-31.070930361632207,165.363155875742
6.81666394,26.9208,-44.1575,92.6942,16.66656406239015,-43.85468035031233,91.70905005933429,16.95153660549063,-42.112167055840274,47.04243455828846,17.444188409651886,-48.16869077538088,7.411883283741467,18.95133558229306,-47.74493178665356,4.150223343914429,12.008791849606826,-35.49966030031665,2.5331352988026974,10.603104328804601,-32.987289164114244,2.1670148913710396,37.17503593760985,-44.46031964968767,93.6793499406657,34.38899086108452,-35.32983855175024,50.009035423802224,31.113065576211426,-33.46541630108402,10.092910575701673,30.47733984354119,-33.22026414346368,6.539708772252425,37.28536249303784,-20.79927355051985,6.178625272294936,39.02990681308906,-17.506376279576006,5.805173403926847,26.01991102132195,-47.78487858601489,100.95638049889476,25.578082461233855,-47.337773826737774,110.8604334015262,25.06748967115701,-45.417498372908234,120.58345845675161,24.207939471472237,-43.27615833921641,130.23546422522952,23.315164428952972,-36.55201416357504,138.28741303124184,2.6585524433206835,-40.32494524229003,140.4770160067374,1.8157136048793379,-35.90124756123693,111.1347726848804,4.290150361226604,-29.500984301374956,88.62421304760575,4.936980345198502,-26.136148513422043,78.04083211697633,4.936980345198502,-26.136148513422043,78.04083211697633,8.773363206093354,-29.29487854670752,84.60003495537191,8.773363206093354,-29.29487854670752,84.60003495537191,23.315164428952972,-36.55201416357504,138.28741303124184,41.83899659257921,-43.071766609764694,146.038894106121,50.445209603692234,-43.23135705254941,117.62843212223345,48.45215318767157,-32.94410347154734,96.55684836299221,47.696356012231256,-27.48929081139024,86.89132973732859,47.696356012231256,-27.48929081139024,86.89132973732859,43.905434675546786,-31.84389280063501,92.75519430671454,43.905434675546786,-31.84389280063501,92.75519430671454,22.720303308209623,-39.878182258274144,142.51027617664846,22.3208806132343,-37.61313409616496,149.5936743608934,23.077913226697106,-34.52347749089633,156.3275762896546,24.305579392533367,-31.209685285386776,165.39108319870283
6.82499727,26.9619,-44.2907,92.7134,16.710202051433427,-43.952107069716455,91.71359061370785,16.971832878902838,-42.20359736951424,47.04706662326937,17.440775496262194,-48.16006531809333,7.401066042010562,18.949616991588453,-47.734469489572064,4.140428776639434,12.009318498071142,-35.48739011150723,2.5273991649272087,10.603665417054748,-32.97474031502054,2.1630631923078516,37.21359794856657,-44.62929293028355,93.71320938629214,34.54951327075293,-35.452621591247755,50.04496625452923,31.312834366543164,-33.64624012465851,10.122971372532078,30.691785899778175,-33.41718426111473,6.566101673357666,37.62611238062941,-21.067972394877962,6.150597714576847,39.40572591806572,-17.795246438979074,5.765482024739213,26.036537702659757,-47.913795874236534,100.97475484404654,25.58556509584182,-47.46221037412241,110.87819229194243,25.07082119076717,-45.53543733290436,120.59971292403614,24.206389362897546,-43.3876959583714,130.24986026195202,23.318679922743424,-36.66024642039451,138.2996078610905,2.648695863318064,-40.37655263316012,140.45965785034102,1.9016407871521834,-36.05850573566879,111.09908732890462,4.355167826759848,-29.835151615415217,88.5366944859494,5.031420667465167,-26.593892812953584,77.91664814415941,5.031420667465167,-26.593892812953584,77.91664814415941,8.840197418873725,-29.712301342394454,84.51113816653447,8.840197418873725,-29.712301342394454,84.51113816653447,23.318679922743424,-36.66024642039451,138.2996078610905,41.812683395076206,-43.22578990734479,146.08359547196883,50.39544402059348,-43.3913376150449,117.6660738410886,48.34716791694023,-33.07656184146978,96.61324818788778,47.57438627097162,-27.596689350034715,86.96326026892481,47.57438627097162,-27.596689350034715,86.96326026892481,43.79471492088523,-31.970329422541983,92.82021406379623,43.79471492088523,-31.970329422541983,92.82021406379623,22.706789762145974,-39.98428890279351,142.521711495367,22.296924991679568,-37.71890320921808,149.60440519422013,23.0553706128602,-34.63901895524799,156.34262341006615,24.274716994388754,-31.338765545988778,165.4121913337837
6.8333306,26.9934,-44.4126,92.7358,16.74358816074487,-44.03984152889463,91.72883267576125,16.991420547735906,-42.28901478378041,47.062320756130106,17.436539403695207,-48.17398992140302,7.405370337273723,18.945789205904397,-47.74724931398226,4.145071680385112,12.005653259751105,-35.49962924089628,2.535451664899333,10.600187626692582,-32.98681902671049,2.1714991038766467,37.24321183925513,-44.78535847110537,93.74276732423874,34.74272835402828,-35.56593838279153,50.07385414993014,31.596496224213094,-33.975333306846174,10.135451846286408,30.988578904345598,-33.768231656071144,6.574969395543057,37.92633797696931,-21.422767859865495,6.108510708408824,39.70885865302054,-18.152694316775936,5.714413408449081,26.050210507844085,-48.03437257916453,100.99571888103016,25.592773404230297,-47.58578619420252,110.89899614625222,25.077380784371883,-45.66143009401505,120.62096112702986,24.21485964934423,-43.51503696171438,130.27157938979641,23.341000756190088,-36.78758657289938,138.32284162915295,2.6572645408523528,-40.43678914361411,140.46558884061199,1.98597461725337,-36.222103953937165,111.08817370193117,4.4034961112687245,-30.17191821892978,88.47485141974788,5.077786705112766,-27.05024970568072,77.8189151061569,5.077786705112766,-27.05024970568072,77.8189151061569,8.880460705666238,-30.12202350127421,84.43876608242395,8.880460705666238,-30.12202350127421,84.43876608242395,23.341000756190088,-36.78758657289938,138.32284162915295,41.808340561625094,-43.405263393466896,146.1259629821193,50.3433772404986,-43.58497824027209,117.6941573218359,48.299101741730304,-33.24605405278468,96.65279124045887,47.506196851055385,-27.757748010289905,87.00923072324723,47.506196851055385,-27.757748010289905,87.00923072324723,43.739195715371785,-32.13833428566183,92.86915538842388,43.739195715371785,-32.13833428566183,92.86915538842388,22.71521745738113,-40.11114382746694,142.54329060177935,22.30257642032705,-37.84992364770549,149.6271541080645,23.066640146901427,-34.78468651400951,156.3714138479058,24.283645278710043,-31.503630321192972,165.44825852296398
6.84166393,27.0265,-44.5267,92.7538,16.77868927159831,-44.11987144537932,91.73967938981576,17.01272868616685,-42.36657615255341,47.07318989916312,17.434262721651145,-48.17988535859098,7.405412991174856,18.943923905559497,-47.75198695998335,4.1454565629584526,12.003867776575,-35.50387443100782,2.539243188559667,10.598572781638065,-32.99091335410033,2.175673541788725,37.27431072840169,-44.93352855462068,93.76792061018423,34.937609713421146,-35.67229513619017,50.0987840697632,31.880229831384447,-34.29799139316985,10.145455082445537,31.285300931781492,-34.11292431444191,6.58156680917036,38.22667329888229,-21.77154194378177,6.06369439012424,40.01210044119263,-18.504161862801006,5.660518317531044,26.06551756141053,-48.147103949072424,101.01226783324627,25.601591765172802,-47.70150274007961,110.91537802442002,25.085515208659622,-45.779570602518916,120.63778620793242,24.224870497521163,-43.634550813498706,130.28887732895606,23.36479195938017,-36.907151473735986,138.34166596256551,2.667566907626391,-40.489401197438816,140.46707202120157,2.071578084409447,-36.3784686069435,111.0733354060823,4.452039732780088,-30.501419221097187,88.41047603006886,5.123323970395867,-27.49968884709858,77.71994502992641,5.123323970395867,-27.49968884709858,77.71994502992641,8.92036446329979,-30.52454908524298,84.36458608785459,8.92036446329979,-30.52454908524298,84.36458608785459,23.36479195938017,-36.907151473735986,138.34166596256551,41.805362068425524,-43.576715301073335,146.16389590334688,50.29263018832894,-43.77013460356694,117.71788404800424,48.25241535260215,-33.40700094811379,96.68803653302461,47.439410184605464,-27.91023177792608,87.05097203612783,47.439410184605464,-27.91023177792608,87.05097203612783,43.685090360804,-32.29783561782047,92.91378415647753,43.685090360804,-32.29783561782047,92.91378415647753,22.72514665592325,-40.23018633374006,142.56044781245575,22.30967054676205,-37.97310844237393,149.64546654902395,23.07916552112565,-34.9225728444203,156.39577184230862,24.29362560216152,-31.660667106361775,165.4798567248926
6.84999726,27.0541,-44.6364,92.767,16.808404469871704,-44.19559714533093,91.74573081059663,17.02865673056675,-42.43969641968569,47.07927355424667,17.426842339357286,-48.181180355949536,7.400795885356999,18.936926595163058,-47.75209265547069,4.141191748461644,11.996859739777925,-35.50353450395259,2.5384265592763438,10.591717066255578,-32.99043162929613,2.175248512941027,37.29979553012829,-45.077202854669075,93.78826918940337,35.12704360848514,-35.77509471818787,50.1193553541108,32.15689134116802,-34.617693971945954,10.152576665910907,31.574803660394725,-34.4547478439108,6.585489291756705,38.519990856178985,-22.117799753578915,6.015710710226402,40.30832926478882,-18.85315947000902,5.603347793872928,26.07535895492506,-48.25539073190088,101.02400157463961,25.604917592421465,-47.812743760238334,110.9269368780395,25.088119797564488,-45.89322914428505,120.6497843374401,24.22931345926659,-43.74959421254847,130.30134690487643,23.382945906273502,-37.02228465427066,138.35566312776862,2.672488255226824,-40.53766616817901,140.4637488793152,2.1513488390574365,-36.530794056945524,111.05422472075165,4.493723532071157,-30.826757458992688,88.3432417053306,5.16096792250852,-27.945258448420486,77.61942665627436,5.16096792250852,-27.945258448420486,77.61942665627436,8.952839694727855,-30.922951671650758,84.28827980244114,8.952839694727855,-30.922951671650758,84.28827980244114,23.382945906273502,-37.02228465427066,138.35566312776862,41.79663213752734,-43.74349260413462,146.19699668218516,50.23613623314797,-43.95011680322528,117.73687021197507,48.200050074084686,-33.56265812732812,96.71862676373708,47.36696899278685,-28.057370397062503,87.08814163837427,47.36696899278685,-28.057370397062503,87.08814163837427,43.6253395351953,-32.45207454895072,92.95374775992927,43.6253395351953,-32.45207454895072,92.95374775992927,22.729464817300837,-40.34475348598762,142.57277000578637,22.311095587363955,-38.09178366563691,149.6589259226803,23.085831330806712,-35.05599014243971,156.41527506366216,24.297542165063504,-31.813175732830622,165.50655946386527
6.85833059,27.0943,-44.736,92.7792,16.850839557398174,-44.26115939856107,91.75079376991543,17.057306397212784,-42.502575176560384,47.084376236961354,17.43226351409937,-48.172130477427956,7.3953307767729655,18.942778268287995,-47.741869074847834,4.136080840602334,12.002788471924621,-35.49282016277179,2.536736169825878,10.597816282234117,-32.97956621981816,2.173944150447954,37.33776044260183,-45.210840601438925,93.80760623008457,35.329232445374394,-35.86883083888634,50.13934806547803,32.4446808917533,-34.92879538089755,10.160597767823333,31.875288571530504,-34.788038976557495,6.590517955843136,38.8246628024482,-22.45597931200907,5.968373898027805,40.61596310112866,-19.19415026101538,5.546724634254108,26.097783921557337,-48.3535046614542,101.03472655402805,25.62081655764347,-47.913792588344755,110.93748043701045,25.103299076016306,-45.99669784986692,120.66076704495896,24.24633864699741,-43.85446269004044,130.31280446632752,23.413725125034446,-37.12728242087249,138.36866209262416,2.6902512362250697,-40.57565011007514,140.45944641911495,2.2435276404783426,-36.67324257414964,111.03465457460813,4.546832878943407,-31.142184206145167,88.27693762962028,5.209023616953346,-28.38123007852468,77.52114400188023,5.209023616953346,-28.38123007852468,77.52114400188023,8.996162215995161,-31.311548460161074,84.21362980071878,8.996162215995161,-31.311548460161074,84.21362980071878,23.413725125034446,-37.12728242087249,138.36866209262416,41.80032185908466,-43.900222576325966,146.2290266535119,50.1919249798512,-44.11965459515951,117.75483538681125,48.160115185745575,-33.70768621061697,96.74830864963113,47.30703451921918,-28.193797944458577,87.12449701413121,47.30703451921918,-28.193797944458577,87.12449701413121,43.57805431385915,-32.59562634060941,92.99281569605684,43.57805431385915,-32.59562634060941,92.99281569605684,22.746390359350134,-40.44913906152262,142.5840813910425,22.325111405830523,-38.20024857170499,149.6713606370317,23.104952308903684,-35.1792615634071,156.433756452428,24.313771111501307,-31.95550826982356,165.53220204994608
6.86666392,27.1224,-44.829,92.7897,16.880396325271327,-44.32479574124192,91.7607619055091,17.07846207995472,-42.54243412768842,47.09524881895256,17.431718335299138,-48.18387783252065,7.401998729884916,18.94097893680875,-47.75478230504922,4.142014173382407,12.003295868747685,-35.50444141847305,2.542557137442119,10.598848036986976,-32.99091896074673,2.1795951183986717,37.36440367472867,-45.33320425875808,93.8186380944909,35.548539529445144,-35.971927329866965,50.14606965712411,32.80087125567195,-35.35116175964039,10.15144815805099,32.24946956040639,-35.242010106870396,6.5774403333875,39.126609213157955,-22.872746563229597,5.89419031728014,40.90105601298159,-19.60324260575673,5.460882059494855,26.115048564841466,-48.45148253550949,101.04172801258653,25.634062704745673,-48.018226594057786,110.94457209557525,25.118054251009358,-46.10807284468642,120.6693048409948,24.2672370559893,-43.97165686367536,130.32317535479075,23.457035720361038,-37.247126354164514,138.3835292532498,2.7238068721812176,-40.63527876555124,140.4760477373302,2.311833544580754,-36.84135995953987,111.03656439079813,4.588480544511551,-31.460278232470554,88.24024143896429,5.212880494861675,-28.786911201457993,77.46008864550343,5.212880494861675,-28.786911201457993,77.46008864550343,9.017913500679155,-31.68198853169667,84.15776001922293,9.017913500679155,-31.68198853169667,84.15776001922293,23.457035720361038,-37.247126354164514,138.3835292532498,41.817542924501836,-44.097818332274734,146.23749535119993,50.22435081347824,-44.30795534803982,117.76771935642876,48.165935869105446,-33.90031467627348,96.76163819396112,47.30545166715696,-28.394274309139703,87.13399324597128,47.30545166715696,-28.394274309139703,87.13399324597128,43.580441208076124,-32.78907409172727,93.01009592584938,43.580441208076124,-32.78907409172727,93.01009592584938,22.777732897672198,-40.569524584205666,142.5966094528314,22.361092482911623,-38.324603307059704,149.6854211111212,23.15027745482311,-35.31994620032638,156.4540054722388,24.362188992808385,-32.121068243759254,165.5608156014491
6.87499725,27.1551,-44.9124,92.7959,16.914628090172062,-44.378946475108776,91.76646461552653,17.10427399586516,-42.572814400938604,47.10186987191436,17.435918977355847,-48.18611941011358,7.404444285735309,18.943914428044888,-47.7581690569396,4.143723804074941,12.008409984481503,-35.50660525645016,2.544185259416118,10.604460072782537,-32.99282830361823,2.181059438588803,37.395571909827936,-45.44585352489122,93.82533538447348,35.77237144185952,-36.06577920557382,50.149214583114876,33.162485403581954,-35.76476341955598,10.141681991691897,32.62919093571435,-35.68723280165541,6.56410238287398,39.43438140632896,-23.281828570656955,5.818522391067809,41.19200391972345,-20.004850855645838,5.373265414334844,26.136944616443564,-48.5398261912552,101.04442967482271,25.651929794170652,-48.11299402360827,110.94735621010699,25.137400452227926,-46.209771978846476,120.67352629113131,24.292697360126212,-44.07919930599864,130.32922490968335,23.50484478775973,-37.35740172716395,138.39407254490794,2.7620766959659164,-40.685495371979385,140.48843483959325,2.383888356404247,-37.00032463373485,111.03468784791482,4.632554490493149,-31.76910246645904,88.20073686491577,5.218322714422647,-29.183103095997055,77.39712896409539,5.218322714422647,-29.183103095997055,77.39712896409539,9.041623516731736,-32.04317660168971,84.09943463236071,9.041623516731736,-32.04317660168971,84.09943463236071,23.50484478775973,-37.35740172716395,138.39407254490794,41.83905061637228,-44.285540212567035,146.24154236652217,50.26097228764791,-44.486372296724404,117.77616649552985,48.175860099978216,-34.0832495160297,96.77048046020545,47.30791059886259,-28.585152068869377,87.13896713384254,47.30791059886259,-28.585152068869377,87.13896713384254,43.586921947376446,-32.97289046137028,93.02288980568731,43.586921947376446,-32.97289046137028,93.02288980568731,22.81361692385656,-40.68030277263592,142.60481592038988,22.401589893408918,-38.43935519642075,149.6951543600792,23.199947375304408,-35.451055207257724,156.4699015884538,24.414685402319865,-32.27698174409259,165.58501045574405
6.88333058,27.1844,-44.9877,92.8025,16.94554546790806,-44.42491387285314,91.77259492876703,17.12681365298138,-42.59494225896294,47.10893578637884,17.436850210569414,-48.17994807205141,7.4073442932065845,18.94357960978165,-47.753139795913846,4.145888934540761,12.010344191295486,-35.50029461316459,2.5463288201882763,10.606910598970547,-32.986251262448214,2.1830514226630666,37.42325453209194,-45.550486127146854,93.83240507123296,35.99292848353146,-36.151975827798395,50.15350543081332,33.52170492636826,-36.17118575399304,10.136040933430962,33.00663140538409,-36.12528559073752,6.555247405929817,39.7404337463292,-23.68495813057734,5.746099881020598,41.48133322019864,-20.40074810097552,5.288598926984507,26.155396446732794,-48.620029462994346,101.04752500385091,25.666343916249293,-48.19957804972725,110.95052592639502,25.153293319862303,-46.303263749087314,120.67812327615901,24.31470901201208,-44.17853424744512,130.33564262347997,23.549264195664826,-37.45953218220083,138.40497637704166,2.7971078939960883,-40.72737345339714,140.50121374370042,2.4520207387269424,-37.15125229162382,111.0336214781015,4.671649557884478,-32.06984608491356,88.16302767060337,5.218079198797166,-29.571015246097343,77.33686861406919,5.218079198797166,-29.571015246097343,77.33686861406919,9.059911499853337,-32.3963904104751,84.04329318345359,9.059911499853337,-32.3963904104751,84.04329318345359,23.549264195664826,-37.45953218220083,138.40497637704166,41.85680626295869,-44.46519064042184,146.24587185275246,50.293766140173105,-44.656768472749704,117.78488579104976,48.18204351974781,-34.258219091681205,96.77959358684883,47.30666356302647,-28.76809872605395,87.144203136371,47.30666356302647,-28.76809872605395,87.144203136371,43.589672816534,-33.14870994895152,93.03595804115761,43.589672816534,-33.14870994895152,93.03595804115761,22.846087844086767,-40.78288149412269,142.6133869394191,22.438686908634555,-38.54589828332332,149.70524438968516,23.246095750611573,-35.573992685074636,156.4861277819502,24.463445957404854,-32.42467102135488,165.6094699337521
6.89166391,27.2174,-45.0585,92.8014,16.980249214789747,-44.46629822536161,91.77105264644189,17.153199098104828,-42.61241884601,47.10834648308143,17.441648182546412,-48.16910399889873,7.402618597455778,18.947118389162572,-47.74345200923366,4.140430729737968,12.016234226993994,-35.48928318211188,2.5408207500873745,10.613333765363638,-32.97496503950441,2.1773859451879916,37.45455078521026,-45.65070177463839,93.83174735355811,36.21730153144048,-36.23412491176695,50.15084309643816,33.885579747526556,-36.57395163282335,10.126445899077687,33.38883742324193,-36.559683493029034,6.542797851758991,40.05180715500288,-24.08564361492684,5.6688845418971034,41.77608304607709,-20.794440462114956,5.198854672653311,26.177503848081773,-48.695691953919365,101.0429140379708,25.68440294679834,-48.28161262355197,110.94598269620579,25.172828978572564,-46.392219347654716,120.67500444376232,24.34036632041127,-44.273371574725275,130.33434547088828,23.597386740832338,-37.557257624994094,138.40818201274092,2.8359999037412287,-40.76464979703414,140.50638145402291,2.5231648762487953,-37.29767865231237,111.02538813684922,4.712564833978237,-32.365870920539784,88.11915967029623,5.2188877675136895,-29.953916637548083,77.27136844559993,5.2188877675136895,-29.953916637548083,77.27136844559993,9.079552115180228,-32.74495033192321,83.98135745194585,9.079552115180228,-32.74495033192321,83.98135745194585,23.597386740832338,-37.557257624994094,138.40818201274092,41.87792728450506,-44.64046778166713,146.2423992772506,50.32992778284448,-44.82278433645713,117.78581533100154,48.19171914181161,-34.42883568465145,96.78092548432443,47.308952830879115,-28.94671471345523,87.14165506959296,47.308952830879115,-28.94671471345523,87.14165506959296,43.595934253508986,-33.32015583863572,93.04123611594264,43.595934253508986,-33.32015583863572,93.04123611594264,22.882238001128822,-40.88101572389677,142.6142516117941,22.479473626146454,-38.648012181874556,149.70762792650214,23.29580972613097,-35.69255515718013,156.4946287847271,24.51555539902476,-32.56795417965983,165.62614726256726
6.89999724,27.2521,-45.1251,92.8006,17.01599587059424,-44.50884741748439,91.7739648084616,17.178537914023163,-42.62017364546403,47.11267739176255,17.443010906315457,-48.17390974556897,7.406369970186077,18.946097820891236,-47.75028526480608,4.142819469561115,12.016548238492064,-35.49551724999369,2.542018267599246,10.615546040839888,-32.98068963401755,2.174805537703426,37.48820412940576,-45.74135258251562,93.8272351915384,36.465965178452414,-36.32600668117201,50.140505039978585,34.31383601940795,-37.056167228620765,10.111265909716067,33.83754527262048,-37.07984627404066,6.524892216006411,40.42086054312278,-24.569655901429073,5.567992069602605,42.12599141732273,-21.271258360005707,5.078935855878234,26.206468173726496,-48.77142726984453,101.0373502377802,25.712011160778225,-48.3691427189501,110.94083742375959,25.20371689644071,-46.49134862531895,120.67227643981295,24.3792438331521,-44.381824639837106,130.33434308018488,23.662107464776224,-37.6709879320297,138.41490171534727,2.8923121843707555,-40.815608016919036,140.5248679169148,2.5854149866639435,-37.434696268261234,111.03381891051579,4.722461520305986,-32.629004410903356,88.09586215484174,5.204241516239835,-30.28669364146535,77.23170415130751,5.204241516239835,-30.28669364146535,77.23170415130751,9.074322626557208,-33.05301582961646,83.94650009047585,9.074322626557208,-33.05301582961646,83.94650009047585,23.662107464776224,-37.6709879320297,138.41490171534727,41.920245874076514,-44.83195663573062,146.23064850573456,50.35198673738023,-45.010009965920524,117.76802802437862,48.25621944276885,-34.6282042339112,96.75285799343061,47.38473363031534,-29.167017086944625,87.10068682548278,47.38473363031534,-29.167017086944625,87.10068682548278,43.663655598607576,-33.52280737951476,93.00824300065858,43.663655598607576,-33.52280737951476,93.00824300065858,22.937892302244784,-40.9963715417797,142.61813420217993,22.54483758462806,-38.76786759188095,149.71346996849465,23.37445195360567,-35.829136695198095,156.50612130785893,24.603640993352403,-32.73071448043989,165.64529055730713
6.9083305699999995,27.285,-45.1829,92.8016,17.050015316922202,-44.54231897504362,91.77870249896252,17.202258401828583,-42.618751996201766,47.11886803474839,17.442537482364617,-48.16942276140477,7.411978208047309,18.94324973340041,-47.74786231113522,4.147067892286764,12.015372577755102,-35.492301563545965,2.54509726882414,10.61633536961553,-32.976934254610576,2.1741087564950043,37.519984683077794,-45.82348102495637,93.82449750103747,36.71338455142388,-36.408985236656285,50.133070795908054,34.74399037503597,-37.52925423792221,10.103440974576806,34.288474070083176,-37.59081346353624,6.514819344861024,40.79335404378843,-25.046345491050964,5.473944321152902,42.479644177579274,-21.741179823216164,4.965634265728241,26.23350277656893,-48.83832972775652,101.03356756851304,25.737669145512157,-48.447813282407644,110.93745695383157,25.232676160905392,-46.58160957702436,120.67129714441985,24.416229758857472,-44.481419206354694,130.33607829662031,23.72512168984717,-37.77594345040454,138.42335263778827,2.947038177329535,-40.85717161471351,140.54520734212406,2.64553632498215,-37.56232368404057,111.04436336459061,4.729460623022008,-32.88260078500424,88.07549409881537,5.186227473241516,-30.609867809953478,77.19548905747823,5.186227473241516,-30.609867809953478,77.19548905747823,9.065869846816422,-33.35167695750071,83.91482000671361,9.065869846816422,-33.35167695750071,83.91482000671361,23.72512168984717,-37.77594345040454,138.42335263778827,41.96036709488136,-45.015079719890025,146.22051365510728,50.37178063757175,-45.1889405411394,117.75185340793936,48.31860383629089,-34.81931350404839,96.72646869387734,47.45845357981126,-29.37907750120237,87.06145785060974,47.45845357981126,-29.37907750120237,87.06145785060974,43.72926085777031,-33.717090918632714,92.97697236634167,43.72926085777031,-33.717090918632714,92.97697236634167,22.991749102404583,-41.10290542863189,142.62374734964777,22.608468698412583,-38.87892731193601,149.72103760515188,23.451326707814854,-35.95700692783295,156.51930820490367,24.689832774048288,-32.88479989507915,165.66606649176143
6.9166639,27.3216,-45.2368,92.7997,17.087782707258388,-44.57200872520949,91.78057734313033,17.229704655865365,-42.61357318940737,47.122224365634494,17.44572927869724,-48.16109777714535,7.414755496405718,18.944042416675803,-47.7415728936583,4.14848140253423,12.017689633962874,-35.48529290618008,2.5454221403902313,10.620584076402585,-32.969409594217005,2.1706722150801925,37.55541729274161,-45.90159127479051,93.81882265686967,36.96466423132094,-36.487762106600925,50.12380081842032,35.18104774873735,-37.99808844291624,10.098278881899759,34.74661768074285,-38.09748667705255,6.507891667312329,41.17385762946888,-25.520382381013484,5.382016377568419,42.84149823098481,-22.208815580496026,4.8542154970404106,26.264258395371495,-48.90131249149041,101.02687933956301,25.76702453701279,-48.52254138780361,110.93115467809807,25.265293997327873,-46.667920614157225,120.66737711248743,24.456843616429946,-44.57708412817741,130.33485816035721,23.7917015486648,-37.877063015068174,138.42882782051655,3.005577957607205,-40.89511696780484,140.5626987715465,2.7088908962401517,-37.68639464869908,111.05231416702992,4.738808200726677,-33.13242464086705,88.05335125248283,5.170033040130454,-30.929191958887703,77.15801868675527,5.170033040130454,-30.929191958887703,77.15801868675527,9.059478312450679,-33.646499547709574,83.88163420930867,9.059478312450679,-33.646499547709574,83.88163420930867,23.7917015486648,-37.877063015068174,138.42882782051655,42.00383544537961,-45.19408806780295,146.20727960385898,50.394893399779896,-45.36353237084388,117.73258633643181,48.38410749973013,-35.00620079817953,96.69704676650275,47.535166863461875,-29.58697041931934,87.01925245541123,47.535166863461875,-29.58697041931934,87.01925245541123,43.797948147473406,-33.90719705364383,92.94271333995354,43.797948147473406,-33.90719705364383,92.94271333995354,23.049214617288236,-41.20557482400154,142.6263925176387,22.675696938920066,-38.98615210723604,149.72562901537222,23.531659347024725,-36.081083386943064,156.5294820111965,24.77924803081506,-33.0350658191791,165.68376188125464
6.92499723,27.3637,-45.2842,92.7903,17.131100203691453,-44.59527980816685,91.77498468549382,17.26271721247699,-42.60192899380827,47.11814498826609,17.454439641051156,-48.146302042084166,7.4101111701338525,18.95033392899685,-47.728801579679256,4.142469285412834,12.025389416603943,-35.471865373624524,2.538343560606963,10.630188854048383,-32.95548774150763,2.1598342638566446,37.59629979630855,-45.97312019183315,93.80561531450618,37.22163579567317,-36.55967806900407,50.10812297756796,35.62679215313882,-38.459797624784635,10.091241550854967,35.21375362859202,-38.596972883950244,6.4995745327263315,41.56421514899574,-25.988893748970334,5.287741209221883,43.213413681111284,-22.671297047225103,4.740228701750942,26.300518101028576,-48.95778683003319,101.01267842758446,25.801856517198793,-48.59075436294948,110.91732394538664,25.30335065381443,-46.7477280696494,120.65591342368256,24.502867409119776,-44.66628346679717,130.3260837417597,23.863646783049635,-37.971826576984114,138.42674332525294,3.069725123995063,-40.926901941043624,140.57274902651045,2.7771856242848374,-37.80431263831138,111.05308476135372,4.752141635206334,-33.37583886092426,88.02484837647353,5.157263482280043,-31.242005930892073,77.11471115705241,5.157263482280043,-31.242005930892073,77.11471115705241,9.056768810999039,-33.934851697567126,83.84234005748654,9.056768810999039,-33.934851697567126,83.84234005748654,23.863646783049635,-37.971826576984114,138.42674332525294,42.05245624841045,-45.366467257458595,146.1863495188347,50.4230847041013,-45.531338112839464,117.70561711080447,48.454482425125946,-35.186445986020516,96.65996876746061,47.61662315595117,-29.788284583523115,86.96944214872057,47.61662315595117,-29.788284583523115,86.96944214872057,43.87146746734615,-34.09070481182606,92.90084500141597,43.87146746734615,-34.09070481182606,92.90084500141597,23.11207700126387,-41.30186737928657,142.62147790685728,22.748315116914398,-39.08704216089648,149.72265654465946,23.617249419940606,-36.19888197705494,156.53206146961412,24.87369695193515,-33.17904909642013,165.69380199523377
6.93333056,27.4124,-45.3274,92.7833,17.180828834112205,-44.61411463018556,91.77446390400513,17.29899160214023,-42.58985443807961,47.118977001666835,17.463733374669935,-48.15400850910511,7.413589088786878,18.955576067228396,-47.738191288042295,4.143880957633959,12.029257338933416,-35.48169127568163,2.542357520067975,10.631574892414559,-32.96593221646479,2.1689269113044585,37.6439711658878,-46.04068536981443,93.79213609599486,37.51226957148082,-36.63252444757488,50.09209873901683,36.0999764882796,-38.954656513811294,10.09062488361873,35.71083442172776,-39.1288413486241,6.4978936191124355,42.04060093245551,-26.518825688597815,5.200927168674599,43.68642771771504,-23.202630925059623,4.635082576225249,26.345345899680087,-49.011677134955875,101.0003919730968,25.8478989034632,-48.66149824925866,110.905708741094,25.35565317700888,-46.83430810938203,120.64760020928051,24.566130832811805,-44.7657475774818,130.3214355828166,23.952262288137643,-38.079265956838384,138.43063842234758,3.1539727353204334,-40.98672970700999,140.59923129760392,2.8250149214918663,-37.92487564665683,111.07358891492544,4.752741178210611,-33.57449817417389,88.02647218492925,5.140116388924514,-31.49181516932846,77.10581136342599,5.140116388924514,-31.49181516932846,77.10581136342599,9.046739032517902,-34.1645927416685,83.83731270585498,9.046739032517902,-34.1645927416685,83.83731270585498,23.952262288137643,-38.079265956838384,138.43063842234758,42.125908214905685,-45.54754783462181,146.15516742821188,50.46028202996611,-45.70829741596058,117.66378111018702,48.57098038991412,-35.408633242684104,96.5887020007122,47.78266652375169,-30.021222019831225,86.88804107502477,47.78266652375169,-30.021222019831225,86.88804107502477,44.0039344104341,-34.30301453680721,92.81307164128472,44.0039344104341,-34.30301453680721,92.81307164128472,23.19494401556327,-41.41223773423876,142.6220099469297,22.843920191864257,-39.20391983036898,149.7258557935922,23.728606691443368,-36.331852241540055,156.54003726058886,24.99890129079191,-33.33700338515338,165.70806717135298
6.94166389,27.4586,-45.364,92.779,17.228123062256373,-44.62625660763131,91.7766771361921,17.332851842274287,-42.57103218209531,47.12257109102178,17.470360684091773,-48.154885721270254,7.419845105751378,18.958138108663626,-47.74075586371527,4.148071177189712,12.030539836295135,-35.48463082015854,2.5492146816346106,10.630410375528333,-32.969480824068924,2.180882935564243,37.68907693774363,-46.10174339236868,93.78132286380789,37.800606325592724,-36.699171192604545,50.080026550381795,36.571468032998,-39.44331371413553,10.099235155398091,36.20629279462856,-39.654496178780825,6.505972173718604,42.51664493539396,-27.043832967125287,5.123514137561598,44.159383178638834,-23.729296805729383,4.539275557373959,26.387605535442184,-49.05894662887962,100.99078684703382,25.891332284914814,-48.72560020594097,110.89674324021085,25.405326718011167,-46.91424588901776,120.64190476621454,24.626760457105366,-44.85858842832613,130.31937788795878,24.03830741528457,-38.180156020004446,138.4370934121103,3.2357703641065996,-41.039840260102835,140.6283595121768,2.8698906990963167,-38.03855144966761,111.09693355291961,4.74978648955151,-33.76605969950336,88.03130309759047,5.119038433150966,-31.734466359899884,77.10039543466097,5.119038433150966,-31.734466359899884,77.10039543466097,9.032976041918186,-34.387205778158034,83.83557299187956,9.032976041918186,-34.387205778158034,83.83557299187956,24.03830741528457,-38.180156020004446,138.4370934121103,42.196420308134016,-45.72218085901107,146.1264227936846,50.49444854832684,-45.87878091425543,117.6244066301277,48.68419804575631,-35.624869496123054,96.52009910803548,47.94535975996155,-30.24851000272228,86.80941749364675,47.94535975996155,-30.24851000272228,86.80941749364675,44.133177343963375,-34.50948002601336,92.72802800976734,44.133177343963375,-34.50948002601336,92.72802800976734,23.275205489942387,-41.51603093652038,142.625105002937,22.936942661147263,-39.314258975508075,149.73160132622147,23.83733931163767,-36.45835554475213,156.55051714682537,25.121373789576936,-33.48852915132664,165.72477063900536
6.94999722,27.5073,-45.3993,92.7702,17.277969502312665,-44.637185852589624,91.77443175115855,17.369227719069603,-42.55100479127241,47.121731689826575,17.479330285481847,-48.15446087836052,7.421682105538338,18.96301989592522,-47.741995249697176,4.147842297509586,12.034058783890956,-35.486280971347625,2.5517450462821465,10.631480679876885,-32.97175008008822,2.188538019997592,37.73663049768734,-46.16141414741037,93.76596824884146,38.091445539680635,-36.76480140841919,50.064688203865614,37.04596715254545,-39.93112163177745,10.109886604118117,36.704818045461415,-40.17930979501326,6.516627670230191,42.99677617486617,-27.569164930131443,5.048271315487829,44.636639570187384,-24.25651286083854,4.445562486869025,26.432368135561813,-49.104902120906345,100.97666923852456,25.93722432868195,-48.7883957331508,110.8832345039139,25.457409342364706,-46.99290519104517,120.63163797999728,24.689761988694883,-44.950205012436996,130.3127263775442,24.12667244316359,-38.27992582209461,138.4389399750691,3.3200606094510086,-41.09203799238133,140.6529675229865,2.916598978071283,-38.1511336228818,111.1159564717399,4.747915562430311,-33.956270780237986,88.03217628869237,5.098602825330032,-31.975693677132227,77.09129910205156,5.098602825330032,-31.975693677132227,77.09129910205156,9.020114437043159,-34.60836991572951,83.82994238209604,9.020114437043159,-34.60836991572951,83.82994238209604,24.12667244316359,-38.27992582209461,138.4389399750691,42.269048498504205,-45.895421982357796,146.09291921070988,50.53065412061769,-46.047532619797494,117.58029995995285,48.798965616230056,-35.839855995398615,96.44700643775258,48.10940749477603,-30.474828918708543,86.72643778697997,48.10940749477603,-30.474828918708543,86.72643778697997,44.263995700058196,-34.71487593435003,92.63857447247352,44.263995700058196,-34.71487593435003,92.63857447247352,23.357812812922244,-41.6186995081186,142.6235871805691,23.03229549237557,-39.4235313031209,149.73272120155164,23.948309518764077,-36.583860844852616,156.55633472331544,25.24592549487564,-33.63909218846669,165.73675251475103
6.95833055,27.5566,-45.4256,92.7596,17.32846873824728,-44.639200970669144,91.7704173732701,17.406254120188564,-42.52199663349637,47.119152021893846,17.488809789998268,-48.14503064211848,7.421803838554673,18.968386767505038,-47.73421865179006,4.14589551873949,12.037970683229876,-35.47896201281118,2.5526037652980835,10.632940578188657,-32.96506275386461,2.194537843021555,37.78473126175272,-46.21199902933086,93.7487826267299,38.38291382718263,-36.82165344758893,50.04880906010317,37.52156057185631,-40.41014210981426,10.125312227027301,37.20449485879283,-40.69532870392389,6.532593509434776,43.4791117471539,-28.086880148246834,4.9779974451341635,45.11632227933864,-24.776339968362045,4.356757547613293,26.477724748960824,-49.14185567812891,100.96073253654457,25.98365940548692,-48.8421768326597,110.86787496341803,25.509979102935894,-47.0625581823478,120.61948834125646,24.753205520452287,-45.03284790023633,130.30416432736698,24.215423696926603,-38.37080472932975,138.43884399194275,3.4048996513791714,-41.13549919632118,140.67570391019402,2.9633397179091885,-38.2548633982326,111.13329906793507,4.7454454153297805,-34.137419352660736,88.03173513700594,5.077178454153213,-32.20780597660186,77.08116409067453,5.077178454153213,-32.20780597660186,77.08116409067453,9.006491833722599,-34.820380560987154,83.82308526790028,9.006491833722599,-34.820380560987154,83.82308526790028,24.215423696926603,-38.37080472932975,138.43884399194275,42.341834880279485,-46.05952494123277,146.05736011748147,50.56691272770984,-46.20690848514523,117.53415738471153,48.91333764710031,-36.045971073223726,96.37210307507985,48.27288553656725,-30.69256418278939,86.64177334837336,48.27288553656725,-30.69256418278939,86.64177334837336,44.394449718881546,-34.91157680039957,92.54738245280134,44.394449718881546,-34.91157680039957,92.54738245280134,23.44082655520614,-41.71246205141789,142.6201300024631,23.12803608286567,-39.52394111153637,149.7318843372678,24.05957260309838,-36.70055933379421,156.560153997371,25.3706060548044,-33.78086250077257,165.74667141030562
6.96666388,27.6097,-45.4581,92.7474,17.382538228168933,-44.64487363958362,91.76995445700484,17.44169483238403,-42.51093511007728,47.11945715743979,17.488018007529462,-48.15221842654071,7.424639405032416,18.964772598552493,-47.74509109365125,4.14699801886664,12.043169896432953,-35.485168888776975,2.5512898486668645,10.644500655892768,-32.969240749913084,2.18272473835443,37.83686177183107,-46.27132636041638,93.72484554299515,38.71166277329188,-36.917182033295724,50.02177002919132,38.03358472288649,-40.87250597985419,10.129409829206423,37.74054315666501,-41.18957779147135,6.537323812649432,44.04067244909249,-28.602746714105862,4.91232678847875,45.686410044360436,-25.299285716905683,4.276113909719716,26.53009490560179,-49.18266582982786,100.94466571326855,26.04076100301166,-48.89976423102807,110.8525362240076,25.576807858242375,-47.137159845649514,120.60770676585375,24.833830182662712,-45.12377445337705,130.296857527204,24.32147224206493,-38.473360728087854,138.4426864211344,3.5096277908576603,-41.203208088626035,140.70985486809982,2.989440655497762,-38.35256078955242,111.16582100404376,4.7261136982340535,-34.26102351088538,88.05619548392961,5.0409926576643915,-32.355665251832946,77.10088070175959,5.0409926576643915,-32.355665251832946,77.10088070175959,8.973002266686127,-34.975381668483074,83.83845720111444,8.973002266686127,-34.975381668483074,83.83845720111444,24.32147224206493,-38.473360728087854,138.4426864211344,42.4394208333522,-46.23290255098563,146.00935268721037,50.615612749347434,-46.3655554361735,117.47202606741527,49.067718355080004,-36.282588472952185,96.26473245406652,48.51218543165914,-30.94417985265795,86.52095303309092,48.51218543165914,-30.94417985265795,86.52095303309092,44.57424840043458,-35.11824154885571,92.41912322800806,44.57424840043458,-35.11824154885571,92.41912322800806,23.543489922663735,-41.81975650321713,142.61955198264056,23.24518208179296,-39.6398606690176,149.73457679543037,24.192833407007193,-36.832891991910344,156.5673943192677,25.519803364466554,-33.93758813360378,165.75934225136976
6.97499721,27.6665,-45.4807,92.7351,17.440382540515415,-44.64071960729229,91.76942435326805,17.480834558914673,-42.49006414219629,47.11970826285309,17.490731436414006,-48.14948976090398,7.42744726139172,18.96462857153011,-47.74603218217223,4.148066365420583,12.051765955926037,-35.48148495636714,2.5500135490905897,10.659444847896399,-32.963595050780924,2.170958618530185,37.89261745948458,-46.32068039270771,93.70077564673196,39.043756405672426,-37.00417189588529,49.99606593707703,38.54667465815918,-41.32709682013912,10.139196898910548,38.2774724064802,-41.67616343941199,6.548212008020533,44.603919949141996,-29.11186615589913,4.852612921720972,46.25833794724662,-25.815672339015574,4.201397881441583,26.586158784914875,-49.21357228294549,100.9284894288448,26.101500510583474,-48.947426342710116,110.83705399370577,25.647212630117462,-47.20183497244076,120.5957379382806,24.917971877809894,-45.20479541665915,130.28931416061556,24.430978301697486,-38.56607733069991,138.44623154268967,3.617939568846097,-41.261217650052025,140.7437576478364,3.0186936642613516,-38.44027316153574,111.19837055985684,4.709586682401772,-34.37451536009474,88.08080155831115,5.007298995894926,-32.493413195747245,77.12081602654398,5.007298995894926,-32.493413195747245,77.12081602654398,8.942082901412887,-35.12018385175733,83.85402494141995,8.942082901412887,-35.12018385175733,83.85402494141995,24.430978301697486,-38.56607733069991,138.44623154268967,42.54019959173559,-46.3961564664646,145.96094736140785,50.66748280671681,-46.51393992351193,117.40958809007489,49.22406370897276,-36.510318080996285,96.15739776577627,48.753160616158816,-31.188006207539306,86.4003640244335,48.753160616158816,-31.188006207539306,86.4003640244335,44.756286494309904,-35.31652908597306,92.29093673429013,44.756286494309904,-35.31652908597306,92.29093673429013,23.649609739984786,-41.91719251401982,142.61867894090693,23.365754589327196,-39.7459519094502,149.7369408069114,24.329440511806784,-36.955432133866935,156.5742517057512,25.672218628461675,-34.08453409378705,165.77155739053185
6.98333054,27.7234,-45.508,92.7234,17.49840363771265,-44.64130373215182,91.76953324803279,17.520063091065854,-42.4739437379674,47.120611830223716,17.493303778468164,-48.151469136787455,7.430943540164371,18.964324486104854,-47.751669467886444,4.149823587152794,12.060160301360941,-35.48252399642246,2.549465092891514,10.674180936588785,-32.96273658773756,2.1599231819771476,37.948396362287355,-46.374696267848186,93.67726675196721,39.37559094163063,-37.09724405301273,49.9723917574756,39.057151253133156,-41.78833815898444,10.15534751830954,38.811595439480115,-42.169490546238244,6.565930428631619,45.16520359588831,-29.62866649330807,4.799590577903206,46.82846509148454,-26.339932607442826,4.1333592030575925,26.642308490445313,-49.24917510608523,100.91290260565786,26.162274325751937,-48.99980044956986,110.82212853515483,25.717598673076612,-47.271259190999,120.58428955214978,25.00204176001032,-45.29062680141393,130.28225081634804,24.540374983164483,-38.663704811340814,138.45022550231775,3.7262566199565796,-41.324262839600266,140.7780778560197,3.047632103127391,-38.5326587369858,111.2316205905636,4.692479785765247,-34.492487983205436,88.10624494775038,4.9727512787162675,-32.63560900659094,77.14166975363958,4.9727512787162675,-32.63560900659094,77.14166975363958,8.910363327004118,-35.26937129668135,83.87049270496175,8.910363327004118,-35.26937129668135,83.87049270496175,24.540374983164483,-38.663704811340814,138.45022550231775,42.64054765329663,-46.56419943155202,145.91286062051933,50.718957051454254,-46.66678080157838,117.34757574012154,49.378949392556045,-36.74373468509718,96.05088497643054,48.99244689705613,-31.438550172144645,86.28082387450468,48.99244689705613,-31.438550172144645,86.28082387450468,44.93715698099085,-35.52097246871365,92.16359555483524,44.93715698099085,-35.52097246871365,92.16359555483524,23.755607136660505,-42.019536285583214,142.61824201327084,23.48618369926465,-39.85701428330807,149.73971806136353,24.465834331397822,-37.08301193127619,156.58148004877458,25.82430345749876,-34.236573053999095,165.78408228063032
6.99166387,27.7839,-45.5253,92.7113,17.560098848740992,-44.63196158687211,91.76927488932348,17.562880808893503,-42.447912619056765,47.12116155161477,17.49926466576193,-48.14356703786201,7.434132771194875,18.967378823366992,-47.74742116036639,4.151268304363689,12.071819241567123,-35.47373728863918,2.5486132351890083,10.69216394897488,-32.95212353366113,2.148581199937196,38.007701151259006,-46.418638413127894,93.6533251106765,39.710622931287325,-37.18167098630741,49.94974868474812,39.568407312362105,-42.24161118404126,10.176874013647335,39.346299013744726,-42.65495114788372,6.589492263460159,45.72784043681107,-30.138522513503986,4.7522377067459285,47.40009038308535,-26.857437094575157,4.0709652131882486,26.70205220286685,-49.274775677430775,100.89690568575674,26.226588563015234,-49.04215217327375,110.80675935132076,25.791465004776153,-47.330664454655164,120.57235489478268,25.08953459840623,-45.36646304503308,130.27465284771384,24.653139976435828,-38.75140572939686,138.4536270004278,3.8380777105862585,-41.377591550327836,140.81187205613057,3.0797039311073453,-38.614956624098966,111.26463125237734,4.678200334401586,-34.60016727618325,88.13158610089506,4.940738039044286,-32.7674735898562,77.16250370369329,4.940738039044286,-32.7674735898562,77.16250370369329,8.881252209043947,-35.408146932202946,83.88691766543116,8.881252209043947,-35.408146932202946,83.88691766543116,24.653139976435828,-38.75140572939686,138.4536270004278,42.74400410274208,-46.72203594108315,145.86407084894853,50.77345599047657,-46.8092565032545,117.28493481239047,49.53561547817263,-36.968146155019554,95.94408665164573,49.23319419554314,-31.681181975925583,86.1611928074065,49.23319419554314,-31.681181975925583,86.1611928074065,45.12006599278611,-35.716928631879696,92.03600991693457,45.12006599278611,-35.716928631879696,92.03600991693457,23.86497330766511,-42.11193604430191,142.61721396323318,23.60995532354446,-39.95816518667888,149.74187173909363,24.605493839712828,-37.200713608202506,156.58802944671936,25.979530812708866,-34.37874421208064,165.79585501036854
6.9999972,27.8507,-45.5349,92.6997,17.628260155812026,-44.616190424067895,91.76735287738484,17.601483782320507,-42.43538866229745,47.11908875713396,17.494600210639486,-48.14249139315043,7.43379760270755,18.96143445600971,-47.746382461198365,4.1503565945216305,12.066478560795026,-35.47194306998085,2.5508936114012934,10.689085416727078,-32.949735826759195,2.146827980822769,38.07313984418798,-46.453609575932106,93.63204712261518,40.073638189301306,-37.31031424944732,49.921381842916205,40.09405595882656,-42.6303199580854,10.182208448584682,39.89336145424451,-43.06284067365431,6.59582623386825,46.33398616070737,-30.580937580459235,4.730079851696322,48.02315220201116,-27.30970321137353,4.0431901902378575,26.766825567267094,-49.291677370752495,100.88168893638766,26.297888232246702,-49.07777614801756,110.79227535108262,25.87447267596204,-47.38582508827375,120.56178915262505,25.189383793509045,-45.440873876454006,130.2691676374262,24.77836813985138,-38.8405571829783,138.46135461187168,3.9648617967686945,-41.44711988719204,140.8548402323547,3.104774427709455,-38.67919200617217,111.31088067032141,4.647609245079743,-34.651970009352965,88.176217371396,4.894024334967237,-32.820943894923374,77.2064824701955,4.894024334967237,-32.820943894923374,77.2064824701955,8.838607205823834,-35.47619960998275,83.92276371924643,8.838607205823834,-35.47619960998275,83.92276371924643,24.77836813985138,-38.8405571829783,138.46135461187168,42.866833921479994,-46.874997670896306,145.80847381282075,50.83291943367494,-46.9359513679223,117.21154237080731,49.72161552497149,-37.20646234290589,95.81262769798838,49.51613996588167,-31.958089286958952,86.00646530431516,49.51613996588167,-31.958089286958952,86.00646530431516,45.33669854606456,-35.92906848027752,91.87861520178134,45.33669854606456,-35.92906848027752,91.87861520178134,23.989111269975552,-42.20738730745147,142.61964219190915,23.749597883598227,-40.06557221617282,149.7484410356848,24.761467039471867,-37.32538929070622,156.59913660977602,26.152120141645213,-34.527392708697725,165.81178224297415
7.00833053,27.9241,-45.5473,92.6857,17.703076023341215,-44.60337898761605,91.7630642100231,17.646551724955618,-42.42577967603275,47.114671534677164,17.4963118220604,-48.14425408484267,7.431157853333822,18.961848717527904,-47.74815999689441,4.147135788073616,12.067311048261068,-35.47306693855994,2.550889649068237,10.69214235645543,-32.95029464035452,2.14279494757736,38.14512397665878,-46.49122101238395,93.60833578997689,40.442035266802016,-37.44424103566143,49.892200850163256,40.62156604135068,-43.02566139636079,10.189300513435207,40.442020372908694,-43.477564980865374,6.604187356663774,46.941725812256415,-31.030658826584748,4.709743536371194,48.64777121462868,-27.769392183116622,4.017195642831259,26.838235196135017,-49.31138195765951,100.86406704961628,26.375762911197363,-49.11621645323529,110.77534390237079,25.963972344399046,-47.44383863725261,120.54872407558133,25.295639501386358,-45.5182043363787,130.26112042203715,24.90987757385213,-38.932723745487095,138.46646470904028,4.098058985618916,-41.520107125688114,140.8951769469001,3.1361154923933134,-38.746566632150575,111.35488481079305,4.623202606523762,-34.706750905463245,88.2187666608225,4.85339260714431,-32.87740258298538,77.24839938759386,4.85339260714431,-32.87740258298538,77.24839938759386,8.802066421130558,-35.547115512584895,83.9565406158353,8.802066421130558,-35.547115512584895,83.9565406158353,24.90987757385213,-38.932723745487095,138.46646470904028,42.995725486678026,-47.030581924156934,145.75013047788778,50.8984248670969,-47.06490117558829,117.13557323281219,49.91173498964781,-37.448973225523375,95.67929501442353,49.80251017091127,-32.24065865307585,85.8502569086745,49.80251017091127,-32.24065865307585,85.8502569086745,45.55768609553065,-36.146165345031854,91.71941671242152,45.55768609553065,-36.146165345031854,91.71941671242152,24.119553094343036,-42.30585905217513,142.61943623697823,23.895483730082628,-40.176056143186024,149.75233494587363,24.923591362306222,-37.453184820870014,156.60751386120273,26.33074060776143,-34.67918679596594,165.8249108063952
7.0166638599999995,28.0007,-45.5585,92.6731,17.781163147612943,-44.58934766215474,91.76020072913167,17.694781870114404,-42.414828831161984,47.11170569986382,17.501036457664462,-48.14452828273128,7.429999756194505,18.96527357209247,-47.74844005762026,4.145397248392392,12.07117303401462,-35.472677477219634,2.552415189325007,10.698233037765469,-32.949344750798,2.1403011233567106,38.22023685238705,-46.52765233784526,93.58599927086834,40.81256661591246,-37.579595879976154,49.86602426774274,41.14760057102033,-43.42368032048946,10.201944686954853,40.98893133079266,-43.895157089462415,6.618367762689882,47.5479300295301,-31.48383400074176,4.695048689485921,49.27087488087243,-28.23268098905838,3.996808935923386,26.912807966794663,-49.32988304656645,100.84783325526035,26.45673403632112,-49.15347341912191,110.75975815679625,26.056505455807102,-47.50071436822493,120.53695528293716,25.404867484169472,-45.594467939667695,130.25430942632067,25.044336500167063,-39.02392655272316,138.4727670089832,4.234280293074846,-41.59219030114425,140.93661984878693,3.170480602378773,-38.81259850581158,111.40038919371867,4.601884955093681,-34.759970627749574,88.26299973204897,4.815813589072422,-32.932274854948,77.29202787297872,4.815813589072422,-32.932274854948,77.29202787297872,8.768532033663487,-35.61641790714412,83.9920236734924,8.768532033663487,-35.61641790714412,83.9920236734924,25.044336500167063,-39.02392655272316,138.4727670089832,43.12723145779481,-47.18506528256177,145.69285796573226,50.96656746584867,-47.19241956659614,117.06085701387182,50.102793608523264,-37.69193808724477,95.54792488866158,50.08922883381312,-32.52513323370592,85.6964070140801,50.08922883381312,-32.52513323370592,85.6964070140801,45.77987257686641,-36.364408356769694,91.56223738444558,45.77987257686641,-36.364408356769694,91.56223738444558,24.252903853354304,-42.403366374970766,142.6203986157398,24.0442454839931,-40.28563951950566,149.75735918400954,25.088534596861738,-37.58014535916299,156.6169709149748,26.512096442526826,-34.830203648570155,165.83905488478922
7.02499719,28.0851,-45.5652,92.6605,17.86711870145047,-44.57081700365239,91.75737462162401,17.750707610606458,-42.39941116661824,47.10879628592755,17.513262484957483,-48.140326295158346,7.4289488443205585,18.976181746987727,-47.74425092744591,4.1437576201340045,12.08252617877963,-35.46781294966507,2.554058125067823,10.711816831270045,-32.94392678751673,2.1379273642894496,38.30308129854953,-46.55958299634761,93.56362537837599,41.189700152658574,-37.71316648809721,49.841406212331165,41.6765256606163,-43.821228290381484,10.21869351324559,41.53845035505564,-44.31247545999954,6.636920031862857,48.15694291426779,-31.93733115843817,4.68450594689355,49.896803947217045,-28.696440514502438,3.9805279361044437,26.995162511107853,-49.3438569722039,100.83160094853945,26.545436091048163,-49.1861758277743,110.74413149548818,26.156720428049372,-47.55303241107995,120.5250885935562,25.5217296878515,-45.666195095517956,130.24733168580946,25.18641247126674,-39.110650995667825,138.47882278190997,4.378200037313448,-41.659866501292576,140.97777945407424,3.212543634932109,-38.873948263147305,111.44598935658848,4.588322422903486,-34.808417005050536,88.30748917710393,4.7859511229307765,-32.982408237829794,77.3359306866331,4.7859511229307765,-32.982408237829794,77.3359306866331,8.742672041034506,-35.68091147824248,84.0277907114309,8.742672041034506,-35.68091147824248,84.0277907114309,25.18641247126674,-39.110650995667825,138.47882278190997,43.26603679318106,-47.33490905581101,145.63520123603146,51.042031335353116,-47.31515712275101,116.98593876068577,50.299399101502395,-37.93212087379238,95.41701133357492,50.380860519302615,-32.808322982721776,85.54338383200619,50.380860519302615,-32.808322982721776,85.54338383200619,46.00784792691503,-36.58060493966238,91.40556776446036,46.00784792691503,-36.58060493966238,91.40556776446036,24.393842238525806,-42.49637257083201,142.6211106682888,24.20056988207602,-40.39074624582447,149.7620836466838,25.260992657802625,-37.702657795434156,156.62606175868987,26.700893239739308,-34.97677798955253,165.85275163558643
7.03333052,28.1766,-45.5539,92.6516,17.96035179861623,-44.533323724292735,91.75813955701089,17.803639467251163,-42.37521888862966,47.10903959952591,17.516120615329314,-48.1259604981076,7.430946354754077,18.975528355421055,-47.7309149395909,4.144069737286282,12.08230490144739,-35.45363612149783,2.55899679373114,10.714226377210542,-32.929114366871296,2.138091404315312,38.39284820138377,-46.57447627570726,93.54506044298911,41.5741800587865,-37.86667567488777,49.81546590382785,42.2093118523627,-44.11876147650241,10.21732440168109,42.086865835738095,-44.61869001242293,6.636183762780528,48.78337581107032,-32.28531872055456,4.685474218231892,50.54473587445154,-29.05565587449003,3.9833615154012816,27.0841762967131,-49.338826156881915,100.81946675907167,26.642283904642255,-49.201851532006984,110.73265737089642,26.266925300975963,-47.589186821769374,120.51753332777027,25.650495381288057,-45.72187289279561,130.244739087143,25.340642649327194,-39.18140599436724,138.48921152515013,4.534633876554103,-41.71654944997505,141.02062129971807,3.262658337031791,-38.87964543133379,111.49807439983367,4.5492827265261475,-34.77638705497647,88.3611046194754,4.731747031676334,-32.940396611897484,77.39094934704954,4.731747031676334,-32.940396611897484,77.39094934704954,8.69427157641643,-35.653800978654864,84.0733431343505,8.69427157641643,-35.653800978654864,84.0733431343505,25.340642649327194,-39.18140599436724,138.48921152515013,43.421775320960755,-47.45895491999354,145.5800375655102,51.10397017385438,-47.409933347629305,116.90551576012314,50.517917605374386,-38.15698010951188,95.27565443370241,50.6948396493374,-33.09164253372125,85.37315400883458,50.6948396493374,-33.09164253372125,85.37315400883458,46.25873904933818,-36.78995325613109,91.23507007962228,46.25873904933818,-36.78995325613109,91.23507007962228,24.548693315855097,-42.57355543752354,142.6263561323046,24.371067032003594,-40.48025307812319,149.7713575765252,25.44758289375551,-37.80996021913648,156.6397752363025,26.90306865019425,-35.110380684176505,165.87175075802207
7.04166385,28.2719,-45.5557,92.64,18.057466079294567,-44.508858645618744,91.75623664462739,17.860293806515443,-42.36399184257432,47.10665913551712,17.522516063376116,-48.12440647627811,7.430365090658917,18.97840552995324,-47.73039492912051,4.1418045232652965,12.085733268223036,-35.452203429224774,2.5614110329397937,10.720303938242502,-32.92704692304538,2.135737861329472,38.486333920705434,-46.60254135438126,93.52376335537261,41.9607178497193,-38.03666887924712,49.78843910479057,42.74186075561476,-44.43465038503428,10.216221222769171,42.63489883422729,-44.94346095015434,6.635835656968288,49.409307851849505,-32.652444293413154,4.686771008048282,51.19211654945978,-29.43416732339889,3.9865138327184275,27.17694425757737,-49.34686615338163,100.80463312550474,26.74281601466429,-49.23058282824486,110.71843108074874,26.38076252319117,-47.63840872279085,120.50716327279659,25.782846785634394,-45.79065319176464,130.23925838683775,25.498476314072423,-39.26533019822733,138.4966390254493,4.694715842888023,-41.78631749448332,141.06045691088912,3.316612095825195,-38.898329908087156,111.54762784617299,4.514207636434677,-34.75725776130826,88.41261566471337,4.681535402840626,-32.911348869059815,77.4438836226325,4.681535402840626,-32.911348869059815,77.4438836226325,8.649808947325694,-35.63960937656164,84.1168102993696,8.649808947325694,-35.63960937656164,84.1168102993696,25.498476314072423,-39.26533019822733,138.4966390254493,43.58075161200583,-47.59614182371308,145.52187116043382,51.16915323225495,-47.51747785636325,116.8224514020129,50.73721747087199,-38.397692505286145,95.13248946363417,51.00851235812267,-33.3925681528531,85.20154841398045,51.00851235812267,-33.3925681528531,85.20154841398045,46.51041895244303,-37.01596749039276,91.06300588702096,46.51041895244303,-37.01596749039276,91.06300588702096,24.707090598192238,-42.663891877128485,142.62862574558835,24.545091497238808,-40.58294630462488,149.7776070239292,25.63766562798893,-37.930494836290194,156.65040081389878,27.108665762078843,-35.25724731983716,165.88757824034704
7.04999718,28.3653,-45.5613,92.6301,18.152745085545114,-44.48828261445728,91.75606875366705,17.91490068283388,-42.35658299824263,47.10605879805417,17.526748353727605,-48.12665114624204,7.431628354418919,18.979098813042228,-47.73365971845085,4.141381293085797,12.086857443668263,-35.454621214258424,2.5656962614725853,10.724046178599465,-32.92885837633481,2.135257151649119,38.57785491445489,-46.63431738554272,93.50413124633295,42.34342636244203,-38.21360023935744,49.764719994419124,43.26832153400299,-44.759366103535875,10.219779763550406,43.17669981311704,-45.2772642283187,6.640271859353471,50.02867090499076,-33.02906923360949,4.692767680229019,51.832820391052145,-29.822305863611103,3.9943502259933545,27.267828296107734,-49.35869585668359,100.79149960553937,26.84139504558357,-49.2631146472348,110.70585273399146,26.492572081042262,-47.69146775027838,120.4983819073509,25.913098804122747,-45.863334101212516,130.23529708223506,25.654127705423445,-39.35324233747806,138.5055256730175,4.852691413557828,-41.86028908376987,141.10166774296744,3.3686170137186346,-38.92114674489456,111.59902909610108,4.477260517281621,-34.742173746625845,88.46639853877474,4.629454834135126,-32.88641363321917,77.49910843947171,4.629454834135126,-32.88641363321917,77.49910843947171,8.603454950647485,-35.629439739631934,84.16256712151227,8.603454950647485,-35.629439739631934,84.16256712151227,25.654127705423445,-39.35324233747806,138.5055256730175,43.73734881147221,-47.73699553168647,145.46503611904407,51.23180624426859,-47.628114351382905,116.74103962975695,50.95114844267081,-38.64448987479079,94.99185057126613,51.315534621315884,-33.70128107421168,85.03291637640604,51.315534621315884,-33.70128107421168,85.03291637640604,46.75666550088445,-37.24894799340679,90.89374588484505,46.75666550088445,-37.24894799340679,90.89374588484505,24.86330272663489,-42.75822104172229,142.63233351547484,24.7168783361095,-40.68968130680087,149.78525003710507,25.82543251783932,-38.05511126940201,156.6623613381318,27.311830645519063,-35.40822188424375,165.9046628737433
7.05833051,28.4699,-45.5669,92.6175,18.25928818675489,-44.467810772177955,91.75321759331514,17.980664336411643,-42.34908931750743,47.10282576527472,17.54212917958065,-48.12854866421141,7.430287199334444,18.99093311986588,-47.7365409018453,4.138359663610319,12.099007325959466,-35.45671109546616,2.5674682677302583,10.738784359465198,-32.93036745321418,2.1322768528625833,38.680511813245104,-46.66598922782204,93.48178240668487,42.73544138543144,-38.393491441310644,49.73995541252775,43.801928063912214,-45.08864504663487,10.223600519196097,43.725510912759695,-45.61581154346722,6.645088852702995,50.65470379777474,-33.410886331185736,4.69915783520193,52.480085860676596,-30.215758034982493,4.002588301818858,27.369918066342933,-49.37054057123878,100.77565304495782,26.951088500136677,-49.29570075989392,110.69050855764732,26.61539644137431,-47.74464722350823,120.48677942003926,26.054268248559772,-45.93623031090135,130.22844983438947,25.820583203021133,-39.441483264098096,138.5114863454482,5.02155529507602,-41.934927673802974,141.13982458476065,3.431787735082903,-38.9443563691893,111.64786222181819,4.451639275811624,-34.727210173719776,88.51807443548279,4.588746903975278,-32.86157942249183,77.55226009138431,4.588746903975278,-32.86157942249183,77.55226009138431,8.56844289571399,-35.61928844134128,84.20625224154944,8.56844289571399,-35.61928844134128,84.20625224154944,25.820583203021133,-39.441483264098096,138.5114863454482,43.90451583169458,-47.877902365574265,145.40519378526955,51.305008242518504,-47.73811948781878,116.65697828474805,51.17282952201545,-38.893485745904385,94.84949138237354,51.629035746871416,-34.013818212141224,84.86304148908292,51.629035746871416,-34.013818212141224,84.86304148908292,47.010596694452495,-37.48499554094105,90.72303290758191,47.010596694452495,-37.48499554094105,90.72303290758191,25.030314379104976,-42.852898401134794,142.63308179390538,24.899395848067037,-40.79683518473239,149.78989504359186,26.023835722997383,-38.180206423248336,156.6712757476905,27.525498533255373,-35.55972333984194,165.9186330837227
7.06666384,28.5788,-45.5703,92.6054,18.37077983550413,-44.440672192133384,91.74992343869619,18.039763295797545,-42.346372676283714,47.09873711808032,17.541130464977954,-48.13277338847261,7.427920239825738,18.988573864006234,-47.74112023103827,4.135352054581707,12.098427857569838,-35.459937144278314,2.5672350310564687,10.738974712767739,-32.933252822769695,2.1316161937339637,38.78682016449587,-46.69992780786662,93.46087656130382,43.11857648029864,-38.58659826093402,49.71577542833838,44.32640512072641,-45.31133226630292,10.208511764267726,44.262633554265314,-45.8440266264042,6.630571050724894,51.2940166737806,-33.695780179664226,4.6965801779788245,53.14686798127386,-30.516591349195323,3.9996052629766483,27.47401461514717,-49.377253105223836,100.76135857410655,27.065001577716878,-49.32213972891656,110.6767531649115,26.74527434397888,-47.791055074659035,120.47669874220443,26.205151254867886,-46.00167895280383,130.2230713589036,25.998371548382394,-39.52108184351998,138.51789775890305,5.202877189446433,-42.0095123418654,141.1787466577259,3.4918268992635877,-38.95556557082739,111.70006897937452,4.440525939950277,-34.67988746176235,88.5780005364808,4.529865833800589,-32.77300652889193,77.61879051376083,4.529865833800589,-32.77300652889193,77.61879051376083,8.53951037592219,-35.55316790584497,84.24540383563928,8.53951037592219,-35.55316790584497,84.24540383563928,25.998371548382394,-39.52108184351998,138.51789775890305,44.08932356361641,-48.00377635298079,145.33598677868443,51.41497624563779,-47.821458984841954,116.56884763000181,51.41297254437061,-39.1111176152488,94.70697553609514,51.952598349609495,-34.29866454105502,84.69210857592702,51.952598349609495,-34.29866454105502,84.69210857592702,47.281145586382486,-37.70029049499794,90.55086447664218,47.281145586382486,-37.70029049499794,90.55086447664218,25.20913473924422,-42.93826450170678,142.63491063618298,25.09567105652766,-40.89507583030971,149.79570790661865,26.236088275648093,-38.29721827913257,156.6815699595954,27.753100619900266,-35.70575462342363,165.93459812095568
7.07499717,28.6901,-45.5674,92.5924,18.48475318533088,-44.40737441571682,91.74575258452451,18.101133676046487,-42.33734198317793,47.093855602981456,17.54237460487124,-48.13052463671505,7.4248298683716385,18.988447268085135,-47.73920329087637,4.131619990365609,12.099917340857669,-35.45675704398723,2.5662987345300405,10.741199527918315,-32.929750249515465,2.1302564769507484,38.89544681466912,-46.727425584283175,93.43904741547549,43.501846275468374,-38.776630722557165,49.69216127115317,44.851036582794364,-45.53318453328509,10.194902558587366,44.79984992175433,-46.071604222242875,6.617616714840159,51.932746094287666,-33.9807488108907,4.69575079505406,53.8129058005037,-30.81771054493191,3.9984258874234575,27.580547981281924,-49.37765782185345,100.74616800033354,27.18126159382623,-49.34228648865853,110.66204911549323,26.87739444734635,-47.83121607951201,120.46560510382176,26.3581738141055,-46.060956654897126,130.21660354213458,26.17816549712903,-39.594600896230155,138.52316010632975,5.386282655192236,-42.07836834450817,141.21639162070963,3.5542062840237514,-38.96068550307745,111.7516623412736,4.431940864880368,-34.626210626580175,88.63773987470418,4.4736108504319905,-32.67798744895124,77.68551859802622,4.4736108504319905,-32.67798744895124,77.68551859802622,8.513062734766912,-35.48052139998903,84.28454751758609,8.513062734766912,-35.48052139998903,84.28454751758609,26.17816549712903,-39.594600896230155,138.52316010632975,44.2759053667133,-48.12318431465746,145.2655680832907,51.5268710006743,-47.897991192761246,116.47981627665956,51.65325428250419,-39.32392881633081,94.56450236443932,52.275424075671374,-34.57988807998421,84.52182129456469,52.275424075671374,-34.57988807998421,84.52182129456469,47.5517833954531,-37.91147110781237,90.37898135782387,47.5517833954531,-37.91147110781237,90.37898135782387,25.389968772324693,-43.01756476752901,142.63556710841385,25.29387999435626,-40.987308956767656,149.80029597921688,26.450172140370306,-38.40826159910796,156.69058005917432,27.982385462013397,-35.84584667674358,165.94919186597474
7.0833305,28.8126,-45.5638,92.579,18.610027872781274,-44.37333955613393,91.741204839779,18.173618188632215,-42.327403239985664,47.088682028320214,17.55459042923325,-48.127190732449925,7.421516143102892,18.999281938811702,-47.73619701738217,4.127661228184894,12.112411312208458,-35.45245686781233,2.5651946172534874,10.75443645439873,-32.925121749812135,2.1287409865209734,39.015172127218726,-46.75426044386607,93.41679516022099,43.89412089274394,-38.96941025035754,49.66961160907097,45.384553000781416,-45.75997315470826,10.183264003051669,45.3458800859186,-46.30430725529358,6.606716137274393,52.579793202215136,-34.27165410917867,4.697182086474575,54.48714740006541,-31.12500394917951,3.9995673259367686,27.69825173329683,-49.37733553826671,100.73058129404181,27.308596057741042,-49.361731053490786,110.64689633517287,27.020503935539956,-47.87073079044759,120.4540009122196,26.52210735415991,-46.11966883618474,130.20955122577968,26.368845130601915,-39.66765172956364,138.527785875794,5.580598217494863,-42.14675620966533,141.25318861602062,3.6279348989262354,-38.9650306504652,111.80305364060412,4.435064047327152,-34.57157678304144,88.69769478399638,4.429238436658199,-32.581955562732695,77.7528405459162,4.429238436658199,-32.581955562732695,77.7528405459162,8.49828648699484,-35.406821153595146,84.3241062619999,8.49828648699484,-35.406821153595146,84.3241062619999,26.368845130601915,-39.66765172956364,138.527785875794,44.47300772995251,-48.24202571883978,145.19444891724882,51.649384507077805,-47.973732958611485,116.39038050690883,51.90240233609577,-39.53789173114711,94.42258437249399,52.60626297764818,-34.86344689118381,84.35269825266731,52.60626297764818,-34.86344689118381,84.35269825266731,47.831234957378506,-38.124446643591654,90.20791291775001,47.831234957378506,-38.124446643591654,90.20791291775001,25.58163515781994,-43.096401460067185,142.63555934037606,25.502872114077807,-41.079142858068224,149.80416977881544,26.674971231812588,-38.5189675989828,156.69881971941953,28.222269379455575,-35.98566114768126,165.96293151454023
7.09166383,28.9389,-45.5625,92.5674,18.739208727572613,-44.341531530279646,91.73847976673427,18.249848120296907,-42.319433962420604,47.085419962594244,17.57040934729524,-48.125571675498016,7.420171854199388,19.013718043178287,-47.73490573991452,4.125671895364505,12.128616466335814,-35.44980406145054,2.5661161809500093,10.771406528567296,-32.92212730307119,2.1292618861659864,39.13859127242739,-46.783468469720354,93.39632023326574,44.28797929240923,-39.16788066312397,49.6503406736572,45.91945832544577,-45.99470792625442,10.175823762437865,45.8932209302034,-46.54515012218349,6.600097985531633,53.227663297677545,-34.57151967038241,4.703076646194099,55.16209966618482,-31.441498209691176,4.005226224249195,27.81971076136666,-49.37929766552964,100.71679101915198,27.43958828679709,-49.38351942359414,110.63348745100296,27.167189352656436,-47.91268157592385,120.44408447090647,26.689542280676424,-46.18093508952207,130.20411963589763,26.56301812621787,-39.743389566589855,138.53400805198783,5.778430071306712,-42.217768188063346,141.2914232665029,3.7054743422860703,-38.97140168396967,111.85656840518892,4.442247990262431,-34.518569885537424,88.76022766024583,4.389053641732433,-32.487389374442714,77.82313769428607,4.389053641732433,-32.487389374442714,77.82313769428607,8.487506228648085,-35.33463273254326,84.36641228781497,8.487506228648085,-35.33463273254326,84.36641228781497,26.56301812621787,-39.743389566589855,138.53400805198783,44.673202592280035,-48.36357906220347,145.1248001519492,51.775125776310894,-48.05182941371654,116.30272144681771,52.153068892618776,-39.75595820557966,94.28347572543024,52.93779304416198,-35.15220483898472,84.18703458132333,52.93779304416198,-35.15220483898472,84.18703458132333,48.11215505875796,-38.342095649083134,90.03992834485942,48.11215505875796,-38.342095649083134,90.03992834485942,25.776729137824777,-43.1779447968813,142.6371053075753,25.715248994541568,-41.17377748851521,149.80955573225992,26.90309974957488,-38.63257234297025,156.70852656090693,28.465381859844694,-36.128482330924506,165.978065293007
7.09999716,29.0702,-45.5629,92.5537,18.87356168311537,-44.31130124731902,91.73294278441946,18.319163884265613,-42.304699679660914,47.079944055562486,17.564646075122468,-48.11945298242832,7.417315214376963,19.00700890359133,-47.72909605434842,4.122364413021755,12.12259042524206,-35.443433515887364,2.564211915344525,10.765651516858611,-32.91562588359787,2.127272951696133,39.26683831688463,-46.814498752680976,93.37445721558055,44.656280286413725,-39.3604018856782,49.629578002072385,46.41756209219108,-46.13873319540251,10.152282112583585,46.40235438951921,-46.68806422952446,6.576321544522191,53.862595931778905,-34.786563248979974,4.7163130657131775,55.83074806625126,-31.676102356942636,4.025311014863698,27.945665573980634,-49.381201704625596,100.70165050130096,27.57638307627516,-49.40398096562021,110.61873125031964,27.320953139532016,-47.951139085678655,120.43246576169213,26.865719958505665,-46.236635145041966,130.19661539332077,26.765748600607676,-39.812968000035475,138.53757144666167,5.984059041537151,-42.281160126882575,141.32224297763065,3.7966432972557023,-38.93754249571507,111.90656424777272,4.442826811744512,-34.414466213269534,88.82116344880927,4.322702076878207,-32.32546557655638,77.89550066714017,4.322702076878207,-32.32546557655638,77.89550066714017,8.460602525695467,-35.20843166208948,84.39817989797325,8.460602525695467,-35.20843166208948,84.39817989797325,26.765748600607676,-39.812968000035475,138.53757144666167,44.87774466838287,-48.4840938556363,145.05617280563638,51.96429469984997,-48.15671402695226,116.23048369437166,52.364911688752144,-39.9862440729229,94.1647992726614,53.24043533805199,-35.432099846088796,84.05333599914978,53.24043533805199,-35.432099846088796,84.05333599914978,48.359759055074825,-38.5719296184582,89.88763276697802,48.359759055074825,-38.5719296184582,89.88763276697802,25.98180131275363,-43.25316653449601,142.63638685911462,25.935386080744024,-41.26151706987225,149.81243657597147,27.139513035263818,-38.737344551213724,156.7148378158262,28.71788371202206,-36.260375538445174,165.98893674795616
7.10833049,29.2129,-45.564,92.5412,19.019383460698236,-44.28200006528113,91.72862905518213,18.399726486113945,-42.29066813300406,47.07580468068883,17.57012280457064,-48.11387113739143,7.4159150667317135,19.011514901047274,-47.72378969074341,4.120506877630447,12.127499579447813,-35.43771846439,2.5637962837965267,10.770773344729175,-32.90981000381342,2.126780238471505,39.406416539301766,-46.84599993471887,93.35377094481788,45.033645049429694,-39.556346903931896,49.61112173108665,46.92638493367363,-46.2884489663122,10.131999182044517,46.922274063160216,-46.83686109096408,6.555867600869345,54.50703818269634,-35.008509270734606,4.733230097724057,56.50858695673251,-31.91788747934755,4.049173764255981,28.083102231113074,-49.38380382787437,100.68771819322062,27.724573755428835,-49.425179440473165,110.60513340239713,27.486003867088712,-47.99040073754892,120.42194925696079,27.053073093767168,-46.29323859724871,130.19014206092626,26.979467607444736,-39.883550900187466,138.54211952764186,6.200758973065994,-42.34610286262727,141.35389728555205,3.8991971220049635,-38.904979855775,111.95817978899393,4.454963979878747,-34.31138053954971,88.88435325844932,4.268074939204598,-32.164458480672806,77.97086348704954,4.268074939204598,-32.164458480672806,77.97086348704954,8.445152226168462,-35.08293749825192,84.43252397924851,8.445152226168462,-35.08293749825192,84.43252397924851,26.979467607444736,-39.883550900187466,138.54211952764186,45.09314644215921,-48.60505555733088,144.9884350976588,52.16465275124233,-48.26126409349165,116.15924281639657,52.58856423017919,-40.21597689459676,94.04804304828531,53.55513360391141,-35.71177422569029,83.92251280073566,53.55513360391141,-35.71177422569029,83.92251280073566,48.61960105470991,-38.80175359949573,89.73724380732517,48.61960105470991,-38.80175359949573,89.73724380732517,26.19789983634136,-43.3294251297554,142.63661946111017,26.166454102315925,-41.350355321861336,149.81622985191785,27.38673881124108,-38.84325514004788,156.72201477544496,28.98104247343108,-36.39344688378865,166.0006017274917
7.11666382,29.3598,-45.5699,92.5251,19.16951794497146,-44.25737234942714,91.72073838017653,18.48444183243917,-42.28107790709962,47.06820168574826,17.579540511275145,-48.1124813753073,7.4111636359905475,19.01996128836427,-47.72268660412733,4.115296850926152,12.136492573704246,-35.436122465156004,2.560060176577113,10.780007943631672,-32.90809648864773,2.122973920357285,39.55008205502854,-46.88242765057285,93.32946161982346,45.41302875549283,-39.760328169711336,49.590169704861836,47.438574103686506,-46.448615053177335,10.11019042045912,47.445602154856,-46.99630649310384,6.533952937191545,55.15405349536826,-35.242398296543,4.749021275257483,57.188794933459455,-32.17196739827415,4.0720020741483225,28.224687478393257,-49.39116476564548,100.67019411293865,27.876823819563054,-49.451179502708555,110.5878938536346,27.65505294647778,-48.034538959584495,120.40773734993473,27.24437362718236,-46.35481721954765,130.1799047867499,27.19716850542165,-39.959220930896834,138.54286846806977,6.421423262458973,-42.41589651579533,141.3815554022134,4.006174306560469,-38.87692404346797,112.0065836071437,4.471877676015755,-34.2125472710839,88.94496588555005,4.2184787792753164,-32.00760132217483,78.04439419446962,4.2184787792753164,-32.00760132217483,78.04439419446962,8.43435084916488,-34.961530697051835,84.46461807626126,8.43435084916488,-34.961530697051835,84.46461807626126,27.19716850542165,-39.959220930896834,138.54286846806977,45.312076691806496,-48.73120994699833,144.91682320121956,52.36894167119432,-48.3704254001762,116.08425112009117,52.817096211752435,-40.45003586911284,93.92848235834428,53.87512307670509,-35.996092823502785,83.78987144114441,53.87512307670509,-35.996092823502785,83.78987144114441,48.88480700687167,-39.036297045327515,89.58404563308285,48.88480700687167,-39.036297045327515,89.58404563308285,26.417898973112077,-43.410783005267035,142.6330133719556,26.401396060008288,-41.44436280978662,149.81614853504183,27.637808240600634,-38.95442178443297,156.72527222133112,29.247977073581083,-36.53187361285808,166.00827589320897
7.12499715,29.5166,-45.5733,92.5121,19.329665712151446,-44.23013363142316,91.71595382536907,18.57910665511718,-42.268507418123576,47.063823014497345,17.598791658345977,-48.10774019820604,7.409729622552099,19.038241298995892,-47.71822524824117,4.11340550629977,12.15546090413553,-35.43107684052729,2.559739183391251,10.799246906486102,-32.902914482733735,2.1226019393643076,39.703534287848555,-46.91646636857685,93.30824617463094,45.800175083792496,-39.96487591223753,49.573472099730715,47.959975578775634,-46.61153809833744,10.093579454287259,47.978194255568546,-47.1586860191552,6.517298274603435,55.809441396567586,-35.48046578767005,4.770500793060334,57.877157359317245,-32.43056352264546,4.100634768553869,28.37611136836999,-49.3960096228516,100.65576500876482,28.038808133504165,-49.47470107790636,110.57369892783538,27.833758087210132,-48.076265224013454,120.39651475026947,27.44525786653712,-46.41407764259424,130.17258651059902,27.424465845801816,-40.032678040820414,138.54649530878606,6.6516833278250544,-42.48333166247197,141.4119432890372,4.123232780516139,-38.846205232006454,112.05849424469793,4.49923725437527,-34.11080935141105,89.00971664740054,4.179588423933887,-31.847747651098473,78.1228053684087,4.179588423933887,-31.847747651098473,78.1228053684087,8.43387644872796,-34.83704425356792,84.5011821194577,8.43387644872796,-34.83704425356792,84.5011821194577,27.424465845801816,-40.032678040820414,138.54649530878606,45.54015175954572,-48.85522473443747,144.84804928804604,52.58279926224317,-48.47693531399682,116.01222547621205,53.05613634403742,-40.681179088927266,93.81281919752325,54.20602003153787,-36.27781736131973,83.66212297352337,54.20602003153787,-36.27781736131973,83.66212297352337,49.161003738530766,-39.26831548180347,89.43475515896876,49.161003738530766,-39.26831548180347,89.43475515896876,26.647411706642984,-43.48993730912036,142.63224766405312,26.64581095092192,-41.536231782058486,149.81887021248357,27.898307389320333,-39.063535661418406,156.73128933094497,29.524253603482276,-36.668346153883654,166.01864130112722
7.13333048,29.6809,-45.5669,92.4984,19.497537457253493,-44.19244335452927,91.71000221797071,18.67337479653029,-42.249824054950295,47.05833832494682,17.600538443966197,-48.10448523633821,7.408915324078741,19.035699085565753,-47.71693322559637,4.110490364287552,12.160170398233486,-35.424924063474,2.5631775232722593,10.807658073536395,-32.895458139571,2.1221300924261075,39.86426254274651,-46.94135664547073,93.2867977820293,46.14389352450034,-40.1528200894116,49.552302147461305,48.42298671657614,-46.684083459551175,10.059858405630045,48.44874694356802,-47.22586780264787,6.482807108838145,56.41506974685693,-35.63220773939945,4.784187571791119,58.51875140898969,-32.60525804192682,4.122241491678331,28.534247518680946,-49.392462025835805,100.63985971113706,28.208962755675465,-49.49116213249735,110.55801615032985,28.02253877081468,-48.11223289711285,120.3839603442519,27.657716346918185,-46.46842052153872,130.1640505541289,27.662984739715373,-40.10083264797926,138.5484908254014,6.891912414629989,-42.535741182452576,141.439643490831,4.259306502096411,-38.77452056950387,112.11100003004299,4.533560834929727,-33.96235660874104,89.07669160075304,4.143123615851067,-31.64476727927197,78.20356880604713,4.143123615851067,-31.64476727927197,78.20356880604713,8.44069063039871,-34.661242588498986,84.53999881182008,8.44069063039871,-34.661242588498986,84.53999881182008,27.662984739715373,-40.10083264797926,138.5484908254014,45.782342624558346,-48.95974010225812,144.788171698451,52.76039245207104,-48.563460991047855,115.93688914271758,53.307819610914386,-40.854435534761286,93.7089168496791,54.49518995444911,-36.51887040200523,83.53338308098725,54.49518995444911,-36.51887040200523,83.53338308098725,49.42677436713108,-39.451615879502064,89.31514043945687,49.42677436713108,-39.451615879502064,89.31514043945687,26.887621920799383,-43.56352807813933,142.629958692357,26.901274733987904,-41.62106454226698,149.8196151872807,28.168884689734213,-39.16222416730041,156.73422150384184,29.810281535544696,-36.78848523273924,166.02436253353088
7.14166381,29.8483,-45.5677,92.4847,19.668595891801182,-44.162060042192344,91.70407500133895,18.77055636696997,-42.238032614051065,47.05303082858077,17.605049594967227,-48.10765816151837,7.408436372502209,19.035902127289738,-47.722023060020625,4.107915740414131,12.167503974302413,-35.42521573287836,2.567072668852113,10.8186594569328,-32.89447318443966,2.1221334523472732,40.028004108198814,-46.97333995780766,93.26532499866106,46.48851275158444,-40.34998114022559,49.53184756669485,48.88942027576158,-46.767926023582596,10.028045139276031,48.92283054707528,-47.30447494654176,6.450268056974494,57.02286834650123,-35.79678176116473,4.800132850666259,59.1621746239298,-32.79315101905576,4.146187412565615,28.69550924158607,-49.396107804314376,100.62395488639349,28.382144089809998,-49.514893046914715,110.5422748745867,28.214242182196536,-48.15557996420037,120.37128580819449,27.872998278576492,-46.5302799116817,130.15532032254106,27.90421099415691,-40.17663373150414,138.55027402875655,7.134907248607288,-42.596076497501755,141.46700292722485,4.398557850445714,-38.71043614192313,112.1640864744504,4.571313732260373,-33.821178342092125,89.14503315308008,4.110230577425921,-31.449004569313125,78.28645798195696,4.110230577425921,-31.449004569313125,78.28645798195696,8.450797209843827,-34.49246622980243,84.58053243213914,8.450797209843827,-34.49246622980243,84.58053243213914,27.90421099415691,-40.17663373150414,138.55027402875655,46.02709239048814,-49.07168678191941,144.7279912418385,52.94053289739673,-48.65701739892468,115.86141695079658,53.56104831717832,-41.03551087802229,93.6052020613403,54.78525176501197,-36.768214764413685,83.40520350114642,54.78525176501197,-36.768214764413685,83.40520350114642,49.69390517154984,-39.642999683986055,89.19591608987027,49.69390517154984,-39.642999683986055,89.19591608987027,27.130538605178124,-43.64480304972307,142.627412695358,27.159374149916832,-41.713668848341115,149.82007567301187,28.442016602499688,-39.268754527817734,156.73684759397557,30.0987564011956,-36.91654994209644,166.029742046875
7.14999714,30.0271,-45.5681,92.4712,19.85116301880514,-44.131223835861604,91.69836867708298,18.879004165316015,-42.22537203595049,47.048097252036094,17.620584879726024,-48.109560772430186,7.408502356210768,19.04711070455301,-47.72583172318939,4.105887342093856,12.185921282395382,-35.42418141270881,2.571599118869317,10.84075097819068,-32.89216850629651,2.1227809158657647,40.20303698119486,-47.0049761641384,93.24403132291701,46.84240695712539,-40.54900289715178,49.51231196786916,49.367566148345844,-46.85565549426201,9.998333634014216,49.4087308769318,-47.38708786780901,6.419873778005398,57.64128334306473,-35.966865385614994,4.818574508799612,59.815915537244194,-32.986945345700036,4.172722362134912,28.868133779321628,-49.399327498682474,100.60825082368088,28.566588864290544,-49.53823105002288,110.52667587547433,28.417127996232622,-48.198601249762596,120.35868647796931,28.099388628735724,-46.591905408782374,130.1465845776289,28.156525851171363,-40.25229682443744,138.55200783176144,7.38900344691076,-42.65621391420338,141.49414730059448,4.549552780947382,-38.64591516829251,112.21784723511308,4.621268518580806,-33.67933798394167,89.21481547482415,4.0897861080839455,-31.252565878318322,78.37153347971008,4.0897861080839455,-31.252565878318322,78.37153347971008,8.472993822140197,-34.322844074073565,84.62288794813304,8.472993822140197,-34.322844074073565,84.62288794813304,28.156525851171363,-40.25229682443744,138.55200783176144,46.28265350611318,-49.18346613765902,144.6677824985819,53.131585376099345,-48.75011753404554,115.78610902095885,53.82435090878374,-41.2169411413206,93.50197045576373,55.08481881963662,-37.01840280669331,83.27788334105078,55.08481881963662,-37.01840280669331,83.27788334105078,49.97095527780077,-39.834959395095154,89.07736257746299,49.97095527780077,-39.834959395095154,89.07736257746299,27.384485411703395,-43.7259486229025,142.62478622431442,27.428459456649822,-41.806201958648884,149.820420354185,28.72608839825028,-39.37527595680605,156.7393270168005,30.398094120772218,-37.04467987716503,166.034931314737
7.15833047,30.2109,-45.5688,92.4569,20.038837176868732,-44.100652640071736,91.69187969843514,18.992329596034697,-42.212566582025595,47.04253418060399,17.640785903635663,-48.11078502580311,7.408090466493164,19.06296756499347,-47.72893792144014,4.103384435000018,12.209029059196137,-35.42241672160376,2.575764090566791,10.8675321533996,-32.88914255062692,2.1230850527265757,40.382962823131265,-47.03694735992827,93.22192030156486,47.19915404543795,-40.75054339566644,49.49269935413587,49.8509753076388,-46.948036559327676,9.96974776686558,49.89999731571657,-47.47447915714821,6.3906494338319675,58.26380521462872,-36.143188916102396,4.838509007428907,60.47344928505946,-33.18736106886989,4.200834765252612,29.045725087368,-49.402821602930324,100.59174779978929,28.75589219048128,-49.561902465249375,110.51021891239158,28.624779877013196,-48.24204684350357,120.34516526401968,28.330459080033194,-46.65407111238184,130.13684986812297,28.413486629037227,-40.3286153332322,138.55271330321557,7.64776431983897,-42.7169401719552,141.5201482699848,4.705777511884525,-38.58161647290624,112.27137849814812,4.676855840848916,-33.53739982785328,89.28515340104454,4.075194068684328,-31.05597387181038,78.45791972076145,4.075194068684328,-31.05597387181038,78.45791972076145,8.500697074194207,-34.15293231635156,84.66616603471938,8.500697074194207,-34.15293231635156,84.66616603471938,28.413486629037227,-40.3286153332322,138.55271330321557,46.54258588052252,-49.29589603435387,144.60652416886757,53.327034427850684,-48.843603557101204,115.7099255617014,54.09114193763177,-41.3995828567622,93.39817534423929,55.387267834003126,-37.2702968715553,83.15036993312842,55.387267834003126,-37.2702968715553,83.15036993312842,50.25132274749005,-40.0283564644216,88.95844414962086,50.25132274749005,-40.0283564644216,88.95844414962086,27.643022396655105,-43.807768428204945,142.62109205898074,27.702083653581578,-41.89948387014041,149.81966645367046,29.014645405587192,-39.482622354788994,156.7406832550722,30.701836484676466,-37.173725674539405,166.03895851820428
7.1666638,30.4037,-45.5687,92.4423,20.235329630834308,-44.07142487934194,91.68468132379702,19.0986810898525,-42.19465362058435,47.03706255205752,17.636030824116624,-48.11151391754684,7.409342479911409,19.051380516126688,-47.732600827257166,4.1013672739985605,12.204353200781057,-35.42121032071547,2.5820115755705446,10.867965340443869,-32.886518203036886,2.1222141851674885,40.572070369165694,-47.06597512065806,93.19991867620298,47.49332901179133,-40.94412717859316,49.463855080743045,50.25481308301889,-46.97295954978858,9.922330506513703,50.30901365362908,-47.48905004824963,6.3417994370850685,58.781537527628345,-36.23100865097927,4.847341641809721,61.020083936999654,-33.29478413872263,4.219990698306717,29.232675757194134,-49.40653475784657,100.5745093891344,28.954758165933896,-49.586030941444854,110.49297307929035,28.84182903899033,-48.28506977748114,120.33066214240603,28.5698834348584,-46.71419153837963,130.12575102340708,28.680158695066535,-40.40202528464347,138.55127405157455,7.914373893828927,-42.76261478553524,141.54038556454438,4.878638437112788,-38.48497620556988,112.32167854222683,4.747438713492414,-33.355524466314705,89.35468018094389,4.078817810595332,-30.8233619079554,78.54313266464834,4.078817810595332,-30.8233619079554,78.54313266464834,8.543769856833933,-33.94652168129507,84.70986818749563,8.543769856833933,-33.94652168129507,84.70986818749563,28.680158695066535,-40.40202528464347,138.55127405157455,46.80744094204777,-49.41142017251916,144.5477255799869,53.547716143712805,-48.94432283556634,115.64102684208825,54.34601027861949,-41.56625590526215,93.30857607899185,55.650134761079244,-37.48953143046305,83.04076045337375,55.650134761079244,-37.48953143046305,83.04076045337375,50.50894951586414,-40.210282136341846,88.86178103610722,50.50894951586414,-40.210282136341846,88.86178103610722,27.909517321551238,-43.885927720198026,142.61555292795146,27.982903808337785,-41.98769319098261,149.8166522605639,29.30985382670884,-39.58216740043889,156.73887450651023,31.011542346207484,-37.29063998116425,166.03880454687715
7.1749971299999995,30.6033,-45.567,92.4298,20.438710782406936,-44.040597434454135,91.67960265563936,19.211685262804526,-42.17462048860496,47.03392379797382,17.63766302448548,-48.1095304583254,7.41317068379653,19.046150059799817,-47.73351481500202,4.101937325827398,12.206032979771251,-35.417249568376505,2.5909873907646404,10.874730437082606,-32.881179988209034,2.12408814116153,40.767889217593066,-47.093402565545865,93.17999734436064,47.79255933727731,-41.13719075489874,49.437550535496335,50.66617611539659,-46.99877205853208,9.878872967566856,50.72569214835705,-47.50457124143318,6.296957994818728,59.30594556527004,-36.3208433674868,4.860280180182599,61.57314865305634,-33.40448093962731,4.243276154505507,29.426405228499732,-49.40862705726196,100.55937091144595,29.16030405821938,-49.60858693806434,110.47776721597245,29.065474918092203,-48.326598193754194,120.3181377036139,28.815831777249716,-46.77291517989355,130.11656239511768,28.953309387236203,-40.47414318238434,138.55170394556876,8.187515760311225,-42.80702761382992,141.5624271333561,5.058706351043103,-38.386865729620084,112.37476805905119,4.825694688774467,-33.17194246837323,89.42783398966944,4.090374997206978,-30.588997200001902,78.6326424896239,4.090374997206978,-30.588997200001902,78.6326424896239,8.594441787118107,-33.73820052814925,84.7575466932641,8.594441787118107,-33.73820052814925,84.7575466932641,28.953309387236203,-40.47414318238434,138.55170394556876,47.07852003085997,-49.52560265528474,144.4907955743205,53.77474422308825,-49.043461522971015,115.57410760463856,54.60705842966353,-41.731430839876325,93.22118916898424,55.91903855348596,-37.707349521077674,82.93362684716793,55.91903855348596,-37.707349521077674,82.93362684716793,50.77270654838083,-40.39073252626923,88.76743120576992,50.77270654838083,-40.39073252626923,88.76743120576992,28.182457693188194,-43.962804659064346,142.6118586050506,28.270124398909456,-42.07467941193079,149.81545556090154,29.61141634594508,-39.680546961159685,156.7388634806678,31.327532721552206,-37.40645667447881,166.04042240591235
7.18333046,30.8144,-45.5648,92.4139,20.65365844195931,-44.0094129500788,91.67115042871623,19.335986944456202,-42.15369752871204,47.02762722154126,17.650397935360157,-48.10612982995268,7.414092677378683,19.051979621267993,-47.732953046575325,4.099609654390651,12.218595758757353,-35.41190285628815,2.5972288118598494,10.892317890140857,-32.874514400534004,2.123248722907082,40.97514155804069,-47.1201870499212,93.15664957128376,48.10146499929656,-41.330544213292434,49.40828214706003,51.08968560854744,-47.026372994652256,9.833885730009257,51.15465408245088,-47.521950650840566,6.250636962802945,59.84148768649233,-36.41347322334204,4.871792454364079,62.13705928389293,-33.51719874436718,4.265146920920907,29.631672513957547,-49.410217929815225,100.54083174533386,29.37730226809526,-49.63070068949691,110.4591008569835,29.30048233927532,-48.36776894896985,120.3020923310073,29.07305370432993,-46.831388944092545,130.10378564068702,29.2376049230131,-40.54611962285618,138.54850909394202,8.471890601059435,-42.85162544006552,141.5807921390785,5.250498717519746,-38.28872813061372,112.42518677551143,4.915965229682082,-32.98806575411428,89.49916296073104,4.114120128976872,-30.35428877326612,78.7210033738399,4.114120128976872,-30.35428877326612,78.7210033738399,8.657049640292415,-33.52930207112779,84.80373571772813,8.657049640292415,-33.52930207112779,84.80373571772813,29.2376049230131,-40.54611962285618,138.54850909394202,47.36067298024162,-49.639284878465176,144.4301533085515,54.01287316390075,-49.14175525341773,115.50356659963049,54.878860000780584,-41.89582635535628,93.1304111797397,56.19845541514551,-37.924442635186594,82.82336309988568,56.19845541514551,-37.924442635186594,82.82336309988568,51.04713216773543,-40.570490934615236,88.66980201186854,51.04713216773543,-40.570490934615236,88.66980201186854,28.466562000820506,-44.0395635451056,142.604513219462,28.568443859521217,-42.16160816850742,149.81058116202774,29.924003211027316,-39.778906450044154,156.7351535580589,31.65446067817082,-37.52229707251455,166.03831278264775
7.19166379,31.0437,-45.564,92.3977,20.886894219708054,-43.97962921468113,91.66241749234996,19.478357581395198,-42.13364705373359,47.021265214995,17.680956958433363,-48.102933758233775,7.415183018821473,19.075598604206508,-47.73255276903667,4.097460540024228,12.248950589488906,-35.40670632504279,2.603824934451155,10.927673497344076,-32.86803729768067,2.122787825502624,41.20050578029195,-47.14837078531887,93.13298250765004,48.426816503106096,-41.52634444793145,49.37915575559253,51.53206206008003,-47.0578835669819,9.790466655101866,51.60261843107378,-47.54330277392402,6.205933235583522,60.39502569500111,-36.511108600448466,4.885014152531868,62.7187157114744,-33.63517263086827,4.2887502631194945,29.855118511384145,-49.41318812302312,100.52199244876115,29.61238121333283,-49.654243075318426,110.44007442838345,29.55348773451513,-48.41044893696485,120.28562605030642,29.34820256790533,-46.89147413875676,130.09052036912388,29.53978654024011,-40.61981802476761,138.54478952236278,8.774196005801016,-42.89794319315753,141.59853874473876,5.460856662521686,-38.19216402101827,112.4759676628556,5.025241388484093,-32.80558692282491,89.57167704432206,4.157125078221112,-30.120964832018313,78.81121055200526,4.157125078221112,-30.120964832018313,78.81121055200526,8.738582780853061,-33.32162571289809,84.85145607668092,8.738582780853061,-33.32162571289809,84.85145607668092,29.53978654024011,-40.61981802476761,138.54478952236278,47.66047879006698,-49.75461048089276,144.3689691221505,54.268802102540626,-49.241451873202045,115.43260008798919,55.16830422188919,-42.061707679053775,93.03943882201601,56.49537281893896,-38.143100003430334,82.71316826318727,56.49537281893896,-38.143100003430334,82.71316826318727,51.339151787940594,-40.751764595600086,88.57207639344617,51.339151787940594,-40.751764595600086,88.57207639344617,28.768521075524,-44.118056964056564,142.5966163941058,28.884577959614976,-42.2503372397885,149.80512978687517,30.254361577334347,-39.87913085344831,156.73084885542733,31.999095237973147,-37.64007864708921,166.03558368007614
7.19999712,31.2774,-45.5626,92.3786,21.124079922472884,-43.95258924009222,91.65091080380022,19.595963403099287,-42.11556189409818,47.01332246523417,17.67943306214848,-48.09884684973391,7.414938757286215,19.069425627663588,-47.72947792447345,4.095153055096288,12.242705426326049,-35.40285086041842,2.6083048730830853,10.922734838116002,-32.863910516689955,2.125117681460183,41.43072007752711,-47.17261075990778,93.1062891961998,48.67720116955183,-41.693296530152836,49.33769623726938,51.84333957710271,-47.0353268754603,9.727810361846238,51.91616997670497,-47.49934283244189,6.140488970033088,60.785842315746976,-36.51974521958767,4.900364033650059,63.13005504566604,-33.65629581111098,4.324692441872326,30.084301351623925,-49.41589896157761,100.5002812103436,29.853234043505076,-49.6776772033414,110.4181166138809,29.810711341719983,-48.45225163471571,120.26605563867138,29.624413716964398,-46.94878452760774,130.07371891252285,29.84302505954609,-40.68932107378812,138.53636436753226,9.076502173578607,-42.93044848992654,141.6110780080558,5.669596564715318,-38.07813652082974,112.52336953236362,5.1504538918032186,-32.59074847260816,89.64476455886498,4.223763546513453,-29.85174295058116,78.90290463680697,4.223763546513453,-29.85174295058116,78.90290463680697,8.836620607064273,-33.086211070326904,84.9010974042194,8.836620607064273,-33.086211070326904,84.9010974042194,29.84302505954609,-40.68932107378812,138.53636436753226,47.95469605513929,-49.87201307961004,144.3130874969199,54.5190771788637,-49.35017603209443,115.36687344053024,55.41961349271994,-42.19206430536453,92.9668293982727,56.75091984585548,-38.30630368637734,82.62869858864887,56.75091984585548,-38.30630368637734,82.62869858864887,51.591728745288904,-40.88980779536858,88.4961345244239,51.591728745288904,-40.88980779536858,88.4961345244239,29.06956034643311,-44.19137021849287,142.58447889378292,29.19747202950421,-42.33097505547622,149.79468554416806,30.580125616327592,-39.96873274240724,156.72091047667573,32.33697763114475,-37.744175966142315,166.02684184508837
7.20833045,31.5214,-45.5618,92.3579,21.37166665921591,-43.9259545625387,91.63783220755755,19.723865241426953,-42.097475645177326,47.0041507821329,17.687967056624963,-48.09436391620351,7.413782896295473,19.0733040757892,-47.726016434448184,4.091938330452926,12.246732267065932,-35.39848150908766,2.6119515047138533,10.928105457927176,-32.85925079111934,2.1266258572907706,41.67113334078409,-47.1976454374613,93.07796779244245,48.936570854124874,-41.86152662049837,49.29482770449313,52.16557043026806,-47.015072833563366,9.665049723067717,52.24089873847823,-47.457729697552395,6.075081702270653,61.18747473517092,-36.531845259307616,4.915604157200152,63.552130644227375,-33.68117347630588,4.360494765312299,30.3237007776504,-49.41915839045269,100.47697665777874,30.104223510085877,-49.701684408142,110.39450597806567,30.078039240636937,-48.49467574398159,120.24477620324605,29.910716651516847,-47.00677413867635,130.05515494234172,30.156457559005347,-40.75959112256609,138.52612640467177,9.389057812678818,-42.96337297483522,141.6218399191763,5.889254052101961,-37.96430401180182,112.57003438526347,5.28708316849313,-32.37591997355601,89.71792602940245,4.302116213864045,-29.582435416336054,78.99529832171221,4.302116213864045,-29.582435416336054,78.99529832171221,8.946004173591977,-32.850654620412406,84.95110209663332,8.946004173591977,-32.850654620412406,84.95110209663332,30.156457559005347,-40.75959112256609,138.52612640467177,48.25873330598499,-49.990451530131125,144.25533383296067,54.77912417701476,-49.45988447712268,115.29933750868868,55.6806811862974,-42.323390240790246,92.89243796382064,57.016163944165115,-38.470523065631255,82.5425412897043,57.016163944165115,-38.470523065631255,82.5425412897043,51.85404237511237,-41.02877311383863,88.41845895003034,51.85404237511237,-41.02877311383863,88.41845895003034,29.380709231719887,-44.265429111113015,142.57052272832442,29.520499008195614,-42.41239175438166,149.78240340367194,30.916050422696074,-40.059171356858954,156.70911268822175,32.685038085801935,-37.849177570440254,166.01621484722753
7.21666378,31.7769,-45.5624,92.3344,21.630767035936987,-43.901073150067134,91.62197191012285,19.863126365666663,-42.08074716908789,46.9925425833459,17.707990593042204,-48.09088454853068,7.410495918579073,19.088648833879496,-47.72347457129492,4.086600226136891,12.261764646464218,-35.39527554735359,2.6136025622856467,10.944378705956861,-32.855806001152025,2.1261612913941033,41.92303296406301,-47.22372684993286,93.04682808987715,49.205957926752895,-42.030815856305395,49.24937631868284,52.50013516336577,-46.99655866671644,9.600989537318931,52.578215746830324,-47.41788207512273,6.00851408832631,61.600767587618456,-36.54635588511572,4.929608355519984,63.985639992573155,-33.708627158077924,4.395049749350329,30.57471583416792,-49.4238422227625,100.45087214904294,30.36675188554419,-49.7271656306487,110.36803529919334,30.356796497539822,-48.53863692044574,120.2205821494079,30.20834407588461,-47.06638099428,130.03362466469207,30.480968653719422,-40.831564532029105,138.51288060301624,9.712849597741005,-42.99871027206619,141.62956137880087,6.12080286523661,-37.8527530095814,112.61468509500149,5.436009064931488,-32.16313855728367,89.78989928931937,4.393009962078272,-29.31509920724259,79.08712929445687,4.393009962078272,-29.31509920724259,79.08712929445687,9.067684589179883,-32.61677797920463,85.00024058812214,9.067684589179883,-32.61677797920463,85.00024058812214,30.480968653719422,-40.831564532029105,138.51288060301624,48.57395934883349,-50.10988583055096,144.19455556977664,55.050454144639495,-49.570201524091416,115.22887799010903,55.95277340629428,-42.45526836445504,92.81515343741691,57.29222888965015,-38.63527289892574,82.45359204531448,57.29222888965015,-38.63527289892574,82.45359204531448,52.12731677682717,-41.16844635472613,88.3379157841486,52.12731677682717,-41.16844635472613,88.3379157841486,29.703037081899424,-44.341217402809455,142.5535471678529,29.854619605957623,-42.495572177131635,149.76708499209926,31.262964209375912,-40.15136640824854,156.69426163873226,33.043971140005056,-37.95592067779026,166.00251458136674
7.22499711,32.0392,-45.5669,92.309,21.89676946371891,-43.879896317124505,91.60423322958768,20.00922867204204,-42.06724649318271,46.9794016598717,17.734655150541712,-48.090175532264894,7.405983551557242,19.1106256835547,-47.72370740657028,4.080040670398603,12.283674162260697,-35.39469955544199,2.614141856455926,10.967571145967254,-32.85496812930554,2.124603892148544,42.18163053628109,-47.25390368287549,93.01376677041232,49.480860757045996,-42.20459252872425,49.2022409204395,52.842221110511694,-46.983473436291625,9.536533646580928,52.92328179208356,-47.38350145152512,5.941690590683848,62.02140663194545,-36.56741154242171,4.9432495676487305,64.4264055599091,-33.74290635341144,4.429222123490529,30.83244043107493,-49.432387116772375,100.42286736688335,30.63590064784147,-49.75654543693414,110.33960435731909,30.64213288345428,-48.586556515125764,120.19437305691244,30.512527502142436,-47.13001544969167,130.01002737082544,30.81212690137891,-40.9076646318873,138.49752595675443,10.043341111738094,-43.03779160729435,141.635213757135,6.35973222791631,-37.74468782255658,112.65831261924546,5.5928282302789,-31.953635034242513,89.86166663565025,4.4921005313902995,-29.050939054032057,79.17938151446792,4.4921005313902995,-29.050939054032057,79.17938151446792,9.19718891538992,-32.386030927148106,85.04946296623595,9.19718891538992,-32.386030927148106,85.04946296623595,30.81212690137891,-40.9076646318873,138.49752595675443,48.895459815239455,-50.233726327742474,144.13158602136068,55.32804157043314,-49.684851286535554,115.15629741551777,56.231111296652486,-42.59141333123215,92.73579105897339,57.574478756824,-38.80431405538016,82.36266695036186,57.574478756824,-38.80431405538016,82.36266695036186,52.4068147791806,-41.31232387621493,88.25534770758324,52.4068147791806,-41.31232387621493,88.25534770758324,30.031922806603998,-44.42111624141897,142.53445132762465,30.19531343108823,-42.582907419961735,149.74963000420968,31.616471219265133,-40.247786324394475,156.67725813457585,33.40950419285044,-38.06697023029941,165.9866412723445
7.23333044,32.3195,-45.5741,92.2755,22.180380432797442,-43.86132804880539,91.58539750386538,20.151185238120682,-42.0538930433532,46.96657134479921,17.740825921102566,-48.09298381337536,7.403655244942556,19.112436113673247,-47.726711032777835,4.075890293292639,12.284202152170362,-35.39740227698428,2.618520206015239,10.96888323658972,-32.85749966059757,2.1277645290356295,42.458619567202554,-47.28687195119461,92.96560249613461,49.69006191492925,-42.354777951188225,49.12948961421262,53.03304605315954,-46.946410521242285,9.440118907647381,53.094036408455665,-47.31480593331699,5.841500444886545,62.282269635966806,-36.570253853438196,4.897290849705208,64.70959060872943,-33.762642803566344,4.395786405632951,31.113753669563998,-49.44320335443936,100.38779424847287,30.92841539275317,-49.787592224249494,110.30406497238414,30.950374041928153,-48.634961756789366,120.16085653270483,30.83627936461312,-47.19297724193273,129.97885236199312,31.161245444018462,-40.98255066672179,138.47414756269978,10.391248499552745,-43.07081275855621,141.63189631817292,6.610360989476439,-37.630917727183956,112.69473762344617,5.782616265360816,-31.722640655926835,89.93032234518884,4.640543235749589,-28.759825524132353,79.26890327825839,4.640543235749589,-28.759825524132353,79.26890327825839,9.366129289947896,-32.13297420463937,85.10064874401084,9.366129289947896,-32.13297420463937,85.10064874401084,31.161245444018462,-40.98255066672179,138.47414756269978,49.22827575861557,-50.362305686289815,144.071253978011,55.614760590319065,-49.80597938247248,115.08591226572301,56.484797999587116,-42.68709732881408,92.67216524625805,57.812388300849115,-38.93677081815435,82.28366122083159,57.812388300849115,-38.93677081815435,82.28366122083159,52.65415373424735,-41.429561047474564,88.19104336373417,52.65415373424735,-41.429561047474564,88.19104336373417,30.377378743525508,-44.49940816686667,142.50739605635013,30.5511293303732,-42.666638026110036,149.72371616061525,31.982197850357572,-40.33845574449461,156.65163948995297,33.78110513822273,-38.169568985297666,165.9626761283647
7.24166377,32.6048,-45.5774,92.2409,22.46909228095158,-43.83877531264309,91.56548306170531,20.29817269337865,-42.03615601914638,46.953133044282936,17.751901123155037,-48.091034630715214,7.401145410538945,19.11914851909425,-47.72495011403637,4.0715648771165345,12.289734334068402,-35.39528154699689,2.6227943927655737,10.97521428845249,-32.85519860876856,2.1308330106477382,42.740507719048416,-47.31602468735691,92.91631693829468,49.90299467366291,-42.50100869891876,49.05587343955584,53.229701757125156,-46.90592033462227,9.343979085943275,53.2710009021924,-47.242444697171784,5.741960821466073,62.54891486447269,-36.57063101457597,4.851305875662033,64.99845315857519,-33.780186522768815,4.36216857032893,31.400021679483025,-49.45009312419266,100.35162500574043,31.225806370209966,-49.8147180264916,110.26737393091186,31.26344964843102,-48.679470585789446,120.12613527665829,31.164840430196595,-47.252062939290845,129.9464286874071,31.515220681252927,-41.053620742855905,138.44946283782213,10.744106287357084,-43.09983630604401,141.6273233672759,6.866766389184128,-37.512910922070496,112.73097028063279,5.978874647183926,-31.487313462862502,89.99959712030491,4.795823082003883,-28.464331129232303,79.35955822772803,4.795823082003883,-28.464331129232303,79.35955822772803,9.541572390158027,-31.875445219209446,85.15271927529764,9.541572390158027,-31.875445219209446,85.15271927529764,31.515220681252927,-41.053620742855905,138.44946283782213,49.565673192474,-50.48713567178784,144.0095841553629,55.90611534024902,-49.9233687246466,115.01427967618852,56.74323017609898,-42.779018690570034,92.60738333639638,58.05520826504477,-39.06551083187049,82.20368045192458,58.05520826504477,-39.06551083187049,82.20368045192458,52.90632172845177,-41.54301925977605,88.1256286260234,52.90632172845177,-41.54301925977605,88.1256286260234,30.7276380046255,-44.57385414075295,142.4790406623351,30.91176353060841,-42.746533012363265,149.69648527846638,32.35275861161704,-40.42531255458899,156.62468708452104,34.157548064927205,-38.268376604667715,165.9373613955639
7.2499971,32.8955,-45.5802,92.2071,22.763248043766545,-43.815972670910675,91.54638293748555,20.450537799147856,-42.017712000215184,46.94098267995321,17.768490077878166,-48.0879050069118,7.400318085484351,19.13135393787592,-47.721940760043246,4.068927668147176,12.300457936025115,-35.392068667161254,2.6289016319004217,10.986668156792373,-32.851836556002745,2.135761162741,43.02775195623345,-47.34442732908932,92.86781706251445,50.12001456975838,-42.64595304212383,48.98332945418614,53.432765035441676,-46.8643856420221,9.250027421228566,53.45477509669827,-47.168789289585725,5.644983202338395,62.821552989243465,-36.57056875186106,4.807275409920527,65.29310335104014,-33.797470999365416,4.330367364479574,31.691763048301276,-49.45652323068122,100.31624536291562,31.52858904597372,-49.84142385821464,110.23141579979107,31.581821833785675,-48.72361453170483,120.09209770421681,31.498609898505553,-47.31083905219256,129.9146493207122,31.87422995852534,-41.124453831297465,138.42538308550598,11.102145795640592,-43.129067007848754,141.62335656607607,7.129082219818266,-37.394926763310295,112.7688747111122,6.1816078291655145,-31.251899991324393,90.07136346873759,4.957883843409352,-28.168716798272968,79.45322136026897,4.957883843409352,-28.168716798272968,79.45322136026897,9.72353962192343,-31.61759582273875,85.20755096753682,9.72353962192343,-31.61759582273875,85.20755096753682,31.87422995852534,-41.124453831297465,138.42538308550598,49.90811551035276,-50.611244039397995,143.948495640133,56.20250360519861,-50.03963725115372,114.94331220973393,57.00657766900031,-42.86963250833141,92.54340151509439,58.30299208469139,-39.19288280800358,82.12470283748634,58.30299208469139,-39.19288280800358,82.12470283748634,53.163448463383816,-41.65523010003567,88.06107276631178,53.163448463383816,-41.65523010003567,88.06107276631178,31.08298735025811,-44.64807073019253,142.4512849939836,31.27742756745074,-42.82622193794167,149.66984243176935,32.72827706589971,-40.51195721329603,156.59831455912985,34.538868259772954,-38.36695756322233,165.91261949918052
7.25833043,33.1956,-45.5824,92.1652,23.06690496412505,-43.79248508166181,91.5191997946188,20.612370551267347,-41.998112561202944,46.921222370480834,17.79444795441124,-48.08325207102045,7.3923067633687936,19.152927393913025,-47.71738859817097,4.05911499341534,12.32061626733664,-35.38727121492776,2.6279298254150123,11.00756411434946,-32.84688342381441,2.133628096510489,43.32429503587495,-47.37231491833819,92.8112002053812,50.34519394713026,-42.79015624054356,48.90294468800217,53.64608112947804,-46.822692367194776,9.14935898951876,53.649188908803524,-47.09475317516868,5.5416640048959955,63.10437590770417,-36.571299328017915,4.756222127537707,65.59782800404815,-33.81581399991548,4.291387888856861,31.992853769590585,-49.462340155619806,100.27276244802005,31.84063553229671,-49.86753746337865,110.18729843264485,31.909408672193763,-48.767208090631456,120.04985005821814,31.841561488436824,-47.36910244120831,129.87461857422437,32.24246051815019,-41.1948491541856,138.39300563174083,11.469497392520662,-43.157685790203594,141.61112063303298,7.401574388123947,-37.276049953139804,112.799576350394,6.395239889642598,-31.015471350413137,90.1367444735908,5.131225256209982,-27.872027899991025,79.54101462089398,5.131225256209982,-27.872027899991025,79.54101462089398,9.916444249754797,-31.358592947835373,85.25626563066879,9.916444249754797,-31.358592947835373,85.25626563066879,32.24246051815019,-41.1948491541856,138.39300563174083,50.259473519335494,-50.735058761530055,143.87904536938876,56.50778915053542,-50.155580832558805,114.86405822924448,57.27891285588637,-42.95988937163517,92.47122690155756,58.55992476979577,-39.3199384795139,82.03771230626265,58.55992476979577,-39.3199384795139,82.03771230626265,53.42964307204818,-41.767046884099166,87.98837789186972,53.42964307204818,-41.767046884099166,87.98837789186972,31.447501392419372,-44.721826685458296,142.4152309578899,31.65226367240419,-42.90547187602725,149.63488739829288,33.112976990295955,-40.598192301123056,156.56361665181862,34.9293724111434,-38.46515948429976,165.87953953491933
7.26666376,33.5008,-45.5881,92.121,23.375087714226126,-43.773931265826626,91.49624619274802,20.779378823450237,-41.98258565274776,46.90614102917109,17.81041889475832,-48.08178933190373,7.390450840184236,19.16306166312561,-47.71732946672967,4.054732567988428,12.33248775757504,-35.38523478908497,2.6323184291319497,11.02080390164273,-32.84441409105834,2.1366109272056195,43.62651228577387,-47.40226873417337,92.74575380725197,50.509839619397674,-42.86743277930732,48.81081133624558,53.700577827191324,-46.811412924920916,9.039351845923491,53.674346976785095,-47.093571717230255,5.432526621157326,63.1982312615425,-36.6403709489163,4.545518826450096,65.70632364146074,-33.90736986203085,4.029523388021595,32.304658268357265,-49.47271341753151,100.22730165418588,32.16910455588908,-49.89256716361134,110.1414696507118,32.25706749458958,-48.80946443154607,120.00577550736527,32.20601811242225,-47.42736673872928,129.83291033744118,32.632704395697345,-41.26496883106808,138.3586262950202,11.858876807549457,-43.19488019796701,141.59104308340318,7.698969176810742,-37.17025779972624,112.82220898985088,6.649272369208495,-30.78681002999521,90.19564863651334,5.359135765693614,-27.57156933552918,79.62463942964077,5.359135765693614,-27.57156933552918,79.62463942964077,10.154575939565651,-31.105532757493787,85.3020866398572,10.154575939565651,-31.105532757493787,85.3020866398572,32.632704395697345,-41.26496883106808,138.3586262950202,50.62647523093715,-50.86640662998886,143.8140449006204,56.81983402675767,-50.27424173179773,114.78753341199015,57.53406771705458,-43.02775859254197,92.40919892105615,58.77736072232116,-39.415997227814756,81.96133487244875,58.77736072232116,-39.415997227814756,81.96133487244875,53.66916028140841,-41.85342093350595,87.934927149141,53.66916028140841,-41.85342093350595,87.934927149141,31.83352099940084,-44.79501342890861,142.3773223681689,32.04677174033859,-42.98206760350585,149.59758988801497,33.51067575170668,-40.6808735963894,156.52766944669332,35.327243387581376,-38.5579660613866,165.84587131768328
7.27499709,33.8156,-45.5912,92.0728,23.692977886497474,-43.752750736600056,91.46930959979981,20.955960701663077,-41.963854169226465,46.88755673776936,17.835780160110506,-48.07651847157425,7.385599973516271,19.18256728148314,-47.71342903537639,4.047363859244793,12.35372544188731,-35.37935121217443,2.633856030832499,11.043398370658004,-32.83810037478443,2.1367670722262364,43.93822211350253,-47.429649263399945,92.67629040020019,50.68351124840539,-42.94153973918277,48.71514790327237,53.764578976599005,-46.79668313380381,8.926334516200946,53.70887124251433,-47.088703971946856,5.3206292700593,63.30000750401394,-36.7063880189699,4.331598600207456,65.82182115260512,-33.99625536924395,3.764403252669566,32.62602792643072,-49.48050351273528,100.17781939677562,32.50708404583059,-49.91505800541652,110.09156711328315,32.614184985621826,-48.84923497292854,119.95756578004334,32.57988926224927,-47.48318705518916,129.78701723626398,33.032380544120066,-41.332715715422594,138.32001176834595,12.25773517906245,-43.22951715163573,141.56673983020605,8.006695738002948,-37.06167532838087,112.84160949884176,6.9144058584424375,-30.555368020040337,90.25209046304899,5.598602294186201,-27.268363359815122,79.70634619463377,5.598602294186201,-27.268363359815122,79.70634619463377,10.40388928954999,-30.84961851055369,85.34570601568262,10.40388928954999,-30.84961851055369,85.34570601568262,33.032380544120066,-41.332715715422594,138.32001176834595,51.00264602212995,-50.99537012401035,143.7447382379521,57.14101242119609,-50.39040297017211,114.70681141227129,57.79842450619168,-43.0930803196306,92.34326085060073,59.00407865854806,-39.509535100032295,81.88127908064605,59.00407865854806,-39.509535100032295,81.88127908064605,53.91797111228453,-41.93724429034301,87.87763538000704,53.91797111228453,-41.93724429034301,87.87763538000704,32.2289325529455,-44.86580298849337,142.33518209329392,32.45068223200731,-43.05627385554018,149.5560506628865,33.91778758170748,-40.76117119926498,156.4874731137648,35.73453118275204,-38.64839426892559,165.80794288824984
7.2833304199999995,34.1312,-45.5956,92.0258,24.011733232033656,-43.73307467725082,91.44359164885512,21.13320832845519,-41.94626926429258,46.87066799507511,17.861739127331653,-48.07200128345985,7.382977809582506,19.202636139955004,-47.710243141826304,4.042226981984074,12.375261516808123,-35.37432772488955,2.6376958924769918,11.066226073378141,-32.83267992823464,2.1392352917237183,44.250666767966344,-47.458125322749176,92.60800835114489,50.857303374662635,-43.0161436877781,48.62113242034434,53.82927374746043,-46.78211156083747,8.815483854188592,53.74396231838257,-47.083758801012635,5.211150247797058,63.40063621185777,-36.77270450305197,4.119651471077015,65.93517815483848,-34.08574965411762,3.501230579887404,32.94825727489962,-49.489608886200116,100.1295302680819,32.84588976012327,-49.93887668541509,110.04280714189647,32.97206396284611,-48.89034963547823,119.91043350979864,32.954458530636465,-47.54035653045647,129.7421468755122,33.4326412571036,-41.40183982637635,138.282345684664,12.657273570565586,-43.26588315618362,141.5433928774769,8.31571384935798,-36.954830075098215,112.8629432674218,7.1813700995317244,-30.32580219141055,90.3112081719902,5.840245658609679,-26.96715462123359,79.79125890575466,5.840245658609679,-26.96715462123359,79.79125890575466,10.655117408161756,-30.595427859749858,85.3922582894179,10.655117408161756,-30.595427859749858,85.3922582894179,33.4326412571036,-41.40183982637635,138.282345684664,51.37932152460283,-51.125328974427795,143.67636227750828,57.46263508091197,-50.507401554623215,114.62712504966564,58.06317627619618,-43.15926429296554,92.27861880659417,59.231218797992,-39.6039768247207,81.80273848481299,59.231218797992,-39.6039768247207,81.80273848481299,54.167252276144794,-42.02200889617197,87.82170141216251,54.167252276144794,-42.02200889617197,87.82170141216251,32.624973085581736,-44.93794831983688,142.29400817535122,32.85520090774014,-43.13181258326365,149.5154609622548,34.32547389702807,-40.84274935098215,156.44820921659718,36.14235947872528,-38.74003061998915,165.77092562372616
7.29166375,34.4542,-45.6003,91.9854,24.337989538312524,-43.713706736759754,91.42448417392501,21.317861154465994,-41.92837576481436,46.86087211076638,17.89498270002727,-48.06654050276294,7.3879495381224345,19.229972697825996,-47.706084349443465,4.044693204708635,12.404054539207365,-35.368331327950735,2.6492532481044644,11.096298076313424,-32.82629058316877,2.1494411128701594,44.57041046168747,-47.48689326324024,92.54631582607499,51.03796871935268,-43.090355262425746,48.53421242211233,53.90140408912278,-46.766743323420435,8.712237478645186,53.78636908495842,-47.077767563362116,5.1095272885819325,63.50709742600358,-36.83855135985307,3.9151851862514366,66.05343271183942,-34.17512685729377,3.245543378361539,33.27785815769916,-49.49904712768638,100.08781282945453,33.19200502884937,-49.963087017752,110.00056599197677,33.33718814663001,-48.93192249557267,119.86976051994662,33.336215684266534,-47.598038364820425,129.703688078173,33.84007697956576,-41.47155624952437,138.25104921667983,13.064042181627734,-43.302731743878454,141.5264367088318,8.632740038277351,-36.84827728314788,112.89166238514115,7.457046504671766,-30.096559439571884,90.37847617981305,6.091025078500362,-26.666322451060978,79.88486286042891,6.091025078500362,-26.666322451060978,79.88486286042891,10.915140805150157,-30.341461568256086,85.44721943646002,10.915140805150157,-30.341461568256086,85.44721943646002,33.84007697956576,-41.47155624952437,138.25104921667983,51.76291342968748,-51.25583885896853,143.6143258495524,57.79122387082418,-50.624783899989716,114.55390664225204,58.33499295630296,-43.225720289218884,92.22075471276739,59.46552345674738,-39.69868370490506,81.73121828109697,59.46552345674738,-39.69868370490506,81.73121828109697,54.423698712491294,-42.1070379116325,87.77260752670178,54.423698712491294,-42.1070379116325,87.77260752670178,33.02815690765585,-45.01066954827436,142.25920215131706,33.26685955856309,-43.207944541429235,149.48123199732606,34.740292628853595,-40.92492659270414,156.41530262976653,36.55730852179207,-38.83227511265948,165.74025858217058
7.29999708,34.7854,-45.6072,91.9583,24.673829606837817,-43.69659362738734,91.39500408925878,21.500021323265457,-41.90912307112978,46.842159149349044,17.918054958332128,-48.052849438793636,7.384220493487177,19.240666766540635,-47.69713328438932,4.035541072299891,12.41343499589739,-35.35903112684246,2.649646956626877,11.10645869787474,-32.817097962154634,2.1472536569431098,44.89697039316219,-47.51780637261266,92.52159591074121,51.18989650640291,-43.064348121178476,48.489903997006785,53.90586523578606,-46.71177412562569,8.654937232955199,53.7770168159123,-47.01818321973995,5.0522991168880145,63.50823747444457,-36.79170591848094,3.8344865279446796,66.05507734322606,-34.132530250434435,3.1500414469816453,33.59672145991607,-49.51045753509032,100.05673978168662,33.52845772739367,-49.98538920151819,109.96911381697434,33.695451463990985,-48.9705063015123,119.83965102786681,33.71896642088569,-47.650403359189426,129.6754099873408,34.25322054481396,-41.53180452846156,138.22657146550745,13.474335466674095,-43.33734493842413,141.4981074316017,8.987658013010154,-36.74162301630459,112.90417626792896,7.784076586580531,-29.878761844203915,90.42609737932224,6.384943176910622,-26.36385211681148,79.96491694205363,6.384943176910622,-26.36385211681148,79.96491694205363,11.224573368931305,-30.088136942577773,85.4809148476744,11.224573368931305,-30.088136942577773,85.4809148476744,34.25322054481396,-41.53180452846156,138.22657146550745,52.159942501023636,-51.36820949599554,143.54817225264574,58.118579790657485,-50.71825355399264,114.47380346217945,58.58958019579185,-43.276251794719926,92.15326873127873,59.67339400245179,-39.75837051011577,81.65572998494447,59.67339400245179,-39.75837051011577,81.65572998494447,54.6593952742003,-42.17166247059253,87.71826983391492,54.6593952742003,-42.17166247059253,87.71826983391492,33.43965053988697,-45.07199399672026,142.23343925318315,33.68802463285944,-43.27185927133458,149.45578906352193,35.16293791635891,-40.993940402147096,156.39122184987755,36.97841839333413,-38.90800135681207,165.71798063432504
7.30833041,35.1304,-45.621,91.9386,25.02351282319784,-43.68646143927099,91.37294377715382,21.695945687451378,-41.89603240230397,46.83143770617902,17.95488655563497,-48.04446510385101,7.388998233235661,19.26506702419941,-47.693399529216435,4.034945468937108,12.43634705445423,-35.35501679179715,2.6589163995650003,11.130083870833259,-32.813217492272926,2.153997494240026,45.23728717680216,-47.55553856072901,92.50425622284617,51.355545450417644,-43.04503916971133,48.45375777854971,53.92423372364074,-46.66335794442411,8.606369037384162,53.78159235310892,-46.96514402105276,5.003860404921793,63.52311696037948,-36.75131341950283,3.762520899071593,66.07033200634946,-34.096352205432964,3.0632712433914087,33.929398717407665,-49.52875783189566,100.03305041994635,33.87869146636981,-50.01468939699143,109.94499666319928,34.067429995159564,-49.01620614741898,119.81681453066794,34.115377075798804,-47.710013420481445,129.6543416934235,34.679952110795796,-41.59942088934752,138.209279197246,13.89825977995746,-43.37948209907692,141.47694423454587,9.356801943588463,-36.64236413225686,112.92465669288588,8.125802446389804,-29.66832321367233,90.4823106536723,6.6939321935459155,-26.06886241160598,80.05436309222605,6.6939321935459155,-26.06886241160598,80.05436309222605,11.548786356536663,-29.841962621862574,85.52360953147316,11.548786356536663,-29.841962621862574,85.52360953147316,34.679952110795796,-41.59942088934752,138.209279197246,52.57042609930808,-51.4877532354802,143.4891288843859,58.45931129047173,-50.81853285114459,114.40098874235409,58.857463671188555,-43.33345470496994,92.09344333575706,59.89457849592763,-39.82470043644855,81.58813528914065,59.89457849592763,-39.82470043644855,81.58813528914065,54.90848606073526,-42.242995187812554,87.67166086868798,54.90848606073526,-42.242995187812554,87.67166086868798,33.864764239578584,-45.14071328557168,142.2148433261878,34.12279308868819,-43.34321931894064,149.43751236577782,35.59916145196072,-41.0704194797389,156.37431486039682,37.413081252729356,-38.991219789250664,165.70288195775177
7.31666374,35.4828,-45.6375,91.9322,25.380668797398926,-43.67895304144058,91.3642089907829,21.899254827409667,-41.88468743893842,46.8346180431081,17.998953672391337,-48.037043890222314,7.408219010397694,19.296662668588414,-47.69057775928292,4.048843707621737,12.46650061926389,-35.35186931815863,2.6829295870068215,11.160929244246931,-32.810209229866985,2.1755267241634577,45.58493120260107,-47.59604695855943,92.50019100921709,51.52851125435243,-43.02863922307381,48.431645026892575,53.94997608933386,-46.61795082624473,8.572416108632112,53.79355109357101,-46.91512337596666,4.97009608675838,63.5453038212137,-36.71396347413781,3.7050994874614807,66.09279307857025,-34.06321483330582,2.991024038800539,34.26943818084449,-49.549702490804975,100.02265905503853,34.23625668194449,-50.04670799527347,109.93413036645637,34.446699518142616,-49.06471383879784,119.8071633518029,34.51904956794439,-47.77253250977904,129.64639156968812,35.1139751694646,-41.67005188811933,138.20506176644903,14.329501114307117,-43.42448579290397,141.46889214871885,9.733933768057534,-36.54585607824515,112.95903533296656,8.476072970455922,-29.460633446466776,90.5530337103657,7.011885414684576,-25.77675414793687,80.1591100553521,7.011885414684576,-25.77675414793687,80.1591100553521,11.881630933643455,-29.598377544619353,85.58122439832505,11.881630933643455,-29.598377544619353,85.58122439832505,35.1139751694646,-41.67005188811933,138.20506176644903,52.987933280631296,-51.610350141898984,143.44310347172055,58.807133359495616,-50.921597452818084,114.34139816403403,59.132539634611035,-43.39329245249205,92.04722321141061,60.12305972786049,-39.89364144009545,81.53438469999207,60.12305972786049,-39.89364144009545,81.53438469999207,55.16489872054144,-42.316945921920315,87.6387098525075,55.16489872054144,-42.316945921920315,87.6387098525075,34.2971479962853,-45.212448972978024,142.20931492457234,34.56484876820697,-43.4176298086757,149.4322971318511,36.04268645389216,-41.149970567524775,156.37046899793307,37.85506307110787,-39.07753607393694,165.7008412709754
7.32499707,35.8311,-45.6569,91.9325,25.733764348406382,-43.6744431841369,91.36219085375178,22.098446067469055,-41.87554002647388,46.845087279107204,18.038923798225383,-48.03105156719813,7.435256826445716,19.324109051937643,-47.689105807459995,4.070607988210489,12.492340472973705,-35.3501399347049,2.7150932245630677,11.187395640807106,-32.808645414730115,2.205255137676837,45.92843565159362,-47.6393568158631,92.50280914624823,51.697332561224236,-43.014919220417276,48.41700068568031,53.971773400341704,-46.57514605012779,8.546504281943818,53.80158638254894,-46.86770379352717,4.944430408554785,63.563364687722995,-36.67911040601422,3.6557061926883367,66.11099534485106,-34.03253750385714,2.9268004868325863,34.60539614199913,-49.57353814441074,100.01895154890133,34.589706487299175,-50.08172405189992,109.9298990292669,34.82178366257394,-49.116338077824125,119.80408502843535,34.91847629514108,-47.83830017964521,129.64495128634303,35.54366395836478,-41.74405710783141,138.20733316952266,14.756455370534372,-43.473095314552715,141.46729863647593,10.107366296997867,-36.45283642083345,113.00067506620545,8.823101935000226,-29.256395951355756,90.63164710659652,7.326964157584855,-25.488233917072236,80.2725454339012,7.326964157584855,-25.488233917072236,80.2725454339012,12.211324577767481,-29.358027246179034,85.6471406400091,12.211324577767481,-29.358027246179034,85.6471406400091,35.54366395836478,-41.74405710783141,138.20733316952266,53.40102480751649,-51.736031059256035,143.40349607086011,59.150514291009955,-51.02726458820573,114.28841849224611,59.40305295788791,-43.45546424154132,92.00803326281203,60.34697927906702,-39.96482179125539,81.48791543004462,60.34697927906702,-39.96482179125539,81.48791543004462,55.41684136119525,-42.393260775949116,87.6128623655002,55.41684136119525,-42.393260775949116,87.6128623655002,34.72523339297526,-45.287589265234125,142.21025439671274,35.002581479851244,-43.49549979108394,149.43355037970045,36.48185607822687,-41.23300594389948,156.3731022208897,38.29265341050887,-39.16736894630576,165.7052883153679
7.3333303999999995,36.1852,-45.6791,91.9363,26.093618986715022,-43.672948769507016,91.34729685680159,22.29080649078715,-41.85774314504001,46.84485031830532,18.082459472811344,-48.015080888579256,7.450919478919907,19.35373469219756,-47.67867660460862,4.080432671661832,12.51677819301998,-35.341697122992294,2.733018815962188,11.212173463973237,-32.80089280183797,2.2188882999914057,46.27678101328498,-47.68525123049298,92.52530314319841,51.87681638594116,-42.9299299497502,48.43164571277069,53.98472883571157,-46.54642574901841,8.55706179107969,53.8098660395655,-46.846764868123444,4.955852374833643,63.550197087192984,-36.64218279376882,3.6318369782523816,66.0921305698865,-33.99166108067709,2.897410373620681,34.93493171065042,-49.59520667954159,100.01924752139321,34.926748165337465,-50.11205902216916,109.92975586990423,35.1772808597415,-49.161027461575316,119.80488378705999,35.307125451888645,-47.89458436577445,129.6468673933961,35.97329006996761,-41.8060260010467,138.21020339561647,15.187057299353878,-43.49471421459193,141.49742838993882,10.54100013689596,-36.36770023792269,113.05684917186495,9.258299405536732,-29.087862288638828,90.71473332519687,7.71612260743989,-25.228730211514975,80.39595184841437,7.71612260743989,-25.228730211514975,80.39595184841437,12.628796935317382,-29.135921004034255,85.71742174054287,12.628796935317382,-29.135921004034255,85.71742174054287,35.97329006996761,-41.8060260010467,138.21020339561647,53.819581184997446,-51.8319022668034,143.37902215635324,59.50229794431602,-51.09998315543048,114.2514107491718,59.68210225836603,-43.5041758901163,91.97849256055427,60.57646621661301,-40.016666389361255,81.45300675593717,60.57646621661301,-40.016666389361255,81.45300675593717,55.67691879183993,-42.46175335521047,87.59585100885437,55.67691879183993,-42.46175335521047,87.59585100885437,35.157533151601676,-45.34932993224881,142.2138723371332,35.451145359909404,-43.56024569090231,149.4372704952717,36.93823693904666,-41.30209520407199,156.37656631809025,38.748887169956156,-39.244491020825215,165.71055535026684
7.34166373,36.5367,-45.7048,91.9411,26.45099948619781,-43.67478879327751,91.33342043273511,22.480822718549625,-41.842854230581096,46.84627830782867,18.12367913846994,-48.0015603896503,7.468741336113268,19.381036568483914,-47.67068271891956,4.092491626183559,12.539013330648011,-35.33561789310649,2.753292329625134,11.234732729317725,-32.7955172408508,2.234880259642451,46.6224005138022,-47.73481120672249,92.5487795672649,52.053130625912196,-42.849794227485674,48.44812331577596,53.99599261198313,-46.52399515358304,8.57043137469509,53.816609062986394,-46.832167774846674,4.970106247508264,63.53534113878535,-36.611612501514074,3.6110412219889527,66.07155985517615,-33.957137471006874,2.8711557209533076,35.26180673507448,-49.6203000201517,100.02049414249235,35.261086646514926,-50.14590359141624,109.9305455756458,35.5300308482355,-49.20936039928732,119.80657387177972,35.69300059388201,-47.954715241448866,129.6495757223493,36.400194824098044,-41.87205411080301,138.21381250308343,15.615037904450439,-43.52020730870485,141.52830065389512,10.972364971378152,-36.286175223918576,113.1142004662629,9.691531107381424,-28.922795331345554,90.79937123970393,8.103360008783095,-24.973127907416647,80.5219055680125,8.103360008783095,-24.973127907416647,80.5219055680125,13.04418835137093,-28.917183028207415,85.78984589104283,13.04418835137093,-28.917183028207415,85.78984589104283,36.400194824098044,-41.87205411080301,138.21381250308343,54.235204291310154,-51.93203690387943,143.3552298511948,59.851122388536886,-51.17665336624139,114.21526448957663,59.958223063639664,-43.55664731729554,91.95014514340151,60.80312592413411,-40.07230733317896,81.41952432303775,60.80312592413411,-40.07230733317896,81.41952432303775,55.93423376722172,-42.533975239418915,87.58009499770006,55.93423376722172,-42.533975239418915,87.58009499770006,35.58707640792654,-45.41517461478561,142.21818044665966,35.89696518663386,-43.62921051651843,149.4416707863107,37.39189046398812,-41.37551211443642,156.38073076804312,39.20240808106571,-39.32608559646513,165.71654446541774
7.34999706,36.8908,-45.7413,91.9417,26.8110315826136,-43.68763380494042,91.31536253414853,22.673545841269373,-41.838678354636535,46.84417323441241,18.167843939575896,-47.998513648018715,7.48353478403309,19.41124559959602,-47.673106191255386,4.1015897604494675,12.563849766627262,-35.34011771774961,2.7707529488847444,11.259787750459836,-32.80077865294177,2.2480774694233334,46.970568417386396,-47.79496619505959,92.56803746585146,52.231390523126514,-42.78132127974831,48.46122146554455,54.01084130491365,-46.51464653785572,8.581394270302411,53.82710417834966,-46.83071456822076,4.981973273516516,63.52371497148292,-36.59385033193554,3.58808994469869,66.05410484395115,-33.935325789759744,2.84280612523178,35.5913678932004,-49.65615237694969,100.01749779470794,35.598091505856615,-50.19057537015174,109.92707527802023,35.88537229322947,-49.268628072929666,119.80396051430557,36.081396592983204,-48.02596485099234,129.64787953221457,36.829454443373336,-41.949373529173464,138.21295332676328,16.04553211081852,-43.557525670373714,141.5547205246815,11.406335193559176,-36.216480243575894,113.16751168611158,10.127410551844974,-28.769545497655628,90.88031767495751,8.49315492735865,-24.729877975396036,80.64514519500878,8.49315492735865,-24.729877975396036,80.64514519500878,13.462107616494439,-28.710082503071106,85.85916781145082,13.462107616494439,-28.710082503071106,85.85916781145082,36.829454443373336,-41.949373529173464,138.21295332676328,54.653373619079574,-52.04298285472906,143.3268505530427,60.20227389390405,-51.26362378764032,114.17468036239309,60.23630056235093,-43.619226914330675,91.91769177747513,61.03165944456851,-40.13806336706665,81.38216305621287,61.03165944456851,-40.13806336706665,81.38216305621287,56.19361031161559,-42.61642044811963,87.56031630129284,56.19361031161559,-42.61642044811963,87.56031630129284,36.01907088217952,-45.49237866546994,142.21797769372083,36.345188422166636,-43.709625505091005,149.44154675767888,37.84788731828648,-41.460422694023244,156.38038630365378,39.65821662294566,-39.4192367921695,165.71804170579654
7.35833039,37.2364,-45.7672,91.9402,27.162686879564284,-43.689731033907634,91.29521823895223,22.85804225822446,-41.82340269866421,46.840623926563794,18.203829971953883,-47.98411447011031,7.49740699970976,19.43326256562408,-47.66417575494488,4.10983787720323,12.580589239172298,-35.33321199073491,2.7874302521961223,11.276724152636987,-32.794652783824084,2.260492614498302,47.31011312043572,-47.84466896609237,92.58518176104778,52.400638755027785,-42.70358191562762,48.47305332732668,54.018235017538466,-46.49743573000342,8.592044873970615,53.83030363023106,-46.821448326083875,4.993546926931334,63.50465343508556,-36.56829972306782,3.5651000158487096,66.02919948758901,-33.90572291430862,2.81448321224852,35.912371793037124,-49.68133332966954,100.01235042843211,35.926490373251326,-50.22466109742227,109.92143588789212,36.23205486398533,-49.31744196447623,119.79913616818101,36.46109575318172,-48.08696385337798,129.64387298180807,37.25005310416757,-42.0166542649322,138.2097313477133,16.467465856189225,-43.58465769159394,141.57876999013715,11.832055943433991,-36.13635328378881,113.21889590668252,10.555308629015318,-28.605729835463382,90.95971512627966,8.875001461398718,-24.476523391567845,80.7678221324825,8.875001461398718,-24.476523391567845,80.7678221324825,13.87193078712011,-28.492319241122107,85.92753450452537,13.87193078712011,-28.492319241122107,85.92753450452537,37.25005310416757,-42.0166542649322,138.2097313477133,55.062716955550115,-52.144040641880714,143.29599132235552,60.54448577092934,-51.34035922094774,114.13178331890747,60.505415911428805,-43.67139381913184,91.88325650359158,61.25130853485732,-40.19344750591116,81.34304803945133,61.25130853485732,-40.19344750591116,81.34304803945133,56.44418224300992,-42.68843641436869,87.53862048392064,56.44418224300992,-42.68843641436869,87.53862048392064,36.44237249668177,-45.55959076879787,142.21536239136518,36.78472346869061,-43.780163719413224,149.43900044226328,38.295203318890174,-41.535563043109164,156.37764079384345,40.10534551283874,-39.502760081301844,165.71716100863793
7.36666372,37.5826,-45.7914,91.9356,27.513731494986523,-43.69549724185909,91.27480240075728,23.029473843613143,-41.80985592105765,46.8387821876983,18.238137126305215,-47.96413236054141,7.5110215896450185,19.456169137538378,-47.6472912024584,4.119045831512906,12.588307493431511,-35.323997020117574,2.803957266856277,11.281701740581362,-32.78722297944833,2.2752142686940977,47.651468505013476,-47.88730275814092,92.5963975992427,52.60228816245127,-42.62151897238227,48.483077523655915,54.05788210166873,-46.492500689286636,8.603238926671786,53.857543146088894,-46.8159764480285,5.005362111106313,63.5154599286911,-36.55187092030916,3.5447656109831867,66.03463334571231,-33.88604032606696,2.7876750236846766,36.23879202339273,-49.70276546415293,100.00582324860585,36.259863095578304,-50.25300532443771,109.91451494561967,36.58056258158033,-49.358325737054564,119.79287914805714,36.8384566520511,-48.137610298425415,129.63811776917285,37.67053128838243,-42.07281517074553,138.20380242393597,16.89474482260138,-43.58794514884501,141.63834267231465,12.293954103136993,-36.08241035537569,113.28792126698607,11.072196645810363,-28.482505839453186,91.04921037124556,9.359502852747987,-24.27626380052084,80.89427715078627,9.359502852747987,-24.27626380052084,80.89427715078627,14.385594615743232,-28.303234894892924,86.01682106458603,14.385594615743232,-28.303234894892924,86.01682106458603,37.67053128838243,-42.07281517074553,138.20380242393597,55.471480928502274,-52.23231456765034,143.26697857672858,60.910199946284365,-51.41729091358067,114.09502640466916,60.81324410597592,-43.702642149203044,91.8624760280858,61.515573420579734,-40.22093990721566,81.32051492671323,61.515573420579734,-40.22093990721566,81.32051492671323,56.73155071567561,-42.69236279227034,87.5433556314038,56.73155071567561,-42.69236279227034,87.5433556314038,36.86698203160373,-45.6153535907362,142.21061627371992,37.230764318473604,-43.84047757238187,149.43432647483752,38.75302731733613,-41.603715497451056,156.37292303934143,40.568821288113924,-39.584853577955585,165.71436989152113
7.37499705,37.9259,-45.8156,91.927,27.86199667082903,-43.70097630758022,91.25039728750298,23.198202396611798,-41.79638407941159,46.8336701043552,18.269648759867714,-47.94439307851422,7.521889120956729,19.476288138254898,-47.630697518756016,4.125551924812421,12.593506400267813,-35.314951321100274,2.817778189734474,11.284197230710076,-32.77994961831419,2.2872255059379354,47.98980332917097,-47.93022369241979,92.60360271249704,52.80080371752207,-42.54035740082091,48.48979853657074,54.09532210834531,-46.48923068277221,8.612042811995266,53.882625753985934,-46.81222492819307,5.014832111762759,63.52417296742974,-36.537349485656804,3.522162365536464,66.03800782427332,-33.86832099832238,2.758621360798975,36.56220907399641,-49.72411651796759,99.99526800754722,36.590194859785804,-50.28131661021023,109.90355362582643,36.92601398168397,-49.3992614624516,119.78255070417806,37.21276451479711,-48.188452379466774,129.62821444700012,38.088096914326016,-42.129371313689255,138.1936316332597,17.319429862973053,-43.59118461157902,141.69371157979788,12.75354071419682,-36.02796429908345,113.35297982450012,11.586861896990396,-28.358337139298662,91.13525757384235,9.84117467121612,-24.075829027769338,81.01788829050994,9.84117467121612,-24.075829027769338,81.01788829050994,14.896545933815055,-28.113331229335586,86.10319537301741,14.896545933815055,-28.113331229335586,86.10319537301741,38.088096914326016,-42.129371313689255,138.1936316332597,55.87702480818159,-52.32138374824175,143.23366295867174,61.27268994026823,-51.49486856210653,114.05404006752607,61.11833463176945,-43.734204890043785,91.83783480992494,61.7770594537211,-40.24839257859047,81.29441719659248,61.7770594537211,-40.24839257859047,81.29441719659248,57.01647031413053,-42.696393273996335,87.54442794802873,57.01647031413053,-42.696393273996335,87.54442794802873,37.288599262452,-45.67153546256259,142.20158669027876,37.67384861653921,-43.90132070842854,149.4253276990582,39.20793918244723,-41.67251508449732,156.36387964660636,41.02941799682997,-39.66774690401568,165.7072548374934
7.38333038,38.2721,-45.844,91.912,28.213172973469874,-43.710894344494896,91.21959683175633,23.369914460980308,-41.787811290196636,46.82287734937263,18.304444637266965,-47.92998727639734,7.527591763063576,19.499694530123392,-47.6194351686669,4.126941100968031,12.601666965646634,-35.31145248256501,2.8264262343343955,11.289570585449631,-32.77827518695231,2.2940483957965356,48.33102702653013,-47.977105655505106,92.60440316824368,53.001862126433615,-42.46345981710499,48.49083256589725,54.136485029370064,-46.49085983464185,8.616060345144987,53.911503042373276,-46.81343325263911,5.019559359585752,63.53624619036934,-36.527503066646005,3.494921519317189,66.04464773429257,-33.85520894745033,2.7249608355444708,36.888620149960744,-49.74967010037708,99.97827717885122,36.92350425149307,-50.313891737909216,109.88614355277859,37.27437344913299,-49.444539640724415,119.76574358403836,37.58991266435775,-48.243773821649455,129.61175676155324,38.50831944247965,-42.19056520767603,138.1768157929679,17.747160401207175,-43.59971325522391,141.74242456049726,13.216079617692401,-35.97859445028495,113.41161841710858,12.104178213315523,-28.238872508360004,91.21540518672556,10.324686529910734,-23.880966064231437,81.1361928363591,10.324686529910734,-23.880966064231437,81.1361928363591,15.40964582960464,-27.92810469922074,86.18420319128086,15.40964582960464,-27.92810469922074,86.18420319128086,38.50831944247965,-42.19056520767603,138.1768157929679,56.28545534051575,-52.41456469742615,143.1936138292003,61.63798393469008,-51.57611200992576,114.00638791820681,61.426307508802594,-43.76913163121373,91.80688898924157,62.04120800236543,-40.27882771802099,81.26231043875262,62.04120800236543,-40.27882771802099,81.26231043875262,57.304510169652204,-42.70380992790088,87.53938823635079,57.304510169652204,-42.70380992790088,87.53938823635079,37.71297655920653,-45.73242269359582,142.1858683418204,38.119633253629154,-43.966964613496195,149.40960003692038,39.665476473206326,-41.74615793687012,156.3481083743111,41.49256967718201,-39.75554912855939,165.69341454814304
7.3916637099999996,38.619,-45.8718,91.8956,28.565130287221173,-43.72011837125345,91.18740173892955,23.542512083679142,-41.778922588303715,46.81140408745465,18.340196580350845,-47.91553123854399,7.5331311192139765,19.52406885759476,-47.60814858320865,4.128215235088158,12.610871931130234,-35.3079156257001,2.8349486550893728,11.29598706132106,-32.77657028332421,2.3007400612996154,48.67286971277883,-48.02348162874655,92.60379826107045,53.20336573192867,-42.38658632130103,48.49116833081843,54.17914353315565,-46.49324584719926,8.620276882156517,53.941936659563126,-46.815458395370385,5.024529141210063,63.54974916180383,-36.51848095798432,3.4680087989884867,66.05270246431837,-33.842930071490095,2.691654602238393,37.215698856030926,-49.774567694043824,99.95985775754737,37.257450268699934,-50.34585669033583,109.8672925790668,37.62333308102041,-49.48928266282005,119.74746412329789,37.96763701700079,-48.29869170468799,129.59374905775326,38.929138524710055,-42.25153128703438,138.15835106133966,18.17583052401985,-43.608009802241135,141.78948888663223,13.679689124314606,-35.92861902005298,113.46885345293653,12.62248950422939,-28.11838575967499,91.29467730991428,10.808510739227737,-23.685911612670466,81.2542034761192,10.808510739227737,-23.685911612670466,81.2542034761192,15.923247174004889,-27.741924888762448,86.26486992487557,15.923247174004889,-27.741924888762448,86.26486992487557,38.929138524710055,-42.25153128703438,138.15835106133966,56.694350715896064,-52.50760345250055,143.15186769582544,62.00364339705626,-51.657051353531315,113.95709600648495,61.734920214871195,-43.80345397295946,91.77466380721448,62.305863601874336,-40.30829997147023,81.22922009983189,62.305863601874336,-40.30829997147023,81.22922009983189,57.593448824191796,-42.71049059012971,87.53328053327219,57.593448824191796,-42.71049059012971,87.53328053327219,38.13793718255723,-45.79311801034525,142.1684621582351,38.56600168121493,-44.03251373613305,149.3921416138252,40.12360023392238,-41.819791487401886,156.3306038714925,41.956305418969116,-39.843456756020366,165.67784053377073
7.39999704,38.9671,-45.9,91.8777,28.914797420739472,-43.74772171204368,91.14935541384324,23.702808425214748,-41.759532187165554,46.7972824592034,18.367991398114057,-47.90373039023759,7.537973557762932,19.54413300763376,-47.598038401201194,4.130227504167481,12.618208268484867,-35.304372166493366,2.8426336173964897,11.300202684613334,-32.77450002211399,2.309137132987491,49.01940257926053,-48.05227828795632,92.60604458615677,53.39660518027461,-42.36362315383141,48.48458266109507,54.21860766743675,-46.50950307171843,8.614283297940545,53.967409690573014,-46.82267426910831,5.018686932781499,63.5693805582966,-36.52198927793034,3.4506929379242592,66.06913468924965,-33.844813237932826,2.6696478974519477,37.547831820536594,-49.80029415099492,99.94036000306211,37.59716191333661,-50.37445950086047,109.84759371047802,37.97410892526453,-49.52507069820453,119.72796964727928,38.339921671381255,-48.340486627647145,129.57420347829103,39.340132723618204,-42.29861774250149,138.13810679229988,18.595233567499314,-43.60327753908762,141.83567500095128,14.157868002017512,-35.90395215173683,113.51118211832457,13.205526020188511,-28.035966647873064,91.35267695437827,11.398852600426638,-23.543856931245802,81.33742147690927,11.398852600426638,-23.543856931245802,81.33742147690927,16.521202053568352,-27.603712492518575,86.33718743695833,16.521202053568352,-27.603712492518575,86.33718743695833,39.340132723618204,-42.29861774250149,138.13810679229988,57.09700132312162,-52.59374551439857,143.08067197045213,62.379548330987326,-51.74151731764249,113.88109790077874,62.08496963878632,-43.817708923504576,91.72397746135587,62.61039350506456,-40.30643825957584,81.1815219164535,62.61039350506456,-40.30643825957584,81.1815219164535,57.92383970380179,-42.69769744017763,87.50897351664936,57.92383970380179,-42.69769744017763,87.50897351664936,38.554784862381204,-45.840279355228986,142.14930223129096,39.00891657347282,-44.088973791399276,149.37365027894066,40.58303431867957,-41.88749179110909,156.31196000315472,42.42893466871553,-39.927699798704346,165.660083222852
7.40833037,39.3158,-45.9264,91.8584,29.265141797085974,-43.773354860267986,91.10990743191847,23.863612682320866,-41.739392907456,46.78259548717207,18.396510300730572,-47.892163625352936,7.542832698233106,19.56494650437269,-47.58823986413274,4.13227892663176,12.626421863295501,-35.30111228112938,2.850119590136232,11.305322880039785,-32.77271400423288,2.317287614061655,49.36645820291403,-48.079445139732016,92.60689256808153,53.59037211618245,-42.33937191168771,48.477149618003224,54.25873229691718,-46.524786579477265,8.608109268159595,53.993536209609225,-46.82893897129804,5.012743890144969,63.58986341604262,-36.52475618859076,3.433224239230454,66.08645613777799,-33.8460044568959,2.647484103231435,37.880495141036825,-49.82420018170431,99.91942702264684,37.93738685064286,-50.40124814863956,109.82645271241034,38.325405631847744,-49.55905643607791,119.70701613688796,38.71274154100191,-48.380507718629254,129.55315105646324,39.75175192739995,-42.34401946380501,138.11622928291465,19.01559671962141,-43.59661627154737,141.88025070635965,14.637149164289166,-35.877354483128826,113.55201539091746,13.78943710478136,-27.951333480741468,91.40994959809046,11.989358686085097,-23.400090545175896,81.42023657624281,11.989358686085097,-23.400090545175896,81.42023657624281,17.11955103282967,-27.463384386357244,86.40915633901564,17.11955103282967,-27.463384386357244,86.40915633901564,39.75175192739995,-42.34401946380501,138.11622928291465,57.499910532005025,-52.67844046176361,143.00781365024753,62.75566942155742,-51.82483274795742,113.80344627127798,62.43600296583011,-43.83082199722832,91.67190525592366,62.916041450766166,-40.303074864777635,81.1327865046556,62.916041450766166,-40.303074864777635,81.1327865046556,58.25551124171791,-42.683623253566,87.48345562632693,58.25551124171791,-42.683623253566,87.48345562632693,38.97220980504591,-45.88575495066847,142.12849185066463,39.45242035794893,-44.14380746112937,149.35341595207007,41.04307672947602,-41.95363045690661,156.29153158244077,42.902183085705595,-40.01046531150728,165.6405087061871
7.4166637,39.6672,-45.9557,91.8394,29.61819120036964,-43.80205235526971,91.07076564134874,24.02683423603124,-41.72384881076337,46.76905123236739,18.427825353527187,-47.88639938233656,7.5494279593622835,19.58856753612983,-47.58428064616325,4.136087704072769,12.637116032561467,-35.303920581582105,2.859122678013807,11.312856782292037,-32.77704597197947,2.3269080311641015,49.716208799630365,-48.10934764473029,92.60803435865125,53.786606777312564,-42.31811881264752,48.47054880308597,54.3015835800174,-46.5433493064132,8.603431954018134,54.022391684132664,-46.83851341231121,5.0083770337892775,63.61290939149629,-36.53070407037271,3.417277516163185,66.10628364734508,-33.85033803243681,2.6268369158963116,38.21592668045289,-49.851023085570596,99.89876515896205,38.28039402812167,-50.43094617219031,109.80557656400505,38.67947561337303,-49.595938679309015,119.6863090983643,39.08832074849788,-48.42343092199276,129.53229560327674,40.166028249891475,-42.39237077147563,138.0944157699343,19.43899489863808,-43.59330452108814,141.9249294985445,15.119390790413178,-35.85422447075862,113.59306789428702,14.375854331421344,-27.869910032729685,91.46820905340776,12.581536545887296,-23.26009096162754,81.50435173572787,12.581536545887296,-23.26009096162754,81.50435173572787,17.719909559483142,-27.326276086811657,86.48248512633175,17.719909559483142,-27.326276086811657,86.48248512633175,40.166028249891475,-42.39237077147563,138.0944157699343,57.90544160687456,-52.765723363988634,142.935051945221,63.13443944237792,-51.91085923860239,113.7259179182864,62.79024998186285,-43.84667982728475,91.62021624931984,63.22495948628725,-40.30208246370841,81.08478469632901,63.22495948628725,-40.30208246370841,81.08478469632901,58.59067089877358,-42.67230445017735,87.45847811351373,58.59067089877358,-42.67230445017735,87.45847811351373,39.392364351368826,-45.934201221088074,142.10773214549218,39.89861681038746,-44.20164702799722,149.33313704198352,41.505767334793326,-42.022776240098835,156.27101141271444,43.3780353477193,-40.09624542703805,165.62080456553346
7.42499703,40.0157,-45.9809,91.821,29.96842164386571,-43.82646207709983,91.03222266720893,24.18723949623484,-41.70523562116452,46.75691991783685,18.45667090586315,-47.878469000122536,7.557984307670544,19.609757685807477,-47.578225211166774,4.141885013342128,12.645520806964317,-35.304595997574445,2.869882017035203,11.318132442751725,-32.779243388450666,2.338238701413977,50.062978356134295,-48.13533792290016,92.60977733279107,53.979885846705635,-42.29330004606291,48.46510006127955,54.34159458908985,-46.55872459497371,8.60057824183172,54.048399191686656,-46.844928544164105,5.005913639673487,63.63333881072167,-36.53373693797263,3.4031593977950267,66.12354098607295,-33.8518158893103,2.608007692635744,38.54838177371373,-49.87372497172246,99.87866677871716,38.62040557142411,-50.4565363686814,109.7852566303532,39.030557189404895,-49.62873423934351,119.66614213345116,39.46092585820802,-48.462305466454254,129.51193340521235,40.577427762115526,-42.43677254688726,138.0729741293174,19.85984550509195,-43.58569567453131,141.9699922085963,15.59927742977279,-35.82676593907579,113.63462048568016,14.959729400838729,-27.783878751765645,91.52773363449985,13.170503033810427,-23.115983281183393,81.5900336131613,13.170503033810427,-23.115983281183393,81.5900336131613,18.317240764229552,-27.18470422536332,86.5574425319474,18.317240764229552,-27.18470422536332,86.5574425319474,40.577427762115526,-42.43677254688726,138.0729741293174,58.30770991856487,-52.8493273055755,142.86262828071636,63.509841578923115,-51.99350073418968,113.64872561934624,63.141858533128726,-43.859167630319796,91.56912608327461,63.53136357688745,-40.29735766960226,81.0377322317712,63.53136357688745,-40.29735766960226,81.0377322317712,58.923484603091445,-42.65748506094086,87.43427823827079,58.923484603091445,-42.65748506094086,87.43427823827079,39.809587592710784,-45.97869920590312,142.08732390336567,40.34189444080009,-44.255603960966944,149.31311823332385,41.96555928975236,-42.08810691714387,156.25071007241291,43.850998530781816,-40.17829769230874,165.6012869572645
7.43333036,40.3612,-46.0068,91.8048,30.31354330894387,-43.86402116802479,90.98952783322744,24.34856101556166,-41.67063192504712,46.74213093670451,18.494153345544714,-47.868779380690306,7.565433032958843,19.640590683437637,-47.570324272303594,4.146939823639442,12.667265698602383,-35.30138452051619,2.8794947467689718,11.337087294492834,-32.777125987436634,2.34963197555774,50.40885669105612,-48.149578831975205,92.62007216677256,54.167032467253286,-42.31959307322008,48.460005555206884,54.38575661811736,-46.57707463662493,8.593593750617586,54.080475481157556,-46.85487305946285,4.999275830999833,63.66406694453423,-36.543699061645825,3.388367252018426,66.15320107409299,-33.860374833289725,2.5946065889827117,38.87771285189641,-49.898097870876086,99.86024348351019,38.95553635481445,-50.48279767192576,109.76667819461822,39.37520334004788,-49.65780567487724,119.64739916359164,39.82717915707778,-48.494373451682044,129.49257678328198,40.9803226677465,-42.47319372565793,138.05182304079312,20.271687179447618,-43.583941723760205,142.00702770521696,16.097288744121776,-35.81419231316521,113.66179682875895,15.596084625063842,-27.72889579860943,91.56681375696749,13.874414587130607,-23.026236609526705,81.63357110098235,13.874414587130607,-23.026236609526705,81.63357110098235,18.989161264412537,-27.107796975737692,86.62343905093584,18.989161264412537,-27.107796975737692,86.62343905093584,40.9803226677465,-42.47319372565793,138.05182304079312,58.705315041958634,-52.929238131018195,142.76571416885875,63.89538993156638,-52.051563701068076,113.55031528615864,63.52426778737193,-43.862386090127664,91.49105100444334,63.86264808020249,-40.275473405331944,80.96641243583018,63.86264808020249,-40.275473405331944,80.96641243583018,59.28542700170958,-42.64030057588346,87.38320216323949,59.28542700170958,-42.64030057588346,87.38320216323949,40.22175523383977,-46.01555212148196,142.06755454772323,40.78231356442629,-44.300005249546324,149.29300849821672,42.42746909430313,-42.14379598762724,156.22905466327575,44.3336059982477,-40.25348610525789,165.57939749861805
7.4416636899999995,40.7042,-46.0315,91.7889,30.65624610390795,-43.900389803473935,90.94713599371842,24.50688658725926,-41.63677177651242,46.72852550884432,18.529174890733774,-47.861288449229875,7.574635092255001,19.668977769686474,-47.564695606286186,4.1537621150391395,12.686379822010963,-35.300595841940634,2.8905345538700873,11.353379219682195,-32.77746723685891,2.3623852176880904,50.752153896092054,-48.16261019652607,92.63066400628158,54.35155118484986,-42.344764487670716,48.45577167233653,54.42730998583952,-46.594310544882944,8.58798519500995,54.10995135530653,-46.863702054859395,4.994073460203593,63.69227484268918,-36.55262593801298,3.3750160505500024,66.18038432169934,-33.86793851610317,2.582653578761317,39.20454802765555,-49.92128253183887,99.84208190353009,39.28817971935403,-50.50781928621898,109.748360691062,39.717372998001665,-49.68557454610814,119.62890145345571,40.19096503515281,-48.52507487984918,129.47340906670686,41.380746896546455,-42.50822477895612,138.03068525318594,20.681298858471497,-43.58076294322077,142.04410046285844,16.593137226279012,-35.80110835851718,113.68901924887194,16.2302304884363,-27.67425566478414,91.60658128939852,14.576002828247738,-22.937232691689566,81.67820755391166,14.576002828247738,-22.937232691689566,81.67820755391166,19.658653881462342,-27.031460720967427,86.69044316981162,19.658653881462342,-27.031460720967427,86.69044316981162,41.380746896546455,-42.50822477895612,138.03068525318594,59.100081591176334,-53.00762641606578,142.66886723348222,64.2781366803523,-52.10872814032351,113.45198086577824,63.90414121455591,-43.86513861826992,91.41304120381963,64.19150997019797,-40.2530065581912,80.89551383234604,64.19150997019797,-40.2530065581912,80.89551383234604,59.645043195029594,-42.62270434674651,87.33233937037099,59.645043195029594,-42.62270434674651,87.33233937037099,40.63146318436447,-46.05099536195338,142.04779585745214,41.22026882448208,-44.34297706900731,149.2727867177666,42.8869072960157,-42.19802913564121,156.20719556574005,44.81373255222916,-40.327186190545596,165.55721329798013
7.44999702,41.0389,-46.0573,91.7714,30.990773917010394,-43.937657678122065,90.90315265180485,24.656667542128908,-41.60553629046421,46.7141901326993,18.556181999189768,-47.8578101879318,7.583665897245517,19.689400202420316,-47.5631832401188,4.160436236663374,12.697626637316992,-35.3039207918913,2.901012701945465,11.361831556944733,-32.781929040420216,2.3744964214136397,51.0870260829896,-48.17694232187793,92.63964734819515,54.52772164742175,-42.37135111501964,48.45049905337342,54.46039885549649,-46.61305721583741,8.581862549399865,54.13096278822298,-46.87404194857505,4.988417309736789,63.712336406609865,-36.56337036000731,3.3611828528800807,66.19952637751081,-33.877419447061875,2.5702167591078067,39.52300945183419,-49.945552177816516,99.82228031225075,39.612453388860324,-50.533879502822955,109.72840214580297,40.05120870161363,-49.71433146361067,119.60874696910514,40.54645801797532,-48.556712120139395,129.45252798102655,41.77300450588671,-42.54419147468215,138.0076563229594,21.082969984773012,-43.57810047943295,142.0793258239158,17.081080999045795,-35.789391956713395,113.7144245243514,16.856437362248386,-27.621846570573098,91.6451644587809,15.269562874011049,-22.85083265050409,81.72207439751705,15.269562874011049,-22.85083265050409,81.72207439751705,20.319967979212734,-26.957649602319197,86.75655684871309,20.319967979212734,-26.957649602319197,86.75655684871309,41.77300450588671,-42.54419147468215,138.0076563229594,59.486054030340085,-53.08723147807823,142.5702403354519,64.65221393391674,-52.16779070463913,113.35188750448597,64.27590923449677,-43.870224687709296,91.33325232407833,64.51251866840768,-40.232771819385476,80.823189839137,64.51251866840768,-40.232771819385476,80.823189839137,59.996812789517,-42.60738276812809,87.27982781963644,59.996812789517,-42.60738276812809,87.27982781963644,41.03294733105169,-46.087338972535775,142.02614463057319,41.650034202052026,-44.38684140367035,149.25054933369037,43.338193376018545,-42.253161290855296,156.18322841771194,45.28574625943707,-40.40178919957824,165.5328273199285
7.45833035,41.3719,-46.0848,91.7566,31.323650245700648,-43.97679108731879,90.8618653414114,24.80433880846541,-41.57812325918618,46.70341118725633,18.581841194726096,-47.85961913997152,7.596786267216437,19.708502319527252,-47.5670082804613,4.1712201186274935,12.707185014452573,-35.31283936721685,2.9152498803912197,11.368526879088895,-32.79203987818167,2.390297865817905,51.420149754299345,-48.192808912681215,92.65133465858861,54.70208281926389,-42.39940364066898,48.44851265635313,54.49181138567756,-46.63325147812374,8.57953852729512,54.15031578828813,-46.88583108948039,4.986618525334242,63.7306793865846,-36.57551144980131,3.35122766927445,66.21695729070083,-33.88830241889146,2.561668661156655,39.83982698833268,-49.97157331124945,99.80513082670245,39.93509083331462,-50.56165886030114,109.71109382305166,40.383395623095915,-49.744761706281004,119.59122949497504,40.90028253092932,-48.589973328012185,129.43423060065035,42.16348640177748,-42.581759298463204,137.98705013001054,21.48312955439122,-43.577375586043374,142.11701111198957,17.567412323618573,-35.78052457280857,113.74232178353965,17.480804786097856,-27.573087895721624,91.68689196306114,15.961062584630394,-22.768486733187217,81.76950056507165,15.961062584630394,-22.768486733187217,81.76950056507165,20.979200354263075,-26.88763868859961,86.82612307886208,20.979200354263075,-26.88763868859961,86.82612307886208,42.16348640177748,-42.581759298463204,137.98705013001054,59.87004556726446,-53.168035968777744,142.47408674883408,65.0242848959385,-52.2285456654755,113.25426647983258,64.64577327523048,-43.877404555509706,91.25593305762925,64.83167242158707,-40.21449535128147,80.75369527228902,64.83167242158707,-40.21449535128147,80.75369527228902,60.346864491720986,-42.59426980741058,87.22993817415194,60.346864491720986,-42.59426980741058,87.22993817415194,41.43271944747952,-46.12528519780735,142.00690472329913,42.078047832058786,-44.4322954199804,149.23060518710088,43.78767838666706,-42.30984872171196,156.1614705646897,45.75590851105339,-40.47790786607621,165.51056695767392
7.46666368,41.7014,-46.1135,91.7438,31.653156461687313,-44.01731835451339,90.82162912977995,24.975735342484107,-41.52561683650872,46.69196141075002,18.637676415132393,-47.83358803641512,7.608163129818202,19.754228294609344,-47.54377830596303,4.179050698857127,12.734092870325783,-35.29987498369949,2.928014704257933,11.390950104636108,-32.781389900433446,2.403409441949294,51.74964353831268,-48.20968164548661,92.66597087022004,54.86017444169618,-42.45087288783937,48.44623747615781,54.53562638017047,-46.64967767803994,8.574323970789791,54.184593476134545,-46.89636880771832,4.9819140233558805,63.75919681284214,-36.582047420238794,3.338044727915931,66.24365334693393,-33.89264389590903,2.5502261998707434,40.15289068737558,-49.99615233303522,99.79117427512797,40.253458883523855,-50.586621951997756,109.69706195404932,40.71112823473858,-49.77155482480226,119.57691941170143,41.25045731719398,-48.618937721735335,129.41897087442683,42.548054818063925,-42.613530454492135,137.9686121549882,21.877723148800264,-43.575641610314534,142.15629882503384,18.080163686002887,-35.780076011730245,113.7652012632155,18.162062966775284,-27.543747961802282,91.72052628258176,16.751038573479928,-22.72201005777907,81.79539078842878,16.751038573479928,-22.72201005777907,81.79539078842878,21.7037173798499,-26.874844068110924,86.88886632850244,21.7037173798499,-26.874844068110924,86.88886632850244,42.548054818063925,-42.613530454492135,137.9686121549882,60.258937536327174,-53.22635656878739,142.37514639945482,65.40178934038842,-52.25020803884322,113.15452130331849,65.03616408872944,-43.88195164627629,91.162474891863,65.20638324071597,-40.19816855528652,80.6672746360461,65.20638324071597,-40.19816855528652,80.6672746360461,60.730941988273784,-42.57884787426188,87.14966172182754,60.730941988273784,-42.57884787426188,87.14966172182754,41.82819649995895,-46.15727904425773,141.99023832189994,42.50333370377574,-44.47084959472141,149.21274875597055,44.23804769191787,-42.35754847394146,156.1401752084675,46.234915737471184,-40.54084246369089,165.4861710231128
7.47499701,42.0254,-46.1431,91.7331,31.97725811072522,-44.058711345026076,90.78349833718684,25.141386317814852,-41.47504549616533,46.68338915520949,18.688247688319244,-47.810289738839465,7.622840491574777,19.79471454982951,-47.52333488386748,4.19022081570219,12.755647692286153,-35.28982073363951,2.9439342069292542,11.407996974736134,-32.77368009654975,2.419640279086819,52.07354188927478,-48.22748865497392,92.68270166281314,55.01272648969479,-42.50400366442507,48.44666414024998,54.57361692573125,-46.66832666397425,8.572231524396223,54.213019698002235,-46.90917349881713,4.980372356068445,63.78204174580566,-36.591056973461704,3.327844166342387,66.26473914595671,-33.89953359930666,2.541721297281665,40.460429927157534,-50.02163837747014,99.77927372917704,40.566306955627596,-50.61244564547948,109.68508595570897,41.03335637012473,-49.79915373383948,119.56465073110667,41.595143238311664,-48.648644611307155,129.40569251102522,42.927162536811956,-42.6460101133127,137.95198676162937,22.26707559602479,-43.57453079711726,142.1974132159285,18.587693506820592,-35.78157907148833,113.79004141768465,18.838281714533746,-27.518045291852815,91.75682292235408,17.536167350972747,-22.680238381708314,81.82462360320878,17.536167350972747,-22.680238381708314,81.82462360320878,22.422878481423194,-26.866169165529335,86.95459324779297,22.422878481423194,-26.866169165529335,86.95459324779297,42.927162536811956,-42.6460101133127,137.95198676162937,60.641951310298055,-53.28538404309236,142.27806696582067,65.77345684205397,-52.27308594359957,113.05667710881146,65.4207400480751,-43.8881335410037,91.07078012211913,65.57538285061291,-40.18356078981377,80.58265888113282,65.57538285061291,-40.18356078981377,80.58265888113282,61.10930210459934,-42.56507873145467,87.07119075032274,61.10930210459934,-42.56507873145467,87.07119075032274,42.21820623165363,-46.189954972665895,141.97537623858042,42.923157916563184,-44.510062030732485,149.1965613440936,44.68295821063195,-42.405889802433464,156.12043841269835,46.70846824079675,-40.60439618485249,165.46321478537885
7.48333034,42.3384,-46.1731,91.7253,32.29042671178016,-44.10060893744346,90.74826959881297,25.29560778486662,-41.42611381016769,46.67851028197678,18.72785771379229,-47.78962566689996,7.641666716658506,19.824255682495966,-47.50557127335444,4.205576723755245,12.765972960459315,-35.282670776325716,2.963840255927323,11.413755461862799,-32.76892456537962,2.4398191606043285,52.38637328821984,-48.245591062556535,92.70233040118704,55.15422336696267,-42.55803769409697,48.45060902367983,54.600399530117116,-46.68824399460449,8.574056329609228,54.23022118641511,-46.923277353978115,4.98278675501091,63.793684028697626,-36.60141566645272,3.3214888383575154,66.27464444767013,-33.90780435811768,2.5370354371274733,40.75699312166413,-50.04756889520521,99.77022051046742,40.86818415282677,-50.638685037358655,109.67595608645948,41.34461048708191,-49.827126136446196,119.55521563051327,41.92884668118471,-48.678678059534064,129.39519094168844,43.29522650724145,-42.67878508985966,137.93798511393658,22.645608989056033,-43.573847369583966,142.24114078252035,19.084273667846915,-35.78477817519324,113.81766433337884,19.503586387784026,-27.495661240590177,91.7966239508861,18.310496612950413,-22.64283450649165,81.8580591496248,18.310496612950413,-22.64283450649165,81.8580591496248,23.130782610586046,-26.86125433263706,87.0241338514797,23.130782610586046,-26.86125433263706,87.0241338514797,43.29522650724145,-42.67878508985966,137.93798511393658,61.013606665594644,-53.34453853847252,142.18365311526202,66.13388640028393,-52.296370670074545,112.96155871396715,65.7941038212611,-43.894999791592134,90.98172665361736,65.93327780704632,-40.16965015622515,80.50075048119831,65.93327780704632,-40.16965015622515,80.50075048119831,61.47654994059307,-42.55202370216492,86.99539625797085,61.47654994059307,-42.55202370216492,86.99539625797085,42.597210386743896,-46.22291923744895,141.96312035780318,43.331953215334615,-44.54954452095904,149.18284899096847,45.11680592712992,-42.45446971496954,156.10307108689898,47.170926815899634,-40.668150860818336,165.4425139403043
7.49166367,42.644,-46.2079,91.7183,32.596300245577446,-44.14722066410149,90.71385730398502,25.442150471407338,-41.383111372038314,46.67521582766026,18.760188556790492,-47.775805438347845,7.6625303620814975,19.846544960220967,-47.494724306156115,4.223008156098315,12.768992316863443,-35.282533463303324,2.9855897150504456,11.412197056387097,-32.77120763322155,2.4617963576918265,52.69169975442255,-48.268579335898515,92.72274269601498,55.28826391297566,-42.61772649971993,48.45594002127496,54.619405876412806,-46.714334700233245,8.577685171439668,54.23961667967488,-46.94359298281893,4.987045862137352,63.797719225923856,-36.6182105727001,3.316801927797938,66.27701018274902,-33.92258979536882,2.5339746187285304,41.0461216301938,-50.07829311998583,99.76192758751124,41.16263930094562,-50.66966785639162,109.667586505218,41.64847382466663,-49.85978356314842,119.54652527856399,42.255192005078904,-48.71333206357087,129.38537282535896,43.656000849548356,-42.71615185325287,137.92449490272887,23.017081138222622,-43.57756196579194,142.28545289466894,19.573760513840718,-35.79368114730159,113.84601787705222,20.161929624143145,-27.480657906118033,91.83785566551742,19.07802367069197,-22.6138742021544,81.89360983721193,19.07802367069197,-22.6138742021544,81.89360983721193,23.831387956343978,-26.86420423002754,87.0954146562927,23.831387956343978,-26.86420423002754,87.0954146562927,43.656000849548356,-42.71615185325287,137.92449490272887,61.37751162282174,-53.408378213114034,142.08974882322943,66.48652035287114,-52.324875708424,112.86697048579872,66.15969327089569,-43.90748940427809,90.89307019237643,66.28350283188323,-40.16144347882079,80.41928043184386,66.28350283188323,-40.16144347882079,80.41928043184386,61.836121004504605,-42.54457077881488,86.92005345566875,61.836121004504605,-42.54457077881488,86.92005345566875,42.968905569324335,-46.26044445216045,141.95136926645353,43.73346344119325,-44.59356540062138,149.16950455131786,45.543391240899595,-42.50757509219967,156.08595720390798,47.62614872267141,-40.73641173055839,165.42194360626007
7.499997,42.9403,-46.235,91.7157,32.890546162841275,-44.19179027875119,90.69623118855564,25.62376325319866,-41.267606994875834,46.686378649420384,18.840475593361056,-47.73076867924897,7.702800962713056,19.91562971954083,-47.459176931384924,4.258999085274292,12.81972727790443,-35.259250415556174,3.005794174991401,11.458969667070331,-32.75119344313512,2.476644637953687,52.990053837158726,-48.27820972124881,92.73516881144435,55.43134882224042,-42.66590287075535,48.45462914827269,54.66827464009441,-46.71627716681276,8.573343241918323,54.28046277799668,-46.940270203569185,4.983229187643595,63.831297846406684,-36.6091422964218,3.3069515667853544,66.30844674089757,-33.91109602540044,2.525700458913937,41.33831864975824,-50.10030492237137,99.76095801730865,41.464410765664475,-50.68701456304167,109.6667770958226,41.961318804231716,-49.87502601022621,119.54499232083688,42.5880265375768,-48.72802824985627,129.38252313883547,44.01554251315808,-42.730760879604695,137.91715986075727,23.388141775319152,-43.567320989810455,142.33705746393932,20.10448545381969,-35.796296787601825,113.8752320542618,20.880849267934668,-27.471050985801355,91.87752663283803,19.921325326419087,-22.60202785413684,81.92160435613064,19.921325326419087,-22.60202785413684,81.92160435613064,24.593351611922724,-26.89262659077046,87.16388283237788,24.593351611922724,-26.89262659077046,87.16388283237788,44.01554251315808,-42.730760879604695,137.91715986075727,61.7536029666764,-53.42454169315785,142.0073007017323,66.850114956568,-52.302565508916736,112.78379207222501,66.55857348068582,-43.91177883721016,90.79922464783043,66.6989741971135,-40.14660466026054,80.3325053964641,66.6989741971135,-40.14660466026054,80.3325053964641,62.24112851001448,-42.527300832918336,86.82699908860587,62.24112851001448,-42.527300832918336,86.82699908860587,43.341768506166886,-46.275164599237975,141.94618678443905,44.13641884729294,-44.61532711590558,149.16269437930603,45.97330144559431,-42.53685052830487,156.07430120386957,48.09188799975428,-40.77529786109361,165.4040420201824
7.50833033,43.2216,-46.2856,91.7144,33.16987785798006,-44.259686049080656,90.67992938509768,25.790306010655,-41.1756672899481,46.699765107397596,18.905728355061644,-47.70938926677307,7.745717213453901,19.969681021269952,-47.44731625710247,4.297701507969016,12.855393298152652,-35.25972689273152,3.0287898963212614,11.490655435230673,-32.75496675036821,2.4943018425396195,53.27332214201994,-48.31151395091935,92.74887061490232,55.559448813914855,-42.738490539454155,48.455088464973954,54.70172363509472,-46.74306595793248,8.57110091451284,54.30585339041149,-46.961822966924125,4.981543565201999,63.84971412842105,-36.625258053744744,3.299072463189054,66.32480686602484,-33.92488110533112,2.5193584795147417,41.6154407950474,-50.14578454889004,99.76128329798293,41.75110927989488,-50.72776953209918,109.6672545568721,42.259130247772895,-49.91361673472811,119.54472634671433,42.90587520731423,-48.765998714705205,129.38088783775476,44.360234455423324,-42.768594222775334,137.9108948883743,23.74455828105286,-43.57981788348559,142.38982343053678,20.620573513487468,-35.82297731283364,113.90616381360013,21.585338345918718,-27.487288566442544,91.91987208030883,20.75030685031736,-22.61741277526721,81.95315281012057,20.75030685031736,-22.61741277526721,81.95315281012057,25.3402613843774,-26.947465260708725,87.23534114473601,25.3402613843774,-26.947465260708725,87.23534114473601,44.360234455423324,-42.768594222775334,137.9108948883743,62.11431127124817,-53.46426552011242,141.92591179457906,67.198279096972,-52.3043554247881,112.70169920710683,66.94194805425609,-43.94059701877201,90.70639648215358,67.09910032637771,-40.15651610069511,80.24673608615231,67.09910032637771,-40.15651610069511,80.24673608615231,62.63073800553653,-42.534520821225044,86.73498565538038,62.63073800553653,-42.534520821225044,86.73498565538038,43.69972362570353,-46.3130566412732,141.94206577282947,44.524518541720006,-44.660212524119544,149.15679592533024,46.388408762386774,-42.58922917013012,156.06341975288169,48.542868925412094,-40.83725152623522,165.38674621008727
7.51666366,43.4912,-46.3343,91.716,33.43755428656643,-44.32571637397468,90.66653609112943,25.94499283186906,-41.08219383549165,46.71696059101866,18.959311230815224,-47.68679424512115,7.792876970619581,20.012046896146757,-47.43425361742711,4.3407094350120055,12.879078741858402,-35.2592263891933,3.056171268325741,11.510288500473703,-32.757820830897636,2.5163622345762415,53.54484571343357,-48.34288362602532,92.76546390887056,55.67585955060286,-42.8097942660016,48.45894289435414,54.723179787784794,-46.769058627063444,8.572586747436652,54.31922437577559,-46.9826202913821,4.983617357174049,63.85618852598606,-36.6407274782487,3.2947926654845925,66.32925503293643,-33.93806335923025,2.5165752591188895,41.880854556513405,-50.18937235048707,99.76449723113899,42.02609465747268,-50.76657731083103,109.67061245292132,42.545232778995214,-49.95019512640015,119.54732216719995,43.21202087462817,-48.801873512085926,129.38206314731838,44.693220526496866,-42.80425607361606,137.90730064542166,24.089465021012206,-43.590129021504886,142.44521333960026,21.125167569497506,-35.84899445420503,113.94022258587611,22.278450420192783,-27.504718925118347,91.9662719442419,21.56794207395099,-22.635448169227057,81.98960711943162,21.56794207395099,-22.635448169227057,81.98960711943162,26.075182182180583,-27.003981004900623,87.31119130312847,26.075182182180583,-27.003981004900623,87.31119130312847,44.693220526496866,-42.80425607361606,137.90730064542166,62.46299542436241,-53.50178890999749,141.84720929077483,67.53442073005348,-52.30432771601471,112.62233198226073,67.31314098557239,-43.96806287087708,90.61621406140962,67.4871679926618,-40.16530700417928,80.16359605203212,67.4871679926618,-40.16530700417928,80.16359605203212,63.00826084314214,-42.540436610519436,86.6456251211456,63.00826084314214,-42.540436610519436,86.6456251211456,44.045981741788296,-46.34874048232466,141.94060441825982,44.90092369956732,-44.70282779822693,149.153409502806,46.791813708402685,-42.639277332561264,156.0549170158525,48.98213496647602,-40.896792038695885,165.3716642096694
7.52499699,43.747,-46.3797,91.7217,33.6914458899704,-44.3886234205247,90.65726568782668,26.085583334482813,-40.986087141379095,46.7391862226892,18.99903049334206,-47.66188906116794,7.845494995865998,20.040532518586517,-47.41887189161831,4.389238924577906,12.888380413198586,-35.25675459291567,3.0891681288159476,11.515423111718327,-32.758784575918455,2.5440586651345796,53.8025541100296,-48.3707765794753,92.78613431217332,55.778380721995,-42.87828968428705,48.46737080104143,54.73049114411736,-46.792654814770756,8.578970823756947,54.31842557491148,-47.001059231174466,4.990620310011326,63.84842721362892,-36.65381204032976,3.295301656306566,66.31945994869925,-33.948868144053755,2.5185459934304846,42.13252699903401,-50.22968321514923,99.77180615623925,42.28735920160999,-50.80204295976844,109.67805723079742,42.817623818876974,-49.98335282017145,119.553984778699,43.50446080634082,-48.8342303641141,129.3872523726393,45.0124256568246,-42.83629900633141,137.9075753232693,24.42081526568306,-43.59701277200761,142.5045183190158,21.616007558668684,-35.87310199462804,113.97872336655651,22.95778539396998,-27.52202828010048,92.01806075598802,22.37174323192655,-22.65479705153175,82.0323171390701,22.37174323192655,-22.65479705153175,82.0323171390701,26.795690136394533,-27.060809728759757,87.39275525813446,26.795690136394533,-27.060809728759757,87.39275525813446,45.0124256568246,-42.83629900633141,137.9075753232693,62.79773442150872,-53.53541642209627,141.77237383141005,67.85657836420609,-52.300801124980886,112.5468619510073,67.67000129153428,-43.992502933456024,90.52984870223403,67.86094214132535,-40.17130548460579,80.08425381828198,67.86094214132535,-40.17130548460579,80.08425381828198,63.37151452158896,-42.54345361981197,86.5600938121013,63.37151452158896,-42.54345361981197,86.5600938121013,44.378522603090715,-46.38077547716686,141.94300349858858,45.26360167530823,-44.741716688864926,149.15373389341772,47.18146554824304,-42.68551206269851,156.0499888337983,49.40762365228882,-40.95240717636073,165.35998926533122
7.53333032,43.9916,-46.4236,91.732,33.93101593835523,-44.45773399300057,90.66823593259438,26.27362248156657,-40.82995473192471,46.777147482536115,19.11659896170842,-47.5970568985459,7.912148803870139,20.14627369652821,-47.366889155162276,4.451472194595663,12.960165393637004,-35.22813182407003,3.1206908767329766,11.57413469058239,-32.73563627120541,2.5836665811559634,54.052184061644766,-48.38946600699943,92.79576406740561,55.90414543365052,-42.93330428510167,48.46716561684442,54.778011036941685,-46.80070724408721,8.576317100381658,54.35936676799576,-47.00550962590545,4.988520728779681,63.881649691456545,-36.6522725764851,3.286412763908783,66.35030850155243,-33.94523705449903,2.509395401399063,42.38794717650597,-50.273184456718056,99.78445925707138,42.557451686490985,-50.83692973575004,109.69096411609526,43.10141914550081,-50.01153842371051,119.5655885457102,43.80669369837721,-48.85750445393842,129.39697565242494,45.332524018912956,-42.855063696034506,137.9109399773906,24.753688147706985,-43.607288662375474,142.56611565892828,22.144231301949286,-35.898000104412404,114.0178350357421,23.68576956015208,-27.551963428913734,92.06837413462364,23.22739207901471,-22.69479280265066,82.07106227477765,23.22739207901471,-22.69479280265066,82.07106227477765,27.564774963456255,-27.135830654315996,87.4731769780761,27.564774963456255,-27.135830654315996,87.4731769780761,45.332524018912956,-42.855063696034506,137.9109399773906,63.1483072862467,-53.52638097208359,141.71170871611804,68.19668883797944,-52.260998584510865,112.48570363910922,68.05912367886272,-44.01148247872868,90.44623762726044,68.29703494903148,-40.18423244522515,80.00382333556344,68.29703494903148,-40.18423244522515,80.00382333556344,63.77853776773172,-42.53961634671443,86.46554916176152,63.77853776773172,-42.53961634671443,86.46554916176152,44.71566613776028,-46.39920787872583,141.94930046882212,45.628819483140674,-44.76470591950634,149.15756418594765,47.574186126964236,-42.71384368436358,156.0477038228537,49.84313578408517,-40.98698133916279,165.34852929055162
7.54166365,44.2195,-46.4704,91.7484,34.153912167508636,-44.5299361282981,90.68533068945553,26.44505296289651,-40.677333545590166,46.82241873239117,19.21687835534403,-47.53601280166023,7.9866518364602115,20.234626607561804,-47.31871350007384,4.521618019563508,13.014158550865798,-35.20372361987759,3.160580825003726,11.61509947678249,-32.71675367231084,2.631785522429113,54.28508783249136,-48.4108638717019,92.81146931054448,56.01310760190221,-42.991515184838434,48.473351288500325,54.80864839882276,-46.81244235487864,8.580312130279175,54.38341826479192,-47.01369006136646,4.993089174099074,63.89784616374898,-36.65437071693557,3.284076161963867,66.36409942681838,-33.945226873373954,2.5067679239451635,42.62674674070799,-50.31956317682868,99.80322357644542,42.81091880692403,-50.87459555658557,109.70995859600899,43.368571745003436,-50.04239452942222,119.58324800184732,44.09226811650436,-48.88331673372467,129.4127027815285,45.63586009338637,-42.87622215610787,137.92018068572975,25.069986652863125,-43.62018309329472,142.63360413289857,22.655794625424463,-35.92748452442841,114.06367611018186,24.396974579275447,-27.58846366611808,92.12648108135075,24.06610224387464,-22.74288746970315,82.1185154712346,24.06610224387464,-22.74288746970315,82.1185154712346,28.316360662211668,-27.21781679782234,87.56175546589384,28.316360662211668,-27.21781679782234,87.56175546589384,45.63586009338637,-42.87622215610787,137.92018068572975,63.48198196216438,-53.51942940123304,141.65689884770535,68.51976832845146,-52.223639544163305,112.4303978800225,68.43072090163616,-44.03353600284891,90.3685353843417,68.71561964153359,-40.20070871665615,79.92934343605924,68.71561964153359,-40.20070871665615,79.92934343605924,64.16817191069671,-42.53909260515241,86.37691900204462,64.16817191069671,-42.53909260515241,86.37691900204462,45.03611597445379,-46.41997251484388,141.96146358584502,45.97733516706598,-44.78988878575667,149.16711726681828,47.95017869195563,-42.74422060699255,156.0509854839759,50.26188294853109,-41.02339707786336,165.34239712581623
7.5499969799999995,44.4342,-46.5185,91.7696,34.363678551193,-44.60341499059847,90.7072337891839,26.603458912949662,-40.52605043891265,46.873705620339464,19.303297470261235,-47.47611432896243,8.067661831711497,20.30902275737858,-47.271688560417964,4.598336739477025,13.054033948054418,-35.18071553249092,3.2076284255153635,11.642042870879763,-32.699288488046314,2.6872330892775693,54.504721448807,-48.43358500940153,92.83196621081609,56.10894780151615,-43.051385380035505,48.48467218729166,54.826123644734274,-46.826062088307665,8.589673031748312,54.394307607964414,-47.023772625486004,5.003040168256842,63.9009651141393,-36.65846684675137,3.287097228174291,66.36484003560714,-33.947244791875214,2.5094925984845533,42.8523250977833,-50.367223350316635,99.82677713104064,43.05112461192,-50.91349433901729,109.73371640613883,43.62243927602781,-50.07443261311079,119.60564397957118,44.36454155897438,-48.910241000310585,129.43312184170506,45.925893750680764,-42.898422572343726,137.93401945716965,25.373135553771007,-43.63394396355866,142.70561537702957,23.154299153467683,-35.95946615309889,114.1149547165018,25.095177016867492,-27.629248767953,92.19117827001388,24.891741363936596,-22.796687483486348,82.17352254635006,24.891741363936596,-22.796687483486348,82.17352254635006,29.054230266866426,-27.304516087397865,87.65729115602964,29.054230266866426,-27.304516087397865,87.65729115602964,45.925893750680764,-42.898422572343726,137.93401945716965,63.80202669667128,-53.513535253891185,141.60665372909534,68.82923738631892,-52.187627119738266,112.37968259040771,68.78840682716125,-44.05738107586756,90.29554949962139,69.12039600863383,-40.21936999355916,79.85965399677511,69.12039600863383,-40.21936999355916,79.85965399677511,64.54406382792732,-42.5404933978582,86.293013979522,64.54406382792732,-42.5404933978582,86.293013979522,45.343248738421664,-46.44172502209462,141.9781954710542,46.31254079703754,-44.81597472596815,149.1811060204258,48.31285938823728,-42.77542686951258,156.05856205312534,50.66729438384035,-41.06053197385142,165.34033515069214
7.55833031,44.6325,-46.5849,91.7889,34.5571438670459,-44.69501336816194,90.7272493404401,26.74579243244127,-40.39290844091572,46.924295282408075,19.372742258954663,-47.434252503846,8.148498906102844,20.366355049797257,-47.2427450222822,4.674949086396916,13.07689953931007,-35.17591640264452,3.2550735901223526,11.65211953033569,-32.70002674493785,2.743231218109128,54.7078561329541,-48.47478663183806,92.8505506595599,56.18849412381267,-43.13014334386541,48.4944169065562,54.82720529210406,-46.85875151925777,8.59768579383141,54.38879956638462,-47.05293325329484,5.011659620276236,63.88791467106271,-36.68186704924918,3.288766988862851,66.34947586893702,-33.968630317921395,2.5108617706689436,43.06142743243915,-50.43312715932959,99.84842738516073,43.27481144666662,-50.97057370025872,109.7555459126901,43.85978256781856,-50.124593281725915,119.62608313004951,44.620299322317834,-48.95521044856531,129.45153666136474,46.199512102035605,-42.9386067666879,137.94574697649088,25.660012744131357,-43.66517127675919,142.7754528660204,23.636779773658173,-36.01061678254734,114.16494700746676,25.777532421553598,-27.69112971078797,92.25570660065765,25.70152501586729,-22.873044993336194,82.22930428673654,25.70152501586729,-22.873044993336194,82.22930428673654,29.775536168345052,-27.41282036499562,87.75301892981192,29.775536168345052,-27.41282036499562,87.75301892981192,46.199512102035605,-42.9386067666879,137.94574697649088,64.10514115389847,-53.52595515975837,141.55427730071332,69.12171577340956,-52.17042265167284,112.3268375848162,69.12887512826254,-44.100604866423055,90.22051514311406,69.50809437842459,-40.25787003894118,79.78796786851096,69.50809437842459,-40.25787003894118,79.78796786851096,64.9029226397316,-42.561365805614955,86.20706837121564,64.9029226397316,-42.561365805614955,86.20706837121564,45.63389665392937,-46.48139010160919,141.9927943568248,46.63129676828394,-44.85989138178744,149.19282535786928,48.6591219399148,-42.824406989696904,156.0637233970892,51.056293088806626,-41.11534929846249,165.3356289605294
7.56666364,44.8307,-46.6045,91.82,34.750655439115256,-44.73150449725386,90.77302134345028,26.960832433946045,-40.186522334705785,46.99076584033284,19.581974682474794,-47.35914716316884,8.240144025403623,20.563486479309955,-47.17768459335977,4.762616775757445,13.197354821856283,-35.16134942457583,3.310599380370879,11.755314409289099,-32.69636486120502,2.79447842965616,54.910744560884744,-48.477495502746144,92.8669786565497,56.28107319515743,-43.167196156046245,48.503175589944476,54.86213622818118,-46.844065755695425,8.603651438384425,54.42197125751182,-47.03890116009597,5.017876235253626,63.91450610338872,-36.662832335310995,3.288847911848162,66.37466198227273,-33.948019447919904,2.511996795064688,43.27740864150246,-50.458389179589965,99.88026842614786,43.51146543387926,-50.9952122752138,109.78695391738796,44.11489422394607,-50.146563546200966,119.65615084877318,44.89536367430213,-48.968882091670125,129.47904822526627,46.483353510516125,-42.941835218279024,137.9642138696145,25.958524095311805,-43.6694182678192,142.85573604811736,24.17445980951342,-36.02966577141289,114.22536724054186,26.488227096170508,-27.72569791335096,92.32783082670137,26.560702854660295,-22.938592489472146,82.28657444336142,26.560702854660295,-22.938592489472146,82.28657444336142,30.532107772693855,-27.504651753010762,87.86309634618185,30.532107772693855,-27.504651753010762,87.86309634618185,46.483353510516125,-42.941835218279024,137.9642138696145,64.43150108368684,-53.47143799430975,141.53022745773958,69.44072559291497,-52.09885227549355,112.30232298443445,69.49663019082891,-44.10379301978838,90.16892278442688,69.94077408408481,-40.26838643722691,79.73624080042144,69.94077408408481,-40.26838643722691,79.73624080042144,65.2960483010284,-42.545955303747405,86.13606526771987,65.2960483010284,-42.545955303747405,86.13606526771987,45.93793326383248,-46.48290934641439,142.0155269734807,46.9582718220621,-44.86187962277198,149.21244877131605,49.012143280763496,-42.82689944608119,156.07575549723958,51.45066653991718,-41.12009109322826,165.33728615084095
7.57499697,45.0165,-46.6157,91.8516,34.93180794309839,-44.75966082612319,90.81928245558827,27.163685862021087,-39.971965481593,47.05904531190446,19.77833287936506,-47.275773656351156,8.334173108656202,20.747663678283406,-47.10445019343958,4.852717103344013,13.305164635984747,-35.13910975866743,3.3693434870928343,11.845938633290023,-32.68512733075965,2.849112767623683,55.10119205690161,-48.471739173876806,92.88391754441174,56.36136560505684,-43.1959525740326,48.51273161670147,54.88471364559484,-46.821058070362945,8.610565148938193,54.44279482065072,-47.016538654612326,5.025040788828291,63.92868310942833,-36.63540886817783,3.2899244440161666,66.38741780896869,-33.91900398621067,2.5141397998647683,43.481009509288384,-50.47524373613696,99.91257351789969,43.735720209312134,-51.01141349776986,109.81878487675954,44.35757154848735,-50.16006601445055,119.68660568051413,45.157929913893796,-48.974046210286936,129.5068990850645,46.754574960187185,-42.9365337425067,137.98299544739692,26.244576566291418,-43.66519609121632,142.93617683958982,24.700391433340517,-36.04027095135815,114.28791807004622,27.187388047045808,-27.75171531611401,92.40353561211789,27.408114078542294,-22.996828173705154,82.34914407842284,27.408114078542294,-22.996828173705154,82.34914407842284,31.276155472674592,-27.588105204118865,87.97737486234051,31.276155472674592,-27.588105204118865,87.97737486234051,46.754574960187185,-42.9365337425067,137.98299544739692,64.74499392684807,-53.40820841272413,141.50632396530935,69.74681920555517,-52.01854906079794,112.27795910500814,69.85108466869998,-44.09850051924586,90.11778171283336,70.36014924559363,-40.270845418204644,79.68521872405208,70.36014924559363,-40.270845418204644,79.68521872405208,65.67606090273775,-42.522317026411805,86.06555905568976,65.67606090273775,-42.522317026411805,86.06555905568976,46.229369835179746,-46.47585065942788,142.0385129766725,47.272621445207236,-44.85521838542544,149.23223861872592,49.35249398330811,-42.820656467856814,156.08783483870076,51.83231076670836,-41.1159723871018,165.33878621636927
7.5833303,45.1643,-46.7024,91.8791,35.075031478829494,-44.863209277384755,90.86144927231196,27.32869741527212,-39.83294979681407,47.12456666296382,19.93588028548094,-47.267812220895095,8.426067269441411,20.892933413176195,-47.10675956613316,4.940726368358295,13.374568303703487,-35.19279110469027,3.426757220585544,11.898270204999307,-32.74988463230089,2.9025796020052668,55.2535685211705,-48.54159072261524,92.89675072768803,56.40374581558444,-43.30063349821759,48.518450153945366,54.869147037754885,-46.87410349342146,8.613812597961207,54.42546775922357,-47.07022929549947,5.028540891219696,63.90485832226172,-36.684188831165,3.2873117200332915,66.3622116855321,-33.96623175341197,2.5125876458520877,43.6465801511937,-50.567541338777914,99.94075689212269,43.92193479878259,-51.10300222331487,109.84645426785461,44.562205860490835,-50.248909812443884,119.71285980186909,45.38242735126882,-49.05449954060409,129.5304969844599,46.98772702687649,-43.00650146933952,137.99747838443201,26.49272622525744,-43.73596407580944,143.01223812816815,25.188161672133962,-36.125927744980004,114.34811106994098,27.847932283985195,-27.85273828424198,92.47823547177934,28.216352824635273,-23.131308380784706,82.41241077616544,28.216352824635273,-23.131308380784706,82.41241077616544,31.980429562888425,-27.746796272214002,88.09110328292923,31.980429562888425,-27.746796272214002,88.09110328292923,46.98772702687649,-43.00650146933952,137.99747838443201,65.02000375992719,-53.42032979455176,141.47801918661858,70.01449699998119,-52.013668815020836,112.24921380898263,70.16698064362124,-44.16895811504189,90.06253390837429,70.74107242811951,-40.34952128714133,79.63033463058476,70.74107242811951,-40.34952128714133,79.63033463058476,66.01774665992842,-42.57463292944374,85.99096530848112,66.01774665992842,-42.57463292944374,85.99096530848112,46.48270223488282,-46.54399163981411,142.05715082753224,47.54888199661484,-44.923685413749006,149.24758752859205,49.65475979835407,-42.8894763522567,156.09534509445143,52.175856227896745,-41.186810092208496,165.33550423194689
7.59166363,45.3246,-46.7525,91.9071,35.230793579791325,-44.93022582924562,90.90412262839301,27.506248912621096,-39.6576943672305,47.19192840393257,20.105122325270735,-47.22360808797555,8.5204265647454,21.049802223119645,-47.072926679753756,5.031248316587751,13.455865166297004,-35.210823275782126,3.487491920487477,11.962566185605137,-32.7790880097243,2.9595411320845324,55.41840642020867,-48.574774170754374,92.91007737160699,56.45863510566372,-43.36894670951571,48.52492910131537,54.865886486996146,-46.891009266851434,8.617999792360187,54.42043971958424,-47.08779466042517,5.032983400503895,63.89327566608672,-36.69681046946325,3.285588861817809,66.3492331065292,-33.97729412487778,2.511910943128293,43.82468857207581,-50.62320862204121,99.96941873756788,44.12069178966081,-51.157904663116454,109.8745619106491,44.779370379232745,-50.30101261387261,119.73951287717611,45.61941342575041,-49.098149833474494,129.55444170279324,47.23326324040835,-43.03962443911956,138.01226651581018,26.75343122932319,-43.76994347800383,143.08849579936057,25.688615485427434,-36.174948067286834,114.41047400944731,28.520965537299457,-27.917094230831466,92.55647791172186,29.03659903693529,-23.23036668295711,82.48090508349452,29.03659903693529,-23.23036668295711,82.48090508349452,32.696105746219644,-27.868989731291922,88.20888357628968,32.696105746219644,-27.868989731291922,88.20888357628968,47.23326324040835,-43.03962443911956,138.01226651581018,65.30717994744509,-53.39537962639309,141.44983225457867,70.29423996154766,-51.97171226554715,112.22058106161444,70.49451096517804,-44.20260358986716,90.00769416795339,71.13359700864864,-40.39181244557255,79.57611227859113,71.13359700864864,-40.39181244557255,79.57611227859113,66.37124232376127,-42.59040549117238,85.91683126218717,66.37124232376127,-42.59040549117238,85.91683126218717,46.74844893847606,-46.57523080998211,142.07604182639983,47.83754641119157,-44.9551637110357,149.2630969112267,49.969396685051414,-42.92120612113601,156.1028880216944,52.53172899660427,-41.22041111439618,165.33204236847078
7.59999696,45.4362,-46.8653,91.9295,35.33665371674582,-45.06570812883575,90.94349351947047,27.692364414335174,-39.506056652506246,47.252771177389675,20.38381843079822,-47.24659069431975,8.59822334606649,21.32919231615114,-47.091288181785195,5.109435707058752,13.628984200362297,-35.30025404628338,3.547747521481819,12.1112798970081,-32.88257694942585,3.0248504113246852,55.53574628325418,-48.664891871164244,92.91550648052954,56.4917294905878,-43.477806463380745,48.52626968454875,54.857486045002425,-46.95284090271975,8.616895300878333,54.41089893084654,-47.14874598238219,5.031972569098418,63.88011134300752,-36.75449896569698,3.2843438186176033,66.33541660809868,-34.0337869009604,2.512802805052937,43.95859926146507,-50.738905268980524,99.99454688344137,44.28011149615395,-51.26605398920858,109.89929943714544,44.962327977196466,-50.400168060632744,119.7618650907717,45.82825154824321,-49.18799116960495,129.57339823265957,47.450592851540904,-43.117644586419594,138.02111643354814,26.987036831319756,-43.86483031840023,143.16014137308633,26.123646654846542,-36.30024380404941,114.46731457072906,29.163526121001436,-28.040163874188032,92.64206051439443,29.826685862037756,-23.380632090742516,82.56250479264787,29.826685862037756,-23.380632090742516,82.56250479264787,33.3785560474706,-28.050282245472825,88.33287188426557,33.3785560474706,-28.050282245472825,88.33287188426557,47.450592851540904,-43.117644586419594,138.02111643354814,65.56956264462352,-53.40407009782759,141.42954314914797,70.55796786527792,-51.96806878156807,112.20112486805981,70.80398783784685,-44.263781873070315,89.96613128486649,71.50388895861735,-40.472235215439156,79.53144043199431,71.50388895861735,-40.472235215439156,79.53144043199431,66.70487973598888,-42.65004955209386,85.85166083558406,66.70487973598888,-42.65004955209386,85.85166083558406,46.986120303862535,-46.65072198203653,142.08946455791434,48.09543603055505,-45.02846218006573,149.2729319139982,50.247570071067514,-42.99268967608289,156.1058274119694,52.84134948033981,-41.29197048169863,165.3262071809533
7.60833029,45.5805,-46.8741,91.9614,35.47530938624537,-45.097115409831105,90.99236788701941,27.910162898072638,-39.24978684264257,47.325430629068414,20.69537373545291,-47.16406003818175,8.68845511576879,21.641370116782674,-47.00419802194488,5.20004217778744,13.83597444380913,-35.28493524743856,3.620409495675452,12.294083574847209,-32.881516958197324,3.102564576754171,55.68569061375463,-48.65108459016889,92.93043211298058,56.55756767602835,-43.48290148460346,48.53725903394027,54.8816498277403,-46.91100050396571,8.625553781355073,54.43391366272737,-47.106025717191734,5.040726402478141,63.89959366544426,-36.7086057816132,3.292835739593363,66.35427055651849,-33.98672361746778,2.5234252740204095,44.12518086745082,-50.750546065644166,100.0291329577204,44.47215382049447,-51.27008290534438,109.93342850472679,45.17785969476453,-50.395144768912374,119.79354217125405,46.06961396246267,-49.17358318433382,129.60159705800524,47.70040587380409,-43.09140641809685,138.03917285157004,27.253305611671394,-43.855239789718496,143.24086856457467,26.591699528532843,-36.32143134014583,114.53458477032673,29.83931241592932,-28.05993918000813,92.73980878933533,30.649591814323028,-23.429016096058383,82.65782190589097,30.649591814323028,-23.429016096058383,82.65782190589097,34.09314051344479,-28.128532294740126,88.46945425910025,34.09314051344479,-28.128532294740126,88.46945425910025,47.70040587380409,-43.09140641809685,138.03917285157004,65.86402263665966,-53.30852530349119,141.41829945674942,70.85391580257577,-51.86011789829799,112.19074732145549,71.14582379003349,-44.22067397316917,89.9339463724945,71.90659144992361,-40.44846561940747,79.49650714946955,71.90659144992361,-40.44846561940747,79.49650714946955,67.07102854878046,-42.60550543260084,85.79595644501521,67.07102854878046,-42.60550543260084,85.79595644501521,47.25624360404704,-46.62189208559167,142.11203645372245,48.38576769707421,-44.9973849793947,149.29184588626916,50.558174661178576,-42.95975055123272,156.11776746668448,53.18338310297348,-41.25902889108553,165.32924763863485
7.61666362,45.7133,-46.9023,91.9919,35.60253107574276,-45.14800788711178,91.03985706350375,28.1151751919156,-39.01264859890075,47.39903935205977,20.995285480410004,-47.099942643870776,8.78029228258341,21.941824986461455,-46.93557287928525,5.292236178164506,14.032174891924665,-35.2888672679168,3.6946615213447345,12.466286718092363,-32.899924229102545,3.1818694882035756,55.82406892425723,-48.65659211288821,92.94394293649626,56.61184609099606,-43.507510485069844,48.54697831304898,54.89412387584756,-46.88870850441535,8.633049540807583,54.4452331579074,-47.082853984908375,5.0483187978714685,63.90732526439157,-36.682214056769,3.300158892827561,66.3613590238905,-33.95915145882243,2.532876666717764,44.28030532369644,-50.78154320278123,100.06228421550432,44.652714378196805,-51.29338193126253,109.96605681247729,45.381863371858294,-50.4093026304144,119.82364904259384,46.29939504229459,-49.17825235336497,129.62813933477747,47.93851539697188,-43.08419118689315,138.0555199900097,27.508068554003184,-43.864725072464914,143.31979558025998,27.047964772048996,-36.36212849384349,114.60140302899957,30.502987681415203,-28.10003969025277,92.83876974308181,31.45970162878835,-23.49912949732481,82.75587409498661,31.45970162878835,-23.49912949732481,82.75587409498661,34.794434349198255,-28.227306518996265,88.60757901653977,34.794434349198255,-28.227306518996265,88.60757901653977,47.93851539697188,-43.08419118689315,138.0555199900097,66.14657564742964,-53.231670877869334,141.40517470011434,71.13790400733734,-51.77075007345956,112.1784904330473,71.47557889588339,-44.19620209951386,89.90016686730205,72.2971406911776,-40.44343301021807,79.46032868801004,72.2971406911776,-40.44343301021807,79.46032868801004,67.42519811130624,-42.57976467726917,85.73876904056219,67.42519811130624,-42.57976467726917,85.73876904056219,47.51469405277333,-46.612019903945736,142.13285086980608,48.66440582810955,-44.98517441497704,149.3089255691926,50.85705691044849,-42.94557931881284,156.12778504694407,53.5136700744893,-41.24471244776792,165.3302303127431
7.62499695,45.8164,-46.9877,92.0127,35.70011667031061,-45.25620296278261,91.07765753382219,28.28925470243515,-38.83253588505709,47.46527708494457,21.265459092438284,-47.09224332716241,8.865428537446107,22.212473925528638,-46.923425934787986,5.377713893508224,14.199450833939956,-35.35009746212867,3.762136598050059,12.609745710536306,-32.975852798301105,3.2543864805606404,55.9326833296894,-48.719197037217384,92.9477424661778,56.63636380256495,-43.5894315585505,48.547129382843345,54.87667503390033,-46.923913918194515,8.631098736990566,54.426620654492886,-47.11719352120758,5.046467110974402,63.88505079727936,-36.7132777964009,3.2979826743411955,66.33842170943588,-33.98902314558114,2.532815121140448,44.405776869814744,-50.86969560961435,100.08570163669134,44.803594698350615,-51.37374698352092,109.9888855806642,45.55613478014653,-50.48043744462821,119.8438873834755,46.499384277240054,-49.23979403772488,129.64472731500894,48.146695369600344,-43.13379414513578,138.06186300493866,27.7331076927775,-43.93111946622235,143.38865372102848,27.475141828775577,-36.46007827299245,114.65950965542723,31.137926911407924,-28.198123695140417,92.93082782168601,32.24067703737997,-23.62857852139127,82.84858303713537,32.24067703737997,-23.62857852139127,82.84858303713537,35.46594967953103,-28.38422119470918,88.73925616516357,35.46594967953103,-28.38422119470918,88.73925616516357,48.146695369600344,-43.13379414513578,138.06186300493866,66.39899279472039,-53.21129958844878,141.38187980985893,71.39177547092628,-51.7378472522252,112.15607304595494,71.775138815769,-44.22832136022241,89.85648659994274,72.65743859918744,-40.4951217869269,79.41458883808977,72.65743859918744,-40.4951217869269,79.41458883808977,67.74927998169156,-42.61080393873906,85.67177820487166,67.74927998169156,-42.61080393873906,85.67177820487166,47.74325060743072,-46.658902438777474,142.14361151923697,48.913121543186826,-45.029628347470336,149.3158761149953,51.125979736081916,-42.98797123100715,156.12758708504035,53.813963137494305,-41.286812132240954,165.32086416347198
7.63333028,45.9758,-46.9246,92.0522,35.85892933918352,-45.18540023775451,91.13804080745422,28.546630900214694,-38.56058233806158,47.53911671997974,21.701493340288206,-46.975184820882376,8.940627934383613,22.672290896422588,-46.79940697279545,5.459802730969135,14.674670830229148,-35.21967894270888,3.8140405895746063,13.089126173469852,-32.843769758141875,3.3010942249201722,56.09267066081648,-48.66379976224549,92.96635919254578,56.73049320639536,-43.538651447295585,48.56421803471289,54.93031123260326,-46.84099978430903,8.647321612116876,54.47933888347595,-47.033126806478094,5.0627433954678045,63.93249369550078,-36.6242006273913,3.3155511054741114,66.38428974534764,-33.898595982401744,2.5501433260737283,44.57889286922324,-50.805498788882964,100.12811344758794,44.997570957798494,-51.30972383668398,110.0304285708163,45.77119143154619,-50.419044172357,119.88403603907648,46.73955301514825,-49.173620319957884,129.68182019222454,48.397557107902784,-43.05722580139284,138.08930389828527,27.99933671081743,-43.8796633546544,143.47086407567957,27.88746034146311,-36.45814307323848,114.72794769563016,31.777955137918386,-28.173332556893783,93.04760020793941,33.04565649812267,-23.625922741931042,82.97474271530204,33.04565649812267,-23.625922741931042,82.97474271530204,36.145517201825264,-28.421241788663163,88.90047723614016,36.145517201825264,-28.421241788663163,88.90047723614016,48.397557107902784,-43.05722580139284,138.08930389828527,66.68694204258458,-53.077967581948016,141.37687469120675,71.70343725730864,-51.58896364377956,112.15591706362773,72.12967811083159,-44.12536909627345,89.8416934068382,73.04756283054994,-40.413432011426366,79.39528390163937,73.04756283054994,-40.413432011426366,79.39528390163937,68.11808335271726,-42.51725419059865,85.63969861158724,68.11808335271726,-42.51725419059865,85.63969861158724,48.012068700767934,-46.57964176761939,142.17511000489836,49.19947642381969,-44.94691245934238,149.3437060604472,51.42773207917435,-42.903117544871094,156.14975414905643,54.137550509162516,-41.203414445188294,165.33688830154517
7.64166361,46.1,-46.9394,92.0734,35.982597447384094,-45.19246024328596,91.18012407133463,28.76789026284249,-38.36537368442843,47.596147754238565,22.104794653358155,-46.93300973671526,8.999469800502382,23.099514834264863,-46.750103679909515,5.52577335727642,15.117759932448264,-35.16370453250997,3.8502124110659297,13.536468712752509,-32.78606943327319,3.3321586510270436,56.21740255261591,-48.68633975671404,92.96667592866538,56.789380799682846,-43.56572754923049,48.563114430116045,54.9486208093042,-46.83583068384165,8.64541399739037,54.496726541549215,-47.026790341968685,5.0608895068424,63.94463601915891,-36.61288013451095,3.315025338614909,66.39486455999887,-33.885930845867726,2.5493875035900926,44.71680037408224,-50.81920967367653,100.15219561849457,45.15633358668827,-51.32362752184134,110.05359714705956,45.95102849763567,-50.43559504037294,119.90576631688056,46.944491344843414,-49.18541104323842,129.70043071056585,48.6131501064051,-43.05866943680682,138.09826715642996,28.230473064984068,-43.90614715283766,143.53455697449147,28.264545211093903,-36.53413791522364,114.77870469135799,32.382867449634126,-28.227968954700188,93.1486681361697,33.81483588736565,-23.704730001753752,83.08694678250697,33.81483588736565,-23.704730001753752,83.08694678250697,36.78854981748657,-28.53812680162959,89.04629671270227,36.78854981748657,-28.53812680162959,89.04629671270227,48.6131501064051,-43.05866943680682,138.09826715642996,66.93936835789972,-53.02261741614266,141.3531794599605,71.9795640141001,-51.517596564565615,112.1371211764833,72.44884914495718,-44.09959168981176,89.80856373575095,73.4023891035659,-40.408739897832625,79.35787785262133,73.4023891035659,-40.408739897832625,79.35787785262133,68.45160090444703,-42.50083485494298,85.58936127566459,68.45160090444703,-42.50083485494298,85.58936127566459,48.245616638631276,-46.57838170843978,142.18805587554277,49.45055889151584,-44.94221196053457,149.3529406775304,51.69421855229498,-42.89630180023716,156.15329026009482,54.425898525345715,-41.19808247154162,165.33422246346493
7.64999694,46.1734,-47.0279,92.0854,36.05552104379336,-45.273183133049486,91.21300733933037,28.937278228282047,-38.242716127291494,47.64550505666136,22.459446226988014,-46.961481336014174,9.051132338761434,23.478203544087698,-46.771283288129645,5.584801703199274,15.512790911355577,-35.17792144920161,3.87989001575069,13.935847957882377,-32.79849524149847,3.356829666950783,56.29127895620664,-48.78261686695052,92.95779266066964,56.797441434753246,-43.666461974629186,48.55291836839077,54.91603170554797,-46.90421087879152,8.634475774090483,54.46321090196813,-47.09398809628007,5.050005412772425,63.905942528573554,-36.67515483215464,3.305501517030402,66.3546204948315,-33.946875465820696,2.5396415191199724,44.803899654125786,-50.90662690417958,100.1670489258037,45.264282670493515,-51.41125848290413,110.06749202136231,46.08004526464033,-50.52589568096392,119.91817946637505,47.098598253172476,-49.27097361751729,129.7096604301837,48.77787190139475,-43.13393213452128,138.09785472910005,28.410914382612297,-44.006384863445874,143.58883428687506,28.591284666076092,-36.683955884276465,114.82086212952855,32.93795779253622,-28.357938259460113,93.2432031860065,34.533658499678175,-23.860897781031262,83.19438101525121,34.533658499678175,-23.860897781031262,83.19438101525121,37.38042026528087,-28.730752095530598,89.18595986887726,37.38042026528087,-28.730752095530598,89.18595986887726,48.77787190139475,-43.13393213452128,138.09785472910005,67.1406787908491,-53.0410607685574,141.3198283803377,72.20443657917576,-51.519584845107204,112.1086971164595,72.71680756260366,-44.14677264589774,89.76612299236785,73.70601268322028,-40.476798954816495,79.31140027165539,73.70601268322028,-40.476798954816495,79.31140027165539,68.73396399188972,-42.557317753532956,85.52981840595527,68.73396399188972,-42.557317753532956,85.52981840595527,48.42829296219139,-46.650929737571,142.1915510438513,49.65076653623565,-45.0113379030194,149.3526828314485,51.90983419417022,-42.96333458542736,156.14729887876905,54.663401344804534,-41.266630678512975,165.32197076857574
7.6583302699999996,46.2462,-47.093,92.1092,36.12789939928132,-45.33047032029871,91.25769727442132,29.105100436173,-38.0956400718936,47.70816652780445,22.815789476767193,-46.96369646776839,9.116627000267037,23.85871011245483,-46.7660522682705,5.657907127010208,15.910117721904868,-35.165442469614945,3.924040837982112,14.337618568387398,-32.7841618179213,3.3960643660097882,56.364500600718685,-48.8555296797013,92.96070272557868,56.80482344965831,-43.743840986730234,48.554612414171466,54.8826457297813,-46.949205826107246,8.63549858696215,54.428891377414324,-47.137793169605125,5.051083481930307,63.86647448446317,-36.71406739892996,3.307946322866533,66.31360866987336,-33.9844650797869,2.541865989268511,44.89039839165175,-50.97063711310114,100.19368114429126,45.37163552417295,-51.47548531713436,110.09312143925578,46.208469069729944,-50.5927933231458,119.94228097198643,47.252110359040444,-49.33313913514912,129.73051182471508,48.9419687043513,-43.18583424372486,138.10905961598863,28.59091305681061,-44.08321836929768,143.6547087756337,28.91740720283679,-36.81043368723207,114.87543279132649,33.49246505041217,-28.466105551755554,93.35213063067201,35.25110403728075,-23.997285379586906,83.31792433353279,35.25110403728075,-23.997285379586906,83.31792433353279,37.970274035478795,-28.901965576728077,89.34028080242723,37.970274035478795,-28.901965576728077,89.34028080242723,48.9419687043513,-43.18583424372486,138.10905961598863,67.3411140246969,-53.03611681025756,141.2978483641289,72.42830490758023,-51.49771827433583,112.09167537782713,72.98383080570672,-44.16971143534669,89.7353964167782,74.00872181023213,-40.520416103641196,79.27687344067401,74.00872181023213,-40.520416103641196,79.27687344067401,69.01545427707602,-42.58950984133576,85.482087474108,69.01545427707602,-42.58950984133576,85.482087474108,48.610345678008784,-46.700100668001966,142.20659360115556,49.85035302489191,-45.057093164654674,149.36392687732206,52.12484011963034,-43.00701423761697,156.1527703982234,54.90032491837697,-41.31184693822644,165.32111989229284
7.6666636,46.3151,-47.1341,92.1361,36.194982271861555,-45.370339909765896,91.30909194519319,29.33080886223484,-37.99079595145565,47.75855168884343,23.29629335877981,-46.89812811490753,9.135387188009268,24.374130627141586,-46.692736560493636,5.687841542784847,16.476353081590712,-35.06388242130173,3.911490718653614,14.91659870094403,-32.67643019111419,3.3736725286246347,56.43521772813845,-48.8978600902341,92.96310805480681,56.83537882010237,-43.774302691084756,48.55800549971636,54.88777098546801,-46.96155085697299,8.638673684898706,54.43387141541591,-47.14964016737506,5.054250797568167,63.86748396840652,-36.72209159948426,3.312485582524366,66.31355829166829,-33.99144061755987,2.5467576676650285,44.977786989814895,-51.01617484320891,100.22153083447098,45.48436144558743,-51.51971471555973,110.11977355518215,46.34622567972151,-50.63039000989701,119.96617750028913,47.41446925088397,-49.360280436986294,129.75040237433362,49.116314608034116,-43.20354063992398,138.11959105649484,28.78176509805408,-44.119273264958245,143.7224937707688,29.177294361433034,-36.917986821723325,114.92610941779331,33.99268850034562,-28.530763649868163,93.47201962138334,35.92523252045582,-24.067938576328107,83.4671744549561,35.92523252045582,-24.067938576328107,83.4671744549561,38.50724707787316,-29.02348738368938,89.50822466141103,38.50724707787316,-29.02348738368938,89.50822466141103,49.116314608034116,-43.20354063992398,138.11959105649484,67.53945429555084,-53.01879525809676,141.27770594906673,72.67153072612678,-51.45261723267833,112.08086366187027,73.27216134139613,-44.14710054698591,89.71839127934801,74.31392746839087,-40.51060060256834,79.25707910917733,74.31392746839087,-40.51060060256834,79.25707910917733,69.31055574798063,-42.57681877402996,85.45510820309781,69.31055574798063,-42.57681877402996,85.45510820309781,48.79797044997542,-46.714500254534656,142.22101113661378,50.05137892830894,-45.066932216679525,149.37496097216476,52.337928778004176,-43.014326864805575,156.1589872513604,55.128186419069486,-41.323367870982125,165.3236291136529
7.67499693,46.3791,-47.1663,92.1642,36.257218708888935,-45.401340993043334,91.36169539414512,29.550846574863236,-37.875198072948606,47.81165695792475,23.772666583385693,-46.81914382661488,9.157766467683487,24.88537242409995,-46.605801093396664,5.721800746983793,17.039146539681234,-34.94838181192862,3.9046942375202507,15.492319779962678,-32.55467561664642,3.3574210781325315,56.50098129111107,-48.931259006956665,92.96670460585487,56.860970574205425,-43.795779992400014,48.562635363756065,54.88789804825379,-46.96492029366312,8.643112392555068,54.433852176520496,-47.15250990356795,5.058681848072764,63.86346000364256,-36.72110971687513,3.3182947153510596,66.30846537032288,-33.98940233546075,2.5529208466890685,45.06028768180167,-51.05281484056185,100.25053658821847,45.59220062002218,-51.55504399719171,110.14751660945649,46.47908495243451,-50.65908515288244,119.99109690173965,47.571910188938695,-49.37851711238429,129.77124299147238,49.2856834391443,-43.212354488789934,138.13105527957237,28.967822917727105,-44.146526671531426,143.79116614467287,29.432158155147494,-37.016880484160176,114.97798756836525,34.48846413925551,-28.589565819118615,93.59515240622062,36.59444784924705,-24.135568833169522,83.62142670850511,36.59444784924705,-24.135568833169522,83.62142670850511,39.0384112525694,-29.1398690859801,89.67969152746979,39.0384112525694,-29.1398690859801,89.67969152746979,49.2856834391443,-43.212354488789934,138.13105527957237,67.732733918805,-52.99250750412387,141.25834235266063,72.90947779511609,-51.39808890866522,112.07091571341182,73.55517592746803,-44.114646572030686,89.7024995001258,74.61380646810818,-40.49075893492329,79.23850405847406,74.61380646810818,-40.49075893492329,79.23850405847406,69.60035957806326,-42.55421734513723,85.42930694855063,69.60035957806326,-42.55421734513723,85.42930694855063,48.98064678119994,-46.720003703510656,142.23631735595424,50.247448928859306,-45.067878674472276,149.38685626638684,52.54606162527937,-43.01274907262468,156.1660401032485,55.35113874863846,-41.326016917104354,165.32693620864896
7.68333026,46.4397,-47.195,92.1884,36.31610354302349,-45.42890759087873,91.41039795068596,29.76680375326557,-37.75428069014521,47.862368414914606,24.246606144045707,-46.73215315182632,9.178650856916754,25.394133242359832,-46.510654685121445,5.754675122265272,17.60014270132966,-34.82437739555405,3.8985513231414997,16.066415825480167,-32.42434022310138,3.34221174514767,56.563296456976516,-48.96109240912127,92.96640204931404,56.883128831078395,-43.81358820108,48.56341780353757,54.8846443065285,-46.96445765238417,8.64371263183105,54.430457340631506,-47.151531096404284,5.059272986621254,63.85601393673118,-36.7162292599243,3.3203309417907447,66.29993854238037,-33.98345088828808,2.5553286457028688,45.139404630689405,-51.08597031753417,100.27559264609899,45.69664922672232,-51.58689536381357,110.17124480240491,46.60853080709555,-50.6843052628675,120.0119349272615,47.72590258699688,-49.39328429069543,129.78793227767503,49.45151523764134,-43.21771428788183,138.13835968387914,29.150531917626346,-44.17045470118743,143.85564494747476,29.6834301150694,-37.11271134845537,115.02595539107945,34.981128450419796,-28.64820393435504,93.71637987150925,37.26000232012028,-24.205896460967356,83.77549967764591,37.26000232012028,-24.205896460967356,83.77549967764591,39.56508435843553,-29.25678843954645,89.84951299431931,39.56508435843553,-29.25678843954645,89.84951299431931,49.45151523764134,-43.21771428788183,138.13835968387914,67.92245814630556,-52.96256663503759,141.23466548870525,73.1436912955443,-51.33941309538413,112.05674886280474,73.83442765233062,-44.07766040411785,89.68262690514345,74.90991692329251,-40.46620889564745,79.21605145464977,74.90991692329251,-40.46620889564745,79.21605145464977,69.88642032048351,-42.52704858304194,85.39957572630831,69.88642032048351,-42.52704858304194,85.39957572630831,49.15982295487467,-46.72205507426076,142.2474153365925,50.439998458279916,-45.065382607315456,149.3945195418106,52.75066041527532,-43.00772891646862,156.1688397373386,55.570588640642676,-41.32523881258013,165.3259556774419
7.69166359,46.5013,-47.2228,92.2091,36.37603290693506,-45.45565873784193,91.45560622850977,29.98293810031308,-37.630761322113486,47.91110690337261,24.722260250313596,-46.639935649650674,9.19851429858096,25.904550018546068,-46.41009044709845,5.786938133463651,18.163428168009954,-34.694691061780475,3.893525675058535,16.64296210816723,-32.28825220282861,3.3285077426946263,56.62656709306494,-48.98994126215807,92.96259377149025,56.906213248860084,-43.830385369284684,48.56073701677936,54.882324490379794,-46.96296128921275,8.640872010880564,54.42799803460633,-47.14951537320495,5.056422975264329,63.84945293981313,-36.71026639419162,3.3189451413556896,66.29228362974081,-33.976404773396645,2.5543194301140777,45.21955239285961,-51.118229406647586,100.29710690924009,45.80213035024167,-51.6178383787306,110.19136649947657,46.73899181274706,-50.708604246208544,120.02909809434787,47.88088036200846,-49.40711488704717,129.800873523074,49.61823959936724,-43.22213382733552,138.14189467862636,29.334328252361374,-44.1935950564541,143.91633771558898,29.935506270561355,-37.207969420720126,115.07043088103428,35.474961196929314,-28.709132780212123,93.8361256859803,37.92608126384749,-24.281344859111364,83.92980621938882,37.92608126384749,-24.281344859111364,83.92980621938882,40.09152925771442,-29.37665549352378,90.01808966207327,40.09152925771442,-29.37665549352378,90.01808966207327,49.61823959936724,-43.22213382733552,138.14189467862636,68.11305360992702,-52.93147543762036,141.20710740364132,73.37858671383202,-51.27912005802241,112.0387923259548,74.11432455425457,-44.03873738322199,89.6591799344807,75.20665972365941,-40.43957526464403,79.19011613905283,75.20665972365941,-40.43957526464403,79.19011613905283,70.17314283952975,-42.49794081860031,85.36631155186416,70.17314283952975,-42.49794081860031,85.36631155186416,49.33993764321229,-46.72316056571842,142.25470234375348,50.63346755851762,-45.06193387334094,149.39834411369426,52.95616638946781,-43.001740489964156,156.16777428663298,55.79097694538039,-41.32348854738745,165.32107205387098
7.69999692,46.5627,-47.2435,92.229,36.43906246050331,-45.46226835451748,91.48687359296076,30.20688513985855,-37.619259252519484,47.92230913605361,25.215462969195926,-46.50645993901789,9.145922657139423,26.43379380827445,-46.25824141881063,5.748343022108577,18.710179767828805,-34.53448574840421,3.8352564754922756,17.19468621300773,-32.125399596891796,3.268164344717309,56.68633753949669,-49.02473164548252,92.97112640703924,56.93863779834425,-43.83382033179389,48.572760597442084,54.87583747825459,-46.96472817158336,8.654756506202965,54.42171545471509,-47.152341841992396,5.070336868100856,63.84269863173406,-36.713084119269865,3.3303554955270886,66.28563245944427,-33.97917972730523,2.5662123750152146,45.28404364629478,-51.141250636049435,100.31637787313079,45.88277372629783,-51.642328866012484,110.20959888244604,46.83731777868502,-50.732171878858175,120.04554514862636,47.99853666936629,-49.42460904924269,129.81423130260495,49.75233754274715,-43.23341354646561,138.14719731051122,29.486972113538997,-44.2064994480436,143.98612329812275,30.065835979279164,-37.30666578022309,115.1191190610816,35.84964119489397,-28.747239318219336,93.97449047343844,38.4685541125384,-24.31576756371802,84.11285703623767,38.4685541125384,-24.31576756371802,84.11285703623767,40.49737800396896,-29.464188650009003,90.20352076768427,40.49737800396896,-29.464188650009003,90.20352076768427,49.75233754274715,-43.23341354646561,138.14719731051122,68.25951941093979,-52.92384259597925,141.19757318472475,73.58164012715143,-51.238523015768386,112.0414168771003,74.3686781311712,-43.99191673231214,89.66556447338613,75.4710685305142,-40.393389652619135,79.19733639529113,75.4710685305142,-40.393389652619135,79.19733639529113,70.4315630951929,-42.45558173814296,85.36736877150554,70.4315630951929,-42.45558173814296,85.36736877150554,49.4815527352355,-46.73126989415599,142.26320309900848,50.7916904665807,-45.066460752887856,149.4029832882409,53.12415873714983,-43.003835756503975,156.16831265151515,55.967368673225494,-41.327210687253356,165.3193030964321
7.7083302499999995,46.6259,-47.2617,92.2435,36.50389514302608,-45.46654411083649,91.51274161380253,30.4327843143222,-37.604024602972345,47.92895446142153,25.70959648940205,-46.36684049997863,9.090708697539505,26.963625523935054,-46.10001945230986,5.707558161032274,19.257498483616104,-34.36771666003046,3.776434594623788,17.746930001388126,-31.955946086171366,3.207614900461522,56.747904856973925,-49.05685588916351,92.97425838619746,56.9728557518079,-43.834538538248935,48.57942872292191,54.87121878536925,-46.96374936970636,8.663317422801654,54.4173058871035,-47.15242711048227,5.078927149055826,63.837669156371376,-36.71302573696704,3.336453092526738,66.28066711168137,-33.979043000997386,2.5727954405837528,45.35038757902632,-51.16180078795613,100.33024130056265,45.96527318364205,-51.664373983216414,110.22239551069515,46.93748509914206,-50.75331562361387,120.05652768883665,48.118017128320766,-49.43970098798019,129.8220865441983,49.88814434151967,-43.24229973888004,138.14698348967124,29.641552150279125,-44.217334757290004,144.05035542395353,30.1970349447957,-37.403554345738634,115.16245904834052,36.22567412601939,-28.7877303308549,94.10932179026976,39.01190239387205,-24.355848993849584,84.29383297488278,39.01190239387205,-24.355848993849584,84.29383297488278,40.90335759334032,-29.555031614912124,90.38558543661412,40.90335759334032,-29.555031614912124,90.38558543661412,49.88814434151967,-43.24229973888004,138.14698348967124,68.40786184345822,-52.91345840278718,141.1823982201364,73.78638886273013,-51.19478902885911,112.03854218964374,74.6245069240139,-43.94171485338963,89.66664072015556,75.73685696837371,-40.34371502070965,79.19928501712761,75.73685696837371,-40.34371502070965,79.19928501712761,70.69142955980232,-42.409885016808644,85.36314375705837,70.69142955980232,-42.409885016808644,85.36314375705837,49.62495037707816,-46.737004772904506,142.2661572847721,50.951667417913704,-45.06862125150201,149.40204053925217,53.29387869087146,-43.003573494155305,156.16326347709463,56.145498779120445,-41.328621858254024,165.31194318381114
7.71666358,46.6929,-47.2794,92.2509,36.57259562826903,-45.47011648813406,91.53152012315255,30.663020260461508,-37.58652639777078,47.92934095158671,26.206711320998494,-46.22244910960557,9.03117995082372,27.49609144172049,-45.936845770191965,5.662883722698478,19.807879592079235,-34.19549503678018,3.7154129244459693,18.302280678546865,-31.780942323168745,3.1452222636474927,56.813204371730976,-49.088683511865945,92.97027987684746,57.0109485209311,-43.83497074657212,48.579025088530805,54.870396085687325,-46.96242676371399,8.664844227302865,54.4166865957159,-47.1521606924281,5.080483952636746,63.83662438274075,-36.712793041188455,3.3355094167673474,66.27973670298567,-33.978777672891766,2.5723346162235656,45.42045122446008,-51.181822375826734,100.33700392394098,46.051489241361736,-51.685925411103185,110.22806302756835,47.04139925190668,-50.77400945103636,120.0603499687229,48.2412871125683,-49.45439298311657,129.82274007257718,50.02786222104854,-43.25084671807048,138.13954263517246,29.800242310306146,-44.22740592903321,144.1073490742271,30.332452064599025,-37.49977226322635,115.19883095800161,36.60725047101456,-28.831837205678468,94.2392195819055,39.560687191642245,-24.402852626451775,84.47142720260689,39.560687191642245,-24.402852626451775,84.47142720260689,41.313733237139196,-29.65051243710184,90.56301540502336,41.313733237139196,-29.65051243710184,90.56301540502336,50.02786222104854,-43.25084671807048,138.13954263517246,68.5598945534885,-52.903109726339295,141.15990441625186,73.99478009213308,-51.150991618712844,112.02849828886488,74.88409564756284,-43.89129481141873,89.66072186050629,76.00647668465223,-40.29378741108723,79.1942677263209,76.00647668465223,-40.29378741108723,79.1942677263209,70.95509787409658,-42.363855284658406,85.3519411396193,70.95509787409658,-42.363855284658406,85.3519411396193,49.77220989169761,-46.74240365532077,142.2618598394202,51.11555027816995,-45.07048941503799,149.39380563854905,53.46756654084877,-43.00309921165767,156.15090773556975,56.32768950742704,-41.32995643159517,165.297263859184
7.72499691,46.7636,-47.2932,92.2485,36.64499826752173,-45.46995623491841,91.54050567616756,30.89692742643937,-37.56395877425309,47.92079696544996,26.70627476415023,-46.070673813814764,8.964680511294212,28.030630560533513,-45.766067576575146,5.611654026397213,20.360246856319076,-34.015498088184984,3.649539980620086,18.859555431568527,-31.59813110463447,3.078337390097205,56.882201732478265,-49.116443765081584,92.95649432383246,57.05268714141162,-43.8313511128041,48.56885153180999,54.87325280926759,-46.95708354697663,8.656639836242,54.419746490098746,-47.14788321973085,5.072310422397507,63.83910620378957,-36.70841503469957,3.324818620465967,66.28229241443388,-33.97433198509868,2.5621229815623794,45.49427495225105,-51.19796068611671,100.33396602626061,46.14147901109648,-51.7036060140226,110.22390175653616,47.14908226512247,-50.79084069913878,120.05431243986071,48.36831832872289,-49.4652308712943,129.8134927868949,50.171234113084864,-43.25553694775199,138.12217726739,29.962817728573675,-44.23390118226708,144.1543990384161,30.471646188013693,-37.59259180562307,115.22550647401668,36.99354234576615,-28.876719189868016,94.3614240045328,40.11385341745164,-24.453875096624778,84.64285570597954,40.11385341745164,-24.453875096624778,84.64285570597954,41.727680426726906,-29.747620506515293,90.73304229369265,41.727680426726906,-29.747620506515293,90.73304229369265,50.171234113084864,-43.25553694775199,138.12217726739,68.71575392045182,-52.88854708156112,141.12732114349734,74.20673254203649,-51.10262061538604,112.00848974395942,75.14696233056797,-43.836075715975774,89.64501963286948,76.2792514204991,-40.238964748302124,79.17949647662311,76.2792514204991,-40.238964748302124,79.17949647662311,71.22200401709915,-42.313066432721676,85.33099236439355,71.22200401709915,-42.313066432721676,85.33099236439355,49.923201176362795,-46.74395939825226,142.24761246396585,51.28314369535865,-45.06851029237725,149.37558118872536,53.64494444102844,-42.998774294696005,156.12855102725982,56.51359317107824,-41.32747384354351,165.27257365146417
7.73333024,46.8363,-47.3025,92.2437,36.72227813456236,-45.457121850738204,91.52765810061399,31.1103437967171,-37.617578147174726,47.87823829052222,27.135353018712774,-45.88837691642114,8.848786389125848,28.478853701888845,-45.56076090029167,5.505559878121712,20.811590095738666,-33.802662460724136,3.5766350793686374,19.316317296246268,-31.382245954777773,3.004137500561042,56.950321865437644,-49.1478781492618,92.95974189938602,57.09393217956933,-43.828716934117665,48.57607370606313,54.86242292837836,-46.95928773940864,8.667118914125659,54.408876720686656,-47.15096378873732,5.082841305847776,63.83107326290549,-36.714538350543584,3.332470661435009,66.2751706868785,-33.98122550674154,2.56993390846156,45.55177461323792,-51.206023314309206,100.32736273541322,46.199027545731724,-51.7162618485649,110.2170593596752,47.2108690256269,-50.80907398573959,120.04755100768071,48.439611259161055,-49.48480378256299,129.80572091770523,50.261092951453186,-43.274414712512524,138.1098351865025,30.067544758953765,-44.2310526479148,144.1950996916619,30.47295122047898,-37.66360755946382,115.24771583316556,37.2320707252324,-28.892972122734925,94.48231769596488,40.500635902127236,-24.4590598095205,84.81767263709283,40.500635902127236,-24.4590598095205,84.81767263709283,41.99121680302391,-29.80204427846539,90.89626098441984,41.99121680302391,-29.80204427846539,90.89626098441984,50.261092951453186,-43.274414712512524,138.1098351865025,68.80326907244341,-52.913392579618964,141.11030168616753,74.37038359085929,-51.08718135148062,112.0084304382724,75.36548945717362,-43.776822229200754,89.66162046328657,76.51869696109571,-40.16079426600488,79.20490419797903,76.51869696109571,-40.16079426600488,79.20490419797903,71.44919077555915,-42.24284486611954,85.34361115361168,71.44919077555915,-42.24284486611954,85.34361115361168,50.012482963377444,-46.76077925651688,142.23697492633906,51.387578797248345,-45.083200636467225,149.36153476703961,53.76014854215568,-43.009596233608356,156.10954107175618,56.64033645440762,-41.33496461323739,165.24932591673868
7.74166357,46.9151,-47.3068,92.2339,36.80575173189,-45.439085400545984,91.50981811302341,31.330776255119726,-37.66553364279684,47.83121192133777,27.568049428676275,-45.699124269321274,8.731236369363543,28.930298520174436,-45.348485479927376,5.397946748630773,21.26575765297001,-33.58304997388434,3.5032431707339136,19.77591466507143,-31.15952924889415,2.9297229427973153,57.02444826811001,-49.17451459945402,92.9579818869766,57.14143549322031,-43.821070436440095,48.57835760023152,54.85776981102815,-46.95615702923427,8.672707839857239,54.40417726351508,-47.148686645398584,5.088481843726383,63.82940170097995,-36.715473000252366,3.335268126534476,66.27445991614829,-33.98297281063994,2.572899017896243,45.615296551904216,-51.2090276154721,100.3157459270061,46.26257228408666,-51.72389517185089,110.20520114791267,47.278652702825035,-50.822337915818316,120.03577356955483,48.5169263216799,-49.499483751315495,129.7929306526762,50.357099983027084,-43.288502683138034,138.09247984602553,30.178560716334268,-44.223012745217005,144.23073960318874,30.480383188880566,-37.728901502005044,115.26555111776966,37.478392459537424,-28.908790572783467,94.6004836926673,40.895570504944565,-24.467142994577035,84.9909508305629,40.895570504944565,-24.467142994577035,84.9909508305629,42.261825556930425,-29.857200010354294,91.05718386708214,42.261825556930425,-29.857200010354294,91.05718386708214,50.357099983027084,-43.288502683138034,138.09247984602553,68.89674253868048,-52.93382644167661,141.08820552465122,74.5399820236608,-51.06733630110707,112.00355692250517,75.59009299460418,-43.71314088972315,89.67365367506846,76.76428005098995,-40.078190554272915,79.22583659941624,76.76428005098995,-40.078190554272915,79.22583659941624,71.68249557171791,-42.16810251681542,85.35170676199847,71.68249557171791,-42.16810251681542,85.35170676199847,50.10785116505592,-46.77282107958581,142.22130866675852,51.49813761084274,-45.0931976769546,149.3424378136351,53.88151403280386,-43.015833765776016,156.08547774487326,56.77328071533971,-41.338027010891295,165.22102318197983
7.7499969,47.0021,-47.3086,92.2144,36.89745445643803,-45.41870001375917,91.48228573912259,31.560067841060135,-37.710872886415764,47.77501166096742,28.006470342466365,-45.50616115917454,8.607292742799906,29.38706916352874,-45.132443849960715,5.284075610008978,21.724495452054903,-33.36010739329152,3.4246080875156526,20.24001682896566,-30.93347512580797,2.850335207345691,57.10674554356197,-49.198499986240826,92.94651426087741,57.19715519359469,-43.81054152369517,48.57100488970439,54.861343613867824,-46.94988855339242,8.668708412168854,54.407702179967046,-47.14326345405799,5.084534108254348,63.835779134330195,-36.71310028765731,3.3285095455374805,66.2817517443865,-33.981369252085564,2.566317207771963,45.68707703927656,-51.20951877112933,100.29441548936146,46.334370541083196,-51.72902931652507,110.18362672970522,47.35466179109061,-50.83312287987128,120.01427963082632,48.602448652089734,-49.51172063391584,129.77042144479674,50.46122563594598,-43.30018896197135,138.06541174971673,30.2978711127191,-44.212878187099314,144.2566250063411,30.4952300417661,-37.7916280366154,115.2742973289782,37.73299478138131,-28.927223470444382,94.71101462651968,41.298739439500736,-24.481117605403597,85.15768701249918,41.298739439500736,-24.481117605403597,85.15768701249918,42.53992655496934,-29.91598105271969,91.21080724979714,42.53992655496934,-29.91598105271969,91.21080724979714,50.46122563594598,-43.30018896197135,138.06541174971673,68.99847983398303,-52.95158411292761,141.056359304833,74.71784889221145,-51.04476113872069,111.98920317698285,75.82284506091898,-43.646715326326294,89.6764399266623,77.01795213059282,-39.99281632321316,79.23760847874973,77.01795213059282,-39.99281632321316,79.23760847874973,71.92393917609641,-42.09067210255183,85.35059333905178,71.92393917609641,-42.09067210255183,85.35059333905178,50.21139932676298,-46.782482779536714,142.19591337486906,51.61685455625942,-45.1008524610156,149.31359042375317,54.01100553446152,-43.01975489863394,156.05166029070492,56.91434054764603,-41.33883056363648,165.1829624797484
7.75833023,47.0864,-47.3059,92.1973,36.98651808275462,-45.393790456396,91.45716679512512,31.78729948409806,-37.75136581588128,47.72176267183575,28.439386237022855,-45.30728210811243,8.489067307320532,29.83792276591473,-44.91045880129936,5.176045018816422,22.176727260273843,-33.13155526641174,3.3528401646763966,20.697578116659894,-30.701784533412315,2.778086059945019,57.186281917245374,-49.218009543604005,92.93743320487488,57.25023605579791,-43.795393438382376,48.56609959077722,54.86222045690148,-46.9387830196481,8.667211597127356,54.40852359772679,-47.13299396620424,5.0830895132952785,63.83945858154245,-36.705886957151456,3.324264407491902,66.28634639738816,-33.97492556930936,2.5622515897641103,45.75615493308894,-51.20546217229809,100.27547837639406,46.40345719528887,-51.729625662394454,110.1644435122109,47.4279516966914,-50.8393944613904,119.99517484135193,48.68526167847381,-49.51948650747176,129.75029624722345,50.56266609188571,-43.30746331831301,138.0407221899513,30.414663557434935,-44.198349669733624,144.28486378192514,30.507241969573045,-37.849480837491164,115.28607043757052,37.98592912713829,-28.946037544742566,94.82612326823309,41.700316174200324,-24.49877893119226,85.33014093254585,41.700316174200324,-24.49877893119226,85.33014093254585,42.815585436772714,-29.976187730389327,91.36940562886474,42.815585436772714,-29.976187730389327,91.36940562886474,50.56266609188571,-43.30746331831301,138.0407221899513,69.0975158378601,-52.96498461914264,141.02679252706236,74.89286958581134,-51.01782136275606,111.97736651157824,76.05264505667775,-43.57592077100318,89.68197374357246,77.26861678401366,-39.90306165964511,79.25220962652274,77.26861678401366,-39.90306165964511,79.25220962652274,72.16242321064183,-42.00886864556362,85.35228461647796,72.16242321064183,-42.00886864556362,85.35228461647796,50.31226482283581,-46.78774271193822,142.17288647017614,51.73290098279586,-45.10415671903492,149.28708653821005,54.13783470651649,-43.019383856183765,156.02017850233253,57.05275945379859,-41.33543826789126,165.14723068032256
7.76666356,47.1762,-47.2987,92.1753,37.08200430379594,-45.36567711809216,91.41227274311056,32.01348253860603,-37.82903830773211,47.6431824531814,28.770027929405074,-45.109570824161906,8.349688994782198,30.145249418377414,-44.694336681610814,5.0291715190371065,22.45396841079162,-32.91847242325679,3.3163439062371123,20.97246300735344,-30.48758719009538,2.7524742336342385,57.27039569620406,-49.231722881907835,92.93832725688942,57.3038276163989,-43.79517013414343,48.56866556359399,54.85938352703535,-46.95023363689436,8.674116473804986,54.403571383646,-47.143104366198195,5.090190412163002,63.836735761640895,-36.71833843455617,3.3294445224321434,66.28409534516729,-33.98784413185148,2.567272920088718,45.81938521705468,-51.19667290310236,100.24982561120223,46.445318207226066,-51.731381018738766,110.13960185555112,47.45594806165554,-50.85197708848746,119.97274250669582,48.70966366385793,-49.54031887664509,129.72943912822203,50.60465712124219,-43.33629368466317,138.02185210393208,30.461998787619958,-44.18703067042028,144.28879319796064,30.449613009930214,-37.865719625920065,115.28383508885125,38.10439624207501,-28.942167076065324,94.89790842855798,41.922068668821666,-24.48285940015011,85.4486537952842,41.922068668821666,-24.48285940015011,85.4486537952842,42.95258808931545,-29.99272697913692,91.47343094799112,42.95258808931545,-29.99272697913692,91.47343094799112,50.60465712124219,-43.33629368466317,138.02185210393208,69.12129029323444,-53.032449149927615,140.99571390423466,75.0108496334929,-51.02609207585944,111.96927175730747,76.24140287928867,-43.50789175935539,89.70329086828801,77.49089087173165,-39.79724265349097,79.2908788614208,77.49089087173165,-39.79724265349097,79.2908788614208,72.36519387502443,-41.917072310906605,85.36970303022612,72.36519387502443,-41.917072310906605,85.36970303022612,50.346577437151154,-46.81757175739676,142.15270249446473,51.78498040538384,-45.13578327226146,149.26375697989414,54.20609022861271,-43.044840285977266,155.98913400683276,57.14107523344619,-41.34868604082503,165.10749264665685
7.77499689,47.2741,-47.2866,92.1469,37.18569950352029,-45.33260401518325,91.36099292919077,32.248103777064614,-37.90198503664882,47.558822294758386,29.108330868996404,-44.90696072355531,8.206860191178215,30.460080616200408,-44.473261687236224,4.879072996895833,22.738522217880632,-32.701661613209396,3.2767220370531205,21.254483207298986,-30.26982642435873,2.7237156046859266,57.362500496479704,-49.24059598481675,92.93280707080923,57.36551229234106,-43.78966833700074,48.56489658409191,54.864558706549026,-46.95590299392271,8.6747352789653,54.406630198793515,-47.14739517735522,5.0910050897533585,63.842093397923406,-36.7250179954586,3.328436198576005,66.2899433341482,-33.99500043286444,2.5661315237564692,45.8906985182313,-51.18292441691498,100.21770908787293,46.49521596090604,-51.72814797707814,110.10824339959467,47.49193986304767,-50.859570283579075,119.94376541388834,48.74203514920862,-49.55620705222561,129.7020380634444,50.654616446069966,-43.36029130368539,137.99647611348055,30.517406567555646,-44.17093098153094,144.28620030945035,30.399829524652198,-37.87601500026988,115.27573788521715,38.23117812618445,-28.935238867023084,94.96455861230335,42.152257380776355,-24.46558727690819,85.56265385991108,42.152257380776355,-24.46558727690819,85.56265385991108,43.097619335980454,-30.006800902624224,91.57262832587976,43.097619335980454,-30.006800902624224,91.57262832587976,50.654616446069966,-43.36029130368539,137.99647611348055,69.15288987208439,-53.095159310944354,140.95809965094352,75.13693383496101,-51.029943359283294,111.9551201046389,76.43857986375718,-43.435700410538,89.71900772204935,77.72172801147616,-39.68739914808281,79.32419029663268,77.72172801147616,-39.68739914808281,79.32419029663268,72.5764870127515,-41.82112715291318,85.38160316189203,72.5764870127515,-41.82112715291318,85.38160316189203,50.388839360959686,-46.842576834856445,142.12598905236658,51.845002889038696,-45.16269971752614,149.23387988950404,54.282261061864894,-43.0656978210252,155.95153328541272,57.23725714591481,-41.35749499011789,165.06117552416885
7.78333022,47.3721,-47.2673,92.1175,37.289603447527654,-45.29227248201216,91.30873280075538,32.483127700490435,-37.96793983962975,47.474088459927486,29.446173637408545,-44.69730557424847,8.066001389905047,30.774289354971533,-44.24512206753566,4.731165777671805,23.02228674701743,-32.47901125366006,3.239303558204967,21.535540258626,-30.04639235740906,2.697122343334589,57.45459655247235,-49.24232751798784,92.92626719924463,57.427243696747894,-43.77663603253167,48.56018138296943,54.869655549776155,-46.95358184990806,8.674462913397846,54.409606282083125,-47.14366117730105,5.0909291317525645,63.84740232300679,-36.72369142133145,3.3266170350404987,66.2957517116946,-33.99415288616874,2.564200957315322,45.962101171883376,-51.16190673545806,100.18453443871009,46.54516555179266,-51.71760636656816,110.07577363758023,47.52795088126989,-50.85984389106054,119.9136471665587,48.774413265645705,-49.5648085137349,129.67349316617424,50.70459273333992,-43.37710644352947,137.9699859226869,30.572941342450545,-44.147655479479155,144.28250168891662,30.3494430914499,-37.87803277620286,115.26718502115713,38.35747752721829,-28.922980372577864,95.03132765943712,42.381916767351726,-24.444718087027525,85.67731694022392,42.381916767351726,-24.444718087027525,85.67731694022392,43.241814230515466,-30.0161484648535,91.67217228890802,43.241814230515466,-30.0161484648535,91.67217228890802,50.70459273333992,-43.37710644352947,137.9699859226869,69.18440546187962,-53.15071114883155,140.91925047891095,75.26305046850898,-51.026979542301945,111.94017940016852,76.63596270784954,-43.35696713453269,89.73438007008957,77.95285133662462,-39.57116224412254,79.35738886348187,77.95285133662462,-39.57116224412254,79.35738886348187,72.78806315365811,-41.71865535255253,85.39326387279903,72.78806315365811,-41.71865535255253,85.39326387279903,50.43110395256596,-46.860404178646334,142.09814142694307,51.90503181902578,-45.18254868874689,149.20284755049155,54.35842156272224,-43.07960037670127,155.91276548328995,57.3333911261178,-41.35951366135148,165.01366644280748
7.79166355,47.474,-47.2439,92.0848,37.39751342055911,-45.24780003717888,91.25318833415282,32.72235096136123,-38.0300336532519,47.38667711366527,29.787371193044255,-44.4838325747683,7.924807506027527,31.091700183511986,-44.013141292174005,4.583151412903167,23.30909168372999,-32.253744828953984,3.2017894907663695,21.819463695898058,-29.820507816785508,2.670398499704951,57.550486579440886,-49.239999962821116,92.91641166584718,57.49285467975079,-43.759136871877715,48.55222655451584,54.87854864539301,-46.94632062641504,8.671002358617166,54.4163766201574,-47.13495167579918,5.087665200338886,63.85655839937233,-36.71742377429841,3.32169764774017,66.30542127861285,-33.988370767526156,2.5591926284090443,46.0373965519507,-51.13672294019262,100.14800054592858,46.59896552399893,-51.70285715181213,110.03989173945,47.56777171731944,-50.85589785540326,119.88008754799012,48.8105761591972,-49.56922305140927,129.64150568822035,50.758343747066995,-43.38983441109769,137.94008383159118,30.632354347613713,-44.12030209138058,144.2753783394382,30.302733791042677,-37.87485836037472,115.25585896830584,38.487813067849864,-28.90846773859715,95.09600235447843,42.615666837086295,-24.423319399727514,85.79048095753352,42.615666837086295,-24.423319399727514,85.79048095753352,43.389736875121606,-30.023823862499153,91.76992207627154,43.389736875121606,-30.023823862499153,91.76992207627154,50.758343747066995,-43.38983441109769,137.94008383159118,69.2195700111169,-53.20221717040771,140.87696283017954,75.39305521831758,-51.02026021812477,111.92227640647847,76.83751725439689,-43.274702715354,89.74725959391219,78.18827546764774,-39.45152065529395,79.38834111678176,78.18827546764774,-39.45152065529395,79.38834111678176,73.00390885126727,-41.61265430278782,85.40252392896775,73.00390885126727,-41.61265430278782,85.40252392896775,50.47713175391502,-46.87414907717411,142.06686201979954,51.968818680423155,-45.1984208846056,149.168363032995,54.43831243897313,-43.08962734682211,155.87053446425406,57.433209194556525,-41.357803377610644,164.96266950776615
7.79999688,47.5783,-47.2138,92.0538,37.50666835219104,-45.203237093120016,91.19855292556402,32.90751959106961,-38.06415092368501,47.311135804156,29.921139957100344,-44.43757425721171,7.8400604275784005,31.176499834407576,-43.99973132548483,4.475264001465225,23.44121883967854,-32.205657822747256,3.1240352478460585,21.95905505676863,-29.76764627984634,2.5936575312967434,57.649931647808955,-49.22436290687998,92.90904707443597,57.560709336094284,-43.7607760491803,48.5427833115557,54.895793009160826,-46.964773822245604,8.666256394951802,54.430421597937105,-47.15246010923446,5.083283725380909,63.87155644149754,-36.73679593350511,3.311427736837463,66.3211112182412,-34.00772615037685,2.5512086012268282,46.11580237539907,-51.11346443359911,100.10903562398138,46.63700847899449,-51.697792735978695,110.00207780892192,47.57606467987779,-50.86318073894246,119.84621186461143,48.80372256401805,-49.58707361218043,129.61093335377512,50.76555098114522,-43.42291575041548,137.91752283821418,30.633129260612257,-44.097561632176664,144.23855419716466,30.246984099089953,-37.83489603108191,115.2234437696116,38.51718201398152,-28.879928983194063,95.09327005302967,42.68569676087406,-24.388939566961483,85.80871515260012,42.68569676087406,-24.388939566961483,85.80871515260012,43.42623035287627,-30.00250437770174,91.78015140098283,43.42623035287627,-30.00250437770174,91.78015140098283,50.76555098114522,-43.42291575041548,137.91752283821418,69.19429627184012,-53.3044895395839,140.82627434013213,75.46963127938699,-51.047659901460285,111.89923487586023,76.99826750858476,-43.20381951961147,89.7644445768115,78.40608375910077,-39.32485297749007,79.43390089311558,78.40608375910077,-39.32485297749007,79.43390089311558,73.18885653480181,-41.50318130742922,85.41336378962913,73.18885653480181,-41.50318130742922,85.41336378962913,50.472277891861886,-46.911139172255325,142.04015735347627,51.98562292769148,-45.24169739427339,149.138555937309,54.475140235281735,-43.12553680046555,155.83099042850304,57.49362373454703,-41.37550316543285,164.91183180622335
7.80833021,47.6737,-47.1776,92.0302,37.60699597185134,-45.15259248677449,91.15134313393145,33.0827589881989,-38.09191490301159,47.24345985514084,30.04651410640846,-44.383647740550025,7.763083785391437,31.252188099608098,-43.97800635192196,4.3761537404165,23.564592513268977,-32.14926068531487,3.056225312196551,22.089810965059215,-29.706498734896336,2.5271282289051618,57.74040402814865,-49.20260751322551,92.90905686606854,57.61940138232736,-43.755849546740556,48.54079920065827,54.9037426260197,-46.976139877307766,8.669008327960512,54.435165558153415,-47.16283896178421,5.086401898707434,63.877209924082486,-36.74898486208076,3.308762457786739,66.32744887723774,-34.01988579832709,2.5508567959398993,46.18533071774744,-51.08407570519613,100.0773925165774,46.66613457468002,-51.68653321670748,109.97139330687364,47.57540660356287,-50.86423213780824,119.81935879998603,48.787894775387215,-49.59871050880492,129.58735278442884,50.76371007190201,-43.44991063262175,137.9020058585329,30.62504920251189,-44.068860066787195,144.20884570314934,30.182278881985035,-37.78787384815555,115.19850464681875,38.53732474080144,-28.84471168255743,95.0981424257818,42.74640130661984,-24.348076141159176,85.83464394509015,42.74640130661984,-24.348076141159176,85.83464394509015,43.4534466142855,-29.9745328611899,91.79800058915339,43.4534466142855,-29.9745328611899,91.79800058915339,50.76371007190201,-43.44991063262175,137.9020058585329,69.15975859456427,-53.40047122173911,140.7824106137992,75.5373359159222,-51.06932313959886,111.88363939823995,77.15064125551666,-43.127683074710504,89.7897691804398,78.61576082874004,-39.19335652105788,79.48816930293313,78.61576082874004,-39.19335652105788,79.48816930293313,73.36566095399483,-41.388515405613695,85.4326019529444,73.36566095399483,-41.388515405613695,85.4326019529444,50.45838701698905,-46.942047745697565,142.0204501409795,51.99336658202313,-45.279050427966745,149.1157154044244,54.50283394195064,-43.15566216601888,155.79840254067287,57.54477326246325,-41.38764176874554,164.86792565556402
7.8166635399999995,47.7722,-47.1346,92.0098,37.71051982652731,-45.09504547797712,91.10736759342171,33.2600420527809,-38.11254897227784,47.179448312134475,30.175230678494444,-44.32122443602182,7.6896892920926305,31.330520413642976,-43.947129385782944,4.281632901002951,23.691155993314172,-32.08360431798221,2.994214857367583,22.223712181597868,-29.636090616892673,2.466677534200262,57.833880173472686,-49.174154522022874,92.91223240657828,57.680925710730676,-43.74387958496923,48.542052991904576,54.91429017357353,-46.98006717080152,8.675054140676203,54.44249384023863,-47.16574538471701,5.092817176944056,63.88552699189864,-36.753768357730294,3.3094438884396316,66.33647419540702,-34.02466013527573,2.5538648155787533,46.2579451993146,-51.04781597080089,100.04888428360906,46.698313378434996,-51.668313688556346,109.9436524713676,47.57779090686417,-50.858272306794746,119.79533919381376,48.77511834803055,-49.60334386062155,129.56656944563034,50.764936126682315,-43.47002928008371,137.88931654078607,30.6202307471661,-44.03310623307172,144.18207256319027,30.12077968554884,-37.73274360522596,115.176854049366,38.56055783641555,-28.801887870673944,95.10644142648322,42.81017175863037,-24.29986015113748,85.8640938483239,42.81017175863037,-24.29986015113748,85.8640938483239,43.48368859915733,-29.939052841706935,91.8192959118914,43.48368859915733,-29.939052841706935,91.8192959118914,50.764936126682315,-43.47002928008371,137.88931654078607,69.1279916343756,-53.48952332412954,140.74114408864122,75.60813243285266,-51.0846941002615,111.87124119174973,77.30656929226457,-43.04579102305421,89.81896575836512,78.82922146949299,-39.05655583460972,79.54686793030089,78.82922146949299,-39.05655583460972,79.54686793030089,73.54624769435418,-41.268135775112476,85.45598402424636,73.54624769435418,-41.268135775112476,85.45598402424636,50.44753867801114,-46.96606920719947,142.00353466572665,52.00415860494534,-45.30967282292813,149.0956286388593,54.53353284029686,-43.17920661383931,155.76855087817623,57.59882577275604,-41.39343125100486,164.8267254226476
7.82499687,47.8755,-47.0926,91.9869,37.81890223669672,-45.038586872462396,91.06091603198185,33.44112603666403,-38.13398975161809,47.11338235384177,30.309410004259068,-44.25827180890055,7.614138010877106,31.413662138789324,-43.9150267758641,4.185975250114255,23.822882729425327,-32.016762213353665,2.9322091798747136,22.362694376083763,-29.564520194679535,2.4065007630553983,57.93209776330328,-49.1466131275376,92.91288396801816,57.74697665654864,-43.73233706092745,48.54087198861422,54.929225569661476,-46.984018959070916,8.678714202869195,54.454201702916194,-47.16864598174384,5.096849460570668,63.89812183199008,-36.75844536111461,3.307811553223897,66.34975410561364,-34.02930428852906,2.5545773131272624,46.33540733734055,-51.01254213087494,100.01779479669074,46.735301603304094,-51.651018057537286,109.91313774716608,47.58494044279515,-50.853200130805035,119.76843984495146,48.76707030838615,-49.60887912008765,129.5428765675235,50.77077025177146,-43.49116593368533,137.8737716966076,30.620214658636087,-43.99867005316696,144.15250864735415,30.063955286357867,-37.6777645561973,115.15279397894523,38.58813248846724,-28.759483611882544,95.11248035202533,42.8781549424844,-24.252206314456274,85.89138391293532,42.8781549424844,-24.252206314456274,85.89138391293532,43.51822698107551,-29.90398022539215,91.83834197557898,43.51822698107551,-29.90398022539215,91.83834197557898,50.77077025177146,-43.49116593368533,137.8737716966076,69.1007024482243,-53.57923111421847,140.69680471567713,75.6838175550409,-51.10113681923631,111.85641002705368,77.46782672955418,-42.96538712375558,89.84644886403166,79.04822524269932,-38.92163173647806,79.60443520760761,79.04822524269932,-38.92163173647806,79.60443520760761,73.73238474830626,-41.149337443767365,85.47791099913391,73.73238474830626,-41.149337443767365,85.47791099913391,50.44133071594566,-46.99111669773152,141.983715897383,52.01955078809455,-45.341470852147616,149.07260872281873,54.56873796802789,-43.20405222077873,155.7357609661973,57.65723476256321,-41.400729925360444,164.78257016808678
7.8333302,47.9906,-47.0517,91.9502,37.937378512240755,-44.993716553550705,90.99677634694936,33.57233435523596,-38.09537300032659,47.046994231686384,30.300903759671005,-44.29674562451029,7.571109198866331,31.410391353324947,-43.94610245448213,4.145386429808598,23.827923789018406,-32.040801088190555,2.9082340487272242,22.368863253529437,-29.58658092029138,2.3886611412776713,58.043821487759246,-49.10968344644929,92.90362365305063,57.80599534971219,-43.73336326563307,48.527247930247285,54.94864803851575,-46.99427441352656,8.66866285101068,54.471421080101194,-47.17877589546623,5.087084501047571,63.912173374840236,-36.76660855078188,3.2927800966422227,66.3628605625262,-34.03690231624559,2.5385190007042353,46.42601211915349,-50.97769975085777,99.97339722267083,46.789001004398315,-51.62452428698957,109.86962054922559,47.60306561693786,-50.83897050492289,119.72890972758381,48.75394711160002,-49.61303395918886,129.5093969552979,50.76432313871592,-43.51577376252845,137.8536673290225,30.602672864991384,-43.969727055077286,144.10080855427165,30.02746881608896,-37.5942428571172,115.11341365263056,38.52186862511365,-28.719744554175172,95.04104573064585,42.79710350657797,-24.20723716238082,85.81564034236203,42.79710350657797,-24.20723716238082,85.81564034236203,43.44375106167768,-29.866036805800718,91.7552012932134,43.44375106167768,-29.866036805800718,91.7552012932134,50.76432313871592,-43.51577376252845,137.8536673290225,69.03572856169174,-53.71634923967179,140.65170103938982,75.70072963665697,-51.14487429998552,111.83830139711786,77.58092607933882,-42.90744661864886,89.8742136907806,79.24864233162636,-38.79822664962475,79.67217984556653,79.24864233162636,-38.79822664962475,79.67217984556653,73.88368413003373,-41.027222123254404,85.50033164759319,73.88368413003373,-41.027222123254404,85.50033164759319,50.41876208382311,-47.0218456762027,141.95706523630446,52.00975221523942,-45.37731155961259,149.0442910294909,54.56889252529809,-43.23556393285241,155.70223586849337,57.67704826247916,-41.41891393264384,164.73964098149847
7.84166353,48.0993,-47.0091,91.9197,38.04950658693049,-44.94726574397787,90.93885002914904,33.696603215558135,-38.05378350836964,46.98710106330185,30.283430251046397,-44.32899807954419,7.534893113808778,31.3981521514458,-43.97088603878764,4.111643094509118,23.823813662504904,-32.05867220815203,2.8913484136380303,22.36583713840122,-29.602506846101825,2.3779611774046834,58.14909341306951,-49.07093425602212,92.90054997085097,57.858470721190436,-43.732579125482104,48.5199054825022,54.961553854334696,-47.00275547257991,8.664935917648577,54.482124342503184,-47.187136921908944,5.083645554116416,63.91959984519191,-36.77290853980885,3.2840721764485243,66.36931366036583,-34.04261275840463,2.5287836293406767,46.51029321796652,-50.94116182194496,99.9351257672038,46.836380694211805,-51.596311019589386,109.83208618578999,47.61483859681484,-50.82299483377648,119.69521775801564,48.73440615619532,-49.615423810294175,129.48162260063424,50.751276414119246,-43.538731542547126,137.83931888560446,30.578766574253144,-43.93953569173789,144.0549597724718,29.98461568582407,-37.50853200874075,115.08021390661378,38.448379344360546,-28.67666572360121,94.97612614084204,42.70854333174394,-24.158383805032628,85.74657619862916,42.70854333174394,-24.158383805032628,85.74657619862916,43.362002164006356,-29.824447816800514,91.67846130564624,43.362002164006356,-29.824447816800514,91.67846130564624,50.751276414119246,-43.538731542547126,137.83931888560446,68.96376185500914,-53.85104786755968,140.61177175594395,75.71138780752686,-51.186476687219745,111.82607520245038,77.68844030279385,-42.84798842009173,89.90867619869249,79.44397822633125,-38.674430208713794,79.74757589970292,79.44397822633125,-38.674430208713794,79.74757589970292,74.03002839846218,-40.90394023726242,85.53004795304496,74.03002839846218,-40.90394023726242,85.53004795304496,50.38966675427758,-47.050927915710616,141.93609105186493,51.99341152561476,-45.411633408206214,149.02165579495878,54.56245120761152,-43.26565378966016,155.6744234965707,57.69015714760504,-41.435789996241446,164.70241300348002
7.84999686,48.2016,-46.9624,91.9056,38.155319517788826,-44.89667501042758,90.8973324014931,33.81403743785856,-38.00648447073308,46.94391789841745,30.25702637098863,-44.352252096187414,7.515708641542744,31.376979538863434,-43.98662173886305,4.094961765907242,23.810743124067564,-32.06752214814422,2.8917608425601964,22.353838587287086,-29.60942643638778,2.3846070912647352,58.24788048221117,-49.028124989572426,92.91386759850691,57.9044976608799,-43.72764341721732,48.529060675539014,54.9680259045718,-47.00698912336554,8.677739429512904,54.48639554841293,-47.191241065784034,5.096737716955189,63.920632058058644,-36.77498450069307,3.2919270204367383,66.36938298448025,-34.044107127735344,2.53561934903785,46.588182144111904,-50.900520527508874,99.91317094802255,46.877353343852086,-51.563998417413934,109.81072398638754,47.62017909582531,-50.80292880671619,119.67755539217724,48.708382570424156,-49.613746916542425,129.46974813284334,50.731656467971206,-43.557788036783585,137.840934818623,30.548531292693927,-43.905540335193606,144.025230682991,29.934957142188647,-37.41790122866298,115.06351824699637,38.366903196764795,-28.627554091168015,94.92788850330442,42.61157450039892,-24.10297521339797,85.69428615461048,42.61157450039892,-24.10297521339797,85.69428615461048,43.272121986887186,-29.77658443614534,91.61816884752515,43.272121986887186,-29.77658443614534,91.61816884752515,50.731656467971206,-43.557788036783585,137.840934818623,68.88467469872968,-53.981362517793876,140.58720738204073,75.71562387020847,-51.22397970251692,111.82991795715424,77.79023666566523,-42.784971419031415,89.96006146059281,79.63410683316206,-38.54818716971181,79.84085878147839,79.63410683316206,-38.54818716971181,79.84085878147839,74.17129066826664,-40.77738733773159,85.57730863423765,74.17129066826664,-40.77738733773159,85.57730863423765,50.35401480689809,-47.076116289190466,141.93099351944107,51.97051906853052,-45.442230555052625,149.01490789515208,54.54943137152835,-43.29217441592631,155.66253765579245,57.696592713432054,-41.449282511187356,164.68111101314085
7.85833019,48.2982,-46.9131,91.9049,38.25550201717943,-44.84351645858017,90.86922823687433,33.92538269828517,-37.95521028933224,46.914417270919316,30.222630498150977,-44.368218340385155,7.510512216070602,31.347824156560446,-43.99501046354987,4.092304358823882,23.78961359161061,-32.069085306685416,2.906419369143904,22.333759911545055,-29.60908029727707,2.4055444338302863,58.34089798282057,-48.98268354141983,92.94057176312566,57.94470184167311,-43.72011849043845,48.55169320157683,54.968687735382915,-47.008610891463015,8.704059175733278,54.48485672355085,-47.192731642441345,5.123347382716597,63.915799680688615,-36.774399287612,3.3133123323571985,66.36357374061755,-34.04292768448177,2.5559889850132986,46.660414731769315,-50.85726313680776,99.90454621217172,46.91267069268364,-51.52904055090478,109.8025490954049,47.61984155588034,-50.78018968115524,119.67293463931964,48.67663072909425,-49.60937986095048,129.47078032338152,50.706182424086336,-43.57427903551615,137.85549973968858,30.51268099737562,-43.869196524806135,144.00858942243684,29.880181166161673,-37.32392023697068,115.06025572394198,38.279844864560744,-28.573963441201343,94.89356516584675,42.508925492746165,-24.042559107037356,85.65615683712757,42.508925492746165,-24.042559107037356,85.65615683712757,43.17664780663893,-29.723975814705568,91.57174656758743,43.17664780663893,-29.723975814705568,91.57174656758743,50.706182424086336,-43.57427903551615,137.85549973968858,68.79928321542981,-54.10846009916123,140.5750073996571,75.71422995734493,-51.25873558155238,111.84681039096516,77.88705349422654,-42.719907936263425,90.0252897619709,79.81972560614953,-38.421085066031864,79.9489133662107,79.81972560614953,-38.421085066031864,79.9489133662107,74.30819257627678,-40.64912879596455,85.63902545226783,74.30819257627678,-40.64912879596455,85.63902545226783,50.312552434973185,-47.09873585055764,141.93876885677827,51.941816030530944,-45.47039127321183,149.02103583678678,54.530565962257626,-43.31636849335187,155.66355577709027,57.69708866046277,-41.460573965354136,164.67270119483135
7.8666635199999995,48.3915,-46.8599,91.9098,38.34968009698588,-44.78512584938652,90.87600114655918,34.02809612131037,-37.91675494594177,46.91723074378405,30.228157168064932,-44.34764258216621,7.525493947193546,31.34684018868799,-43.98662815298879,4.103841316534588,23.80955421895152,-32.04935842747401,2.89907050400556,22.36189166888585,-29.58774376094171,2.382604958639343,58.43331990301412,-48.93467415061349,92.94359885344083,57.983698201464385,-43.6995723604815,48.5519819441363,54.96889706418445,-47.01051026902864,8.70912255931804,54.48426669729794,-47.19672670893738,5.128627246013028,63.910141284577286,-36.77516521260328,3.310797429168814,66.35693546224525,-34.042763395611765,2.5536632387958917,46.750433370908745,-50.821150050306485,99.90032572189904,46.97655310078315,-51.50810003564108,109.797918794248,47.65215698012155,-50.771308022133574,119.6714225273437,48.66854044653877,-49.61629738318921,129.47541631118094,50.68565804369289,-43.60326006042144,137.8789667810867,30.47816649924862,-43.84722351102628,143.98820209788224,29.85552855959082,-37.22261723867601,115.0577054659121,38.10745798869849,-28.522053706561252,94.80882013459913,42.26866201426337,-24.011160631159918,85.53063682369267,42.26866201426337,-24.011160631159918,85.53063682369267,42.97672123052001,-29.683155408174166,91.45057585628086,42.97672123052001,-29.683155408174166,91.45057585628086,50.68565804369289,-43.60326006042144,137.8789667810867,68.7249252405012,-54.2300190857148,140.59591736225335,75.65715607879646,-51.316673248225285,111.87826924692588,77.90902007773552,-42.6973886132594,90.09642949102548,79.95992090658272,-38.33407510957353,80.07127303889715,79.95992090658272,-38.33407510957353,80.07127303889715,74.38447567464246,-40.544492544393535,85.70572207879823,74.38447567464246,-40.544492544393535,85.70572207879823,50.270333532936704,-47.13507363440807,141.9537214388997,51.89581308302662,-45.51201625060646,149.03807126535708,54.48189425525275,-43.35362861643757,155.68021387853727,57.64889799175405,-41.48755972297932,164.6870676413256
7.87499685,48.4891,-46.8035,91.9176,38.4481692857334,-44.72348872647926,90.88568997324172,34.134110618735384,-37.87502014010552,46.92307542304519,30.236066028932413,-44.32279580357749,7.543687196976386,31.348068095700697,-43.97390627653866,4.118600724341616,23.831691910726658,-32.02532962179848,2.8954220899006637,22.392181779763817,-29.562235996186686,2.3634534261375597,58.5300307142666,-48.88351127352074,92.94951002675826,58.027087231916326,-43.675939054312934,48.55522726776669,54.97359008386107,-47.00929350948784,8.717184106323835,54.4881692339765,-47.19759914614541,5.136905146619672,63.909002826127455,-36.77283595739172,3.3113181485814653,66.35482499646325,-34.03950896298301,2.554382832764741,46.844733276299834,-50.78180400517468,99.8989694485908,47.0447136511146,-51.48390157879556,109.79606224835806,47.68875472392886,-50.75914917895279,119.67256588556947,48.66471851090976,-49.61990635226296,129.4825097951307,50.66936014807929,-43.62901343310578,137.90484057014297,30.44816669726989,-43.82182963910355,143.97041112662384,29.835558627744355,-37.11723486126303,115.0581327339045,37.93840943513165,-28.464511366334317,94.72870364321109,42.03109774221322,-23.973410278004152,85.41052923690481,42.03109774221322,-23.973410278004152,85.41052923690481,42.779788154155106,-29.63640081366242,91.33408826960425,42.779788154155106,-29.63640081366242,91.33408826960425,50.66936014807929,-43.62901343310578,137.90484057014297,68.65436319365828,-54.34816023923267,140.61861028019834,75.60410792045538,-51.37034222331922,111.91181021929887,77.93548308145664,-42.67077034521995,90.17029138467164,80.10533423401726,-38.24523554373633,80.19758620866986,80.10533423401726,-38.24523554373633,80.19758620866986,74.4664123157951,-40.43642116589977,85.77609998235384,74.4664123157951,-40.43642116589977,85.77609998235384,50.23233047367869,-47.16813674647615,141.97097366295384,51.85406026788585,-45.55043614960657,149.0574077983966,54.43748857889554,-43.38775390319615,155.69918581075405,57.604953242517226,-41.51148693805207,164.70375855834274
7.88333018,48.5921,-46.7479,91.9276,38.55207112904643,-44.662603366287996,90.89758396621794,34.24458965860565,-37.833931115728745,46.93124524070826,30.247593877024975,-44.29760625909991,7.5643847098887775,31.352750207947015,-43.96077758513655,4.135876904411441,23.857228541761632,-32.000959553750164,2.894720746681581,22.425822534068118,-29.536523105292197,2.347326813987028,58.63212887095357,-48.83319663371201,92.95761603378206,58.076020174788354,-43.65316051015279,48.56074597375788,54.98392548778699,-47.00898243229657,8.727566470189792,54.49772246480933,-47.199377623235996,5.147504161330557,63.91353751455398,-36.77143929154104,3.314176558481252,66.35839419776981,-34.037192456321144,2.5574443322447653,46.944403335168516,-50.743235243058,99.89977002771403,47.11823127469276,-51.46046815460604,109.79627142156191,47.730706225584285,-50.747745450727194,119.67565803320467,48.66622868103282,-49.624251186779134,129.4913565521399,50.65834314086886,-43.655597517958185,137.93242846905795,30.423710216899266,-43.79709154724679,143.95443799345108,29.821426372822444,-37.011823529658415,115.06076889898237,37.773956245340905,-28.4053483464345,94.6525020498045,41.79753322408419,-23.933305239895784,85.29514560793211,41.79753322408419,-23.933305239895784,85.29514560793211,42.58712027403512,-29.587714533189697,91.22159130398174,42.58712027403512,-29.587714533189697,91.22159130398174,50.65834314086886,-43.655597517958185,137.93242846905795,68.5886551525976,-54.466943071370885,140.64235601915212,75.55624063122481,-51.42374699092375,111.94673907415554,77.96767415117213,-42.644103667421916,90.24617793553601,80.2571842569649,-38.15865773424417,80.3271366972471,80.2571842569649,-38.15865773424417,80.3271366972471,74.55523226713935,-40.329019670537896,85.84943905450496,74.55523226713935,-40.329019670537896,85.84943905450496,50.19959472328338,-47.20198985181596,141.9898264524603,51.81759884816302,-45.589729483945895,149.07835173354437,54.39837948311953,-43.422838845703126,155.7197874050411,57.56627114533796,-41.536473716762465,164.72209985813691
7.89166351,48.6934,-46.6937,91.9356,38.65425178097235,-44.6032289596863,90.90749072759564,34.35224737750395,-37.79437149608014,46.93754280401001,30.2555246297605,-44.273072392840874,7.583406082333184,31.35366129168609,-43.94822045351798,4.151488698005135,23.878781180063786,-31.977319699575062,2.892813419737475,22.45539578478496,-29.511693130158864,2.3300790937932856,58.73254821902764,-48.7841710403137,92.96370927240434,58.123311257917756,-43.63175322246467,48.564322754057834,54.99277500923376,-47.0100685011511,8.73604751694181,54.50580279210834,-47.20255488762728,5.156201585289262,63.916464279628954,-36.77132184947729,3.3151723429618665,66.36032070525515,-34.0361221614086,2.558652642680034,47.04241456929826,-50.70605924987226,99.89853434056033,47.19009695351639,-51.438399002442104,109.79435403579517,47.77099819698767,-50.7376742198174,119.6765055001651,48.666046172085586,-49.629878344047654,129.49776084051243,50.64549379643242,-43.683511289929505,137.9575213398508,30.39769900835564,-43.77377497949823,143.93612046726156,29.80588033401575,-36.907215258504145,115.06144592546414,37.60670409969422,-28.345316168415152,94.57602343072513,41.56050607053043,-23.891552275588566,85.18028514183959,41.56050607053043,-23.891552275588566,85.18028514183959,42.39132576162663,-29.537793876368653,91.10888069055693,42.39132576162663,-29.537793876368653,91.10888069055693,50.64549379643242,-43.683511289929505,137.9575213398508,68.52082074135298,-54.58663453948299,140.66299336100414,75.50650092730288,-51.47709081773481,111.9788909378471,77.99837135505928,-42.617509460148476,90.31994585320409,80.40812168804007,-38.074429793649145,80.45576867984578,80.40812168804007,-38.074429793649145,80.45576867984578,74.64365705374877,-40.22246541543078,85.92161181712349,74.64365705374877,-40.22246541543078,85.92161181712349,50.16507135434146,-47.237130809697994,142.00607783295496,51.77935407781259,-45.6303542102557,149.0966964061605,54.35746540926655,-43.459286708753694,155.73780469989057,57.525723910985676,-41.56284947325433,164.73787160878052
7.89999684,48.7891,-46.6473,91.9411,38.75113829529175,-44.54835245664618,90.918691649555,34.43223760846685,-37.82864812722463,46.936686547098645,30.244120403611333,-44.27186575749035,7.586344737434196,31.34362540104887,-43.94988467667911,4.154594923154386,23.87432718327611,-31.976666996245537,2.8848691610586874,22.45191703174824,-29.510820904798056,2.320632775291477,58.82706170470824,-48.746247543353824,92.96350835044501,58.178003456305994,-43.60717820576105,48.56313907288612,55.003331106175196,-47.0117136924069,8.740590519591798,54.51468400455863,-47.204920655196986,5.161011644470989,63.920497171646176,-36.77040356341372,3.3138265624811942,66.36285349484933,-34.03444839437492,2.5551971911018616,47.13774479421276,-50.66800778097358,99.89974548015792,47.27090081924784,-51.414179921772835,109.7947379333987,47.831272359959875,-50.73123261939426,119.67931914652723,48.69179082254549,-49.64444636068645,129.50600641354825,50.65105184119348,-43.71951857118631,137.98548568388173,30.38086505304152,-43.76624211977527,143.8882251600434,29.709660980345543,-36.785687111286485,115.04263522836999,37.3686912230547,-28.306345898500357,94.46955741831898,41.21094423443768,-23.892348154015483,85.00899842114208,41.21094423443768,-23.892348154015483,85.00899842114208,42.10320630205329,-29.523728409118863,90.94279784300412,42.10320630205329,-29.523728409118863,90.94279784300412,50.65105184119348,-43.71951857118631,137.98548568388173,68.48432324834617,-54.68083423549747,140.73302615968134,75.42363088130845,-51.56411944031111,112.03844792440182,77.95493779334045,-42.63736747291248,90.41168009216108,80.48248953096933,-38.044273629601506,80.60028712321869,80.48248953096933,-38.044273629601506,80.60028712321869,74.66016857057242,-40.13999244731452,86.02496149362753,74.66016857057242,-40.13999244731452,86.02496149362753,50.14903756934017,-47.28069726315106,142.02476966582108,51.745023405361685,-45.685697709873196,149.1221858956023,54.301652344790746,-43.51400097517548,155.77138834860952,57.443257276889135,-41.60857035305067,164.7788959440148
7.90833017,48.8862,-46.599,91.9485,38.849427699947825,-44.49160326397326,90.93181145187468,34.51249859312284,-37.86105391045773,46.93805094606012,30.23347110556154,-44.268222476132905,7.591603909234571,31.334347737066636,-43.94912041322598,4.160024920014808,23.87063811885639,-31.973598769328657,2.879212251595765,22.44920445191108,-29.507535433547915,2.313466514278758,58.92297230005218,-48.70639673602673,92.96518854812531,58.23399141900105,-43.58066607077754,48.56387896447823,55.01513283475223,-47.01134555173647,8.747121595205492,54.52480613413638,-47.205267348810885,5.16781106007689,63.925710333967515,-36.7674164362802,3.3144817441215366,66.36654958911828,-34.03069257742953,2.553745343971955,47.234483400606194,-50.62804972811236,99.90285060317211,47.353111941291495,-51.38802155479496,109.79697760520638,47.89294011849271,-50.72281252791146,119.68391148432443,48.7188962086752,-49.656970405095414,129.51585717918672,50.65789137606816,-43.75347691977997,138.01492207808383,30.36573874734053,-43.756360932804945,143.84188717278715,29.61611015633034,-36.6585632974583,115.02685555137109,37.129982035122126,-28.257118036615246,94.36846865504833,40.85861443774185,-23.88045771253902,84.84530711884328,40.85861443774185,-23.88045771253902,84.84530711884328,41.813291282866565,-29.49836718312698,90.78216117258461,41.813291282866565,-29.49836718312698,90.78216117258461,50.65789137606816,-43.75347691977997,138.01492207808383,68.44877025684998,-54.77299784351506,140.8041470781001,75.34108050130236,-51.64661678265534,112.09929517817709,77.91260506475994,-42.651852488168345,90.50547710572505,80.55928659651251,-38.0121076220884,80.74759284334375,80.55928659651251,-38.0121076220884,80.74759284334375,74.6798846410388,-40.05349085148891,86.1312661163478,74.6798846410388,-40.05349085148891,86.1312661163478,50.13430558916912,-47.32214733447422,142.04484471841369,51.71197480840674,-45.738894316727524,149.1489830348435,54.24706242483456,-43.566560771944566,155.80622039351903,57.361863088864794,-41.65211714237865,164.8211226613737
7.9166635,48.9778,-46.541,91.9568,38.94221458599107,-44.42521431317904,90.94583455272954,34.58633487515921,-37.883809033651644,46.940602691464065,30.21710029239849,-44.25450552375272,7.598147314583727,31.319362725877475,-43.938304850964144,4.166744612208351,23.86118847769506,-31.960540171598176,2.8747108783291897,22.4407212971181,-29.49427288836889,2.307428795519783,59.01338541400894,-48.65678568682095,92.96776544727047,58.28444266920499,-43.544336945294006,48.56556265743066,55.02141106456852,-47.001117754161676,8.754658738069729,54.529404071815364,-47.19575208361906,5.175617464141938,63.92533918845961,-36.7545180404327,3.316156268198945,66.36464497432037,-34.01701259362646,2.553316290633276,47.325730148861346,-50.57839819079238,99.90684301940846,47.429817512932395,-51.35214459144693,109.80006602146976,47.94907148745489,-50.70463894342348,119.68927684873603,48.7404143418844,-49.659678419063894,129.5263095837468,50.659031722864526,-43.777614092159126,138.04483459372096,30.345330913576955,-43.73650552212238,143.79608301090997,29.518761517963323,-36.5182797502908,115.01308939695276,36.884588645496514,-28.189888587698523,94.2719709697765,40.49776312429077,-23.848039172424812,84.68855953794592,40.49776312429077,-23.848039172424812,84.68855953794592,41.51570095822881,-29.453877874264997,90.62631380778164,41.51570095822881,-29.453877874264997,90.62631380778164,50.659031722864526,-43.777614092159126,138.04483459372096,68.40719490608907,-54.85532583746181,140.87538135179008,75.25198282704109,-51.71669428257996,112.16049685054423,77.86453989936332,-42.6530086206255,90.60044930873347,80.63159510984093,-37.969975957515096,80.8967865276351,80.63159510984093,-37.969975957515096,80.8967865276351,74.69594031712835,-39.955057302305974,86.23963267833749,74.69594031712835,-39.955057302305974,86.23963267833749,50.113900367811716,-47.353713520469896,142.0653036927906,51.67321880240651,-45.78217979943207,149.17609262832187,54.186688913321355,-43.60919848785091,155.8413106835363,57.27452017135933,-41.68572028935105,164.8635648491082
7.9249968299999995,49.0527,-46.4889,91.9702,39.01833817111293,-44.36459467818274,90.9649714704243,34.64257961248349,-37.91227001961402,46.948561510194615,30.183613773548853,-44.2458916298212,7.610187870249483,31.287283807696145,-43.93262017412103,4.178968947713527,23.834826108233898,-31.952522083608606,2.875632851602275,22.41536379866886,-29.48603381827262,2.3067983646166885,59.08706182888707,-48.61320532181726,92.97542852957571,58.31814934669273,-43.514026876278706,48.572373960939544,55.0108325389096,-46.996856952443295,8.767395253703455,54.51713670731464,-47.1921972061043,5.188625010342557,63.908221350196115,-36.74769582900982,3.3230202252641483,66.34602389917494,-34.009439018194655,2.558074482209965,47.40021804894316,-50.53461204870332,99.91592969430172,47.489745558554176,-51.322095653358794,109.80821120251922,47.98841626312485,-50.69225568019798,119.69962203096082,48.74512313230208,-49.66811589668457,129.5415685588772,50.64336988875907,-43.80750213697782,138.07942000740547,30.308543995827403,-43.721818196327135,143.75502596681372,29.406190839742663,-36.37999088947408,115.0055902816033,36.62097790176856,-28.119942412949726,94.18420826563013,40.11683435513196,-23.810436898937176,84.54285925664612,40.11683435513196,-23.810436898937176,84.54285925664612,41.19881385204978,-29.405628852768512,90.4793311147277,41.19881385204978,-29.405628852768512,90.4793311147277,50.64336988875907,-43.80750213697782,138.07942000740547,68.34832530710833,-54.94366124058871,140.95091837817455,75.14511840078774,-51.79041220947229,112.22623655522871,77.79968945159385,-42.65712069440657,90.70072283599194,80.68834524021196,-37.934330633934046,81.05192070254299,80.68834524021196,-37.934330633934046,81.05192070254299,74.69729417541787,-39.86100787532188,86.35416293581673,74.69729417541787,-39.86100787532188,86.35416293581673,50.076654144484166,-47.39095263814132,142.09034793781035,51.61762253340709,-45.83112978440508,149.20771266022007,54.109446007477054,-43.657526313798456,155.8808509945528,57.170186100745255,-41.725037330905494,164.9104078440808
7.93333016,49.1296,-46.437,91.9783,39.09651123514778,-44.3054899052378,90.97561891285268,34.63336240255475,-37.91248278128014,46.95932801208333,30.21412797759828,-44.24204482472967,7.615817859513022,31.31287460421314,-43.92926953673746,4.182973949090664,23.845504342783435,-31.958026819376776,2.8836317382955223,22.423177248106146,-29.49339774547007,2.3138954407853207,59.16268876485223,-48.568510094762196,92.98098108714733,58.356452037255295,-43.49097956672287,48.57610783740251,55.01667966407912,-46.998074384001164,8.775969820958537,54.52338428340485,-47.19622485011256,5.197298852039311,63.90901671846717,-36.74801434855123,3.325037623212042,66.34598623840445,-34.008656497068245,2.5613808023721862,47.47522480101135,-50.48788272694903,99.92100072380782,47.55796794944458,-51.2912245025639,109.81206611654177,48.046595172907836,-50.67965219109766,119.70512437901746,48.77956787696351,-49.6765759155449,129.55103561368398,50.65818129705157,-43.83644751231315,138.10724701813342,30.302729572562935,-43.7144232826797,143.70775449687096,29.385771581128843,-36.28636506356955,114.98094018035728,36.330888130758446,-28.04563447332743,94.06044263151516,39.683681622943226,-23.80395380397493,84.33854046533035,39.683681622943226,-23.80395380397493,84.33854046533035,40.84773110856648,-29.36381440812477,90.29265581617861,40.84773110856648,-29.36381440812477,90.29265581617861,50.65818129705157,-43.83644751231315,138.10724701813342,68.33231851396809,-55.00444231282126,141.0442105203633,75.04826401538509,-51.8922448757861,112.2960449306268,77.67973806462882,-42.70540038169321,90.79049367497394,80.64710141291543,-37.95225902723296,81.18055804279466,80.64710141291543,-37.95225902723296,81.18055804279466,74.62548473842737,-39.816876500118596,86.47034868696016,74.62548473842737,-39.816876500118596,86.47034868696016,50.0738729268303,-47.42756391417559,142.1087834491514,51.58804701078109,-45.884151076881096,149.23547027822326,54.04553961561585,-43.71290449706002,155.92209348349644,57.06017096907683,-41.774789774102764,164.9659449644633
7.94166349,49.2085,-46.3824,91.9806,39.17667444482806,-44.24375779605106,90.98046982642882,34.6270282971174,-37.91085978080936,46.96434522521966,30.247266816407613,-44.23592084332202,7.615697578603175,31.34108404805228,-43.92367377256944,4.181231757814791,23.858725851020964,-31.96136977677517,2.8857936375161897,22.433514592876925,-29.498620783872035,2.315135637910402,59.24032555517194,-48.52104220394894,92.98073017357117,58.39674106101702,-43.46511247042426,48.57408605379014,55.024583876255306,-46.996380504575725,8.778816464525633,54.531694114142645,-47.19733201400765,5.200245797784293,63.91178516276481,-36.745333522905696,3.32136835059384,66.34789610990745,-34.00485003678048,2.559011914871827,47.5522532927642,-50.43846950148822,99.92026309098614,47.62819969939454,-51.2576691036483,109.8100822599872,48.10675663692441,-50.664363479172394,119.70474499976298,48.81595613604941,-49.68233529597849,129.55451838590002,50.674838761387385,-43.86270382737184,138.1289855239104,30.299135345516053,-43.70414069052009,143.6544318298735,29.367772735319363,-36.18959631026815,114.95058351496017,36.04144280838182,-27.966918266115847,93.9348466547374,39.24919999152266,-23.792638399368002,84.13514552261424,39.24919999152266,-23.792638399368002,84.13514552261424,40.49640744408713,-29.31719659504108,90.10526118871762,40.49640744408713,-29.31719659504108,90.10526118871762,50.674838761387385,-43.86270382737184,138.1289855239104,68.31776915596777,-55.062636748329666,141.1312344306529,74.95201313352183,-51.989245234013104,112.35993287709064,77.56179393074841,-42.7472565692659,90.87537581972705,80.60939756292248,-37.96633671190464,81.3044104426341,80.60939756292248,-37.96633671190464,81.3044104426341,74.55784147863763,-39.7675016202072,86.58200693020477,74.55784147863763,-39.7675016202072,86.58200693020477,50.07296623740235,-47.461445802466685,142.12105675994343,51.56028819723627,-45.93443395147722,149.25692529133002,53.98330860378687,-43.76558986781923,155.95689536236176,56.95155239615666,-41.82192821022489,165.01488899430123
7.94999682,49.2734,-46.3127,91.9917,39.24282668354411,-44.166999774933835,90.99413080573119,34.60753843799339,-37.895046124618794,46.97821547344531,30.26694377155153,-44.21521792812198,7.624442515749635,31.355822106599557,-43.90353670778773,4.188356278188943,23.858378823242386,-31.950270843279483,2.8967137637042146,22.43025890881541,-29.489426622725468,2.3251111770384556,59.303973316455895,-48.458400225066164,92.9892691942688,58.42298429410335,-43.42408311613424,48.580895976606236,55.01846183420846,-46.97955180742042,8.790537233622338,54.525978874849834,-47.18330595250419,5.212069038052821,63.90041831723504,-36.7274291867739,3.326575150257371,66.33563917067873,-33.98579334734562,2.565519345131765,47.61531129775973,-50.37396089590753,99.92832426636006,47.684455436727,-51.20900141538154,109.816868419029,48.152922778705225,-50.63394331051493,119.71309121188928,48.83831779898643,-49.67292448267162,129.56662131632922,50.67738043345018,-43.87378141560137,138.15922453422368,30.281803688726907,-43.67853774808996,143.60966653468563,29.33618758152737,-36.07729485390579,114.92912193941305,35.736727239031985,-27.87142634777026,93.82205401436188,38.79755566154263,-23.764126093334582,83.94734516707288,38.79755566154263,-23.764126093334582,83.94734516707288,40.12895815863717,-29.253412645960346,89.93179595955638,40.12895815863717,-29.253412645960346,89.93179595955638,50.67738043345018,-43.87378141560137,138.15922453422368,68.28874246228881,-55.1057276091652,141.22651992822608,74.84034415961592,-52.068897708394864,112.43240766558864,77.42976757533842,-42.7702201485493,90.96985925557608,80.55902580786865,-37.96414907541873,81.43791902364936,80.55902580786865,-37.96414907541873,81.43791902364936,74.47823131131824,-39.70046551936792,86.70362830644858,74.47823131131824,-39.70046551936792,86.70362830644858,50.05797476514203,-47.48009905082835,142.14176603732426,51.518393644848324,-45.96945986420472,149.2866703366228,53.906810326762596,-43.80305119224369,155.99984028249082,56.8283998674854,-41.853904057722985,165.07181253167286
7.95833015,49.3409,-46.2622,91.9872,39.3116397007599,-44.109182900849994,90.99219747193582,34.59171653928959,-37.89883091476897,46.976541668474304,30.289706408390288,-44.21350854301282,7.617650233691791,31.373641443539274,-43.90245572150134,4.179944483426608,23.861428785216003,-31.958061988577448,2.8920468442424676,22.430460382671427,-29.499095516942067,2.319488020022579,59.3701602992401,-48.415217099150006,92.98220252806418,58.45188645202677,-43.402504569553784,48.572140734736834,55.0148876523227,-46.98216306516237,8.786743112045542,54.522804763346784,-47.18871186050716,5.208380096766247,63.89186420659213,-36.729213483656025,3.316243776734403,66.3262635362759,-33.98648934506992,2.5564820885371478,47.68086081199314,-50.328599819114274,99.92078464755302,47.74316884452231,-51.17946464377663,109.80802520291702,48.20154585242579,-50.62264835328594,119.70576358992592,48.863136191943504,-49.68262377307976,129.56294528915745,50.68247938422164,-43.90402168263324,138.17356605510682,30.267414692491847,-43.6712517185362,143.5490605082992,29.307473655446017,-35.983078268347164,114.89217261297455,35.43314556033927,-27.79303766706316,93.6975770541317,38.34517150116276,-23.752411954896285,83.75062226359348,38.34517150116276,-23.752411954896285,83.75062226359348,39.7616938596783,-29.206494975595326,89.74770435115174,39.7616938596783,-29.206494975595326,89.74770435115174,50.68247938422164,-43.90402168263324,138.17356605510682,68.261516244854,-55.16865512760103,141.30573546991218,74.72985106852563,-52.166413730919494,112.48917924185244,77.30072277567986,-42.80967460168644,91.04964674291877,80.51319631492822,-37.98124166378122,81.55676994214625,80.51319631492822,-37.98124166378122,81.55676994214625,74.40382001871144,-39.651132666070396,86.81086701637909,74.40382001871144,-39.651132666070396,86.81086701637909,50.045453180833114,-47.51784501257439,142.14651277614013,51.47896567633598,-46.02360050493244,149.30030804712175,53.83271460340754,-43.8597383427026,156.02653120976507,56.70744727221922,-41.90526590955022,165.11231626540635
7.96666348,49.4033,-46.2146,91.9787,39.37556752672597,-44.055443526678395,90.98160442877375,34.56582824524158,-37.91024492343911,46.966526961831896,30.29817210354408,-44.22163993254871,7.603369266021744,31.38359006890367,-43.90700002110542,4.16645794767185,23.85674359732854,-31.971445696074262,2.8820568625091143,22.422001850761834,-29.513933348370593,2.312706823918867,59.43103247327403,-48.3737564733216,92.97579557122626,58.480321757713384,-43.38861126053179,48.563313332640256,55.01814937743022,-46.99217486018854,8.78225664126473,54.52781810721217,-47.202240343448594,5.203857895765696,63.89467120969607,-36.74174963145232,3.3062915541777116,66.32938596247793,-33.99855572108452,2.5492414486315944,47.73902872288329,-50.280523902058334,99.91164188137888,47.79627192408401,-51.14519325820599,109.79771537700168,48.24841374016301,-50.6062942739652,119.69673223239379,48.89523549482514,-49.688039217369386,129.55694563318445,50.692753611712114,-43.9288652446017,138.1851485467035,30.25053317454237,-43.68240953471625,143.4558099872842,29.296598291362272,-35.916570896496474,114.81967058051735,35.10045971162029,-27.730916912251182,93.53301363996772,37.85965538737233,-23.739076817534055,83.52299302500474,37.85965538737233,-23.739076817534055,83.52299302500474,39.36995821844593,-29.16184862435589,89.52558263644356,39.36995821844593,-29.16184862435589,89.52558263644356,50.692753611712114,-43.9288652446017,138.1851485467035,68.25488975779996,-55.20251808509595,141.37906690168543,74.64704890132141,-52.25311777046072,112.54006447601327,77.14121403762394,-42.86826438324905,91.10375953758242,80.33417735261432,-38.01828138324254,81.61528700510189,80.33417735261432,-38.01828138324254,81.61528700510189,74.24565815097503,-39.65821391997813,86.90292409173989,74.24565815097503,-39.65821391997813,86.90292409173989,50.04150316244838,-47.55064972625043,142.14852805323858,51.43380496411421,-46.073756214464424,149.3140561391805,53.74543767203107,-43.917074669526734,156.05717043747873,56.56923769224501,-41.96352359892259,165.15911155719496
7.9749968099999995,49.4629,-46.1501,91.9774,39.43673754975823,-43.98462999896273,90.97820982492338,34.537971899238784,-37.90546771144211,46.96378056322242,30.30396506633783,-44.21319192968136,7.596400906765915,31.390798791921945,-43.89496752951684,4.160267101502666,23.84952569214865,-31.968126473129452,2.8795550142996693,22.411045239522455,-29.51205025276119,2.3134508966199974,59.48906245024177,-48.31557000103727,92.97659017507662,58.506002304157676,-43.357982123271114,48.56172760145823,55.01859606644383,-46.98539037966872,8.785042385561056,54.530013816056695,-47.19896198018148,5.2066119475532044,63.894837354263494,-36.73763993289805,3.303619009765595,66.32990676777698,-33.99401314119817,2.5492831436968157,47.79432471699922,-50.21551369488276,99.90969922336006,47.84646724463747,-51.09397682856202,109.79458479275226,48.29235485397557,-50.57299244198294,119.69484431203657,48.92438754722265,-49.676499508444586,129.55801895994696,50.700124802922865,-43.93679198289112,138.20368587845726,30.231306271426995,-43.67587495786101,143.3693783848634,29.283653250629694,-35.83304345997702,114.75402115333522,34.764670541904366,-27.653860017252153,93.37948233016985,37.370083012644415,-23.711900401294695,83.30867098875665,37.370083012644415,-23.711900401294695,83.30867098875665,38.97452725489153,-29.1025804603669,89.31573998519787,38.97452725489153,-29.1025804603669,89.31573998519787,50.700124802922865,-43.93679198289112,138.20368587845726,68.24476757326738,-55.22001230391084,141.4593637016341,74.56073246415842,-52.32362278805987,112.59820923911302,76.97937908612467,-42.91041252122021,91.16568434748358,80.15394183380826,-38.039197443500754,81.68191527298148,80.15394183380826,-38.039197443500754,81.68191527298148,74.08640258250325,-39.64896428021457,87.00283332525906,74.08640258250325,-39.64896428021457,87.00283332525906,50.034587378966584,-47.566482964987,142.1574474296646,51.38562752821474,-46.106978207500596,149.33442784488756,53.65505256121804,-43.95756300635295,156.09417901006762,56.42774554367569,-42.00499041892281,165.2120282302646
7.98333014,49.5217,-46.084,91.9769,39.4971154916586,-43.9122001969264,90.97561789165543,34.50999968808189,-37.90001318080772,46.961911100532625,30.30901317488774,-44.203817031647986,7.590366185250311,31.39719384371691,-43.88199380122393,4.154993937014915,23.841521349439788,-31.963853534498117,2.878159279796904,22.399300213444594,-29.50921707295385,2.315337530531494,59.54628450834141,-48.25579980307361,92.97818210834457,58.53086404358793,-43.32577784551909,48.5609792807487,55.01820293781778,-46.97702821992865,8.78869794877852,54.53136886774597,-47.19410329653502,5.2102400626306835,63.89417385048303,-36.731963213055685,3.301819582524387,66.32959346893578,-33.98790214711963,2.5501988217219003,47.84881583267217,-50.148897313575475,99.90855628020344,47.895841586099095,-51.0411488854384,109.79223245617273,48.33545324871703,-50.538075457403565,119.69369890072,48.95266745868614,-49.663332872574564,129.55976453346838,50.7065836481275,-43.94310671427823,138.22277973860093,30.211734802373105,-43.667235480081715,143.28341751380506,29.270466589737822,-35.74807918495391,114.6888778363558,34.427550637085176,-27.5773994424501,93.23063981656412,36.87821765757757,-23.68639490289672,83.1013369946168,36.87821765757757,-23.68639490289672,83.1013369946168,38.577214620770775,-29.04417858756695,89.11183731165413,38.577214620770775,-29.04417858756695,89.11183731165413,50.7065836481275,-43.94310671427823,138.22277973860093,68.23332052285281,-55.23617470247048,141.5401731096397,74.4730185204404,-52.392753296417524,112.6571704048221,76.81720518453527,-42.95085742852961,91.22899051142375,79.97437525430146,-38.058686991936796,81.75020333158034,79.97437525430146,-38.058686991936796,81.75020333158034,73.92798066782832,-39.63817532519677,87.10416260145976,73.92798066782832,-39.63817532519677,87.10416260145976,50.026755057390815,-47.58066167412312,142.1668707737223,51.3364671135547,-46.13856585815069,149.35502251739007,53.563567979942505,-43.996469527770884,156.13115390224442,56.28495769775235,-42.04489125205963,165.26465929305527
7.99166347,49.5684,-46.0258,91.9731,39.54540138216614,-43.84765413191522,90.96972863592495,34.470613552704435,-37.903366168132045,46.95682062771024,30.30198086854799,-44.203074818998545,7.581181557991258,31.39143959572686,-43.8776558225882,4.146553193502738,23.821411478620533,-31.96819907330824,2.8737314293702028,22.37545119955848,-29.515006574849956,2.3142176031042343,59.59139861783385,-48.20394586808477,92.97647136407505,58.54361726465063,-43.30148432250046,48.55696970905883,55.00568907440043,-46.976561536411495,8.789122755993539,54.52060309618843,-47.19713642590314,5.210641492179536,63.881401494501326,-36.73419155247954,3.2967974750659508,66.31716717134458,-33.98969474629922,2.5478939646065895,47.891202078816356,-50.09017474794968,99.90411304978792,47.93309218699046,-50.99620534163642,109.786558740129,48.36640365177686,-50.511035160258395,119.6891962731293,48.96876752878915,-49.65802693750895,129.55808241959954,50.70081860674433,-43.95729254279713,138.2383282784623,30.18049056348831,-43.66598266879626,143.1937560495503,29.245803105640654,-35.67120744819604,114.62005047662507,34.078036649113606,-27.51112230490042,93.0823154128933,36.373096133723635,-23.672178437953615,82.89685161494099,36.373096133723635,-23.672178437953615,82.89685161494099,38.167007893171,-28.996242091822758,88.90973591140221,38.167007893171,-28.996242091822758,88.90973591140221,50.70081860674433,-43.95729254279713,138.2383282784623,68.20927692600756,-55.26041352996513,141.61743053676477,74.37260267072924,-52.46995137368152,112.71287279306628,76.64334546314855,-42.99907544239546,91.28957382897435,79.78413594312912,-38.086228439276795,81.81604068047714,79.78413594312912,-38.086228439276795,81.81604068047714,73.75904343619784,-39.635347530692975,87.2027874795475,73.75904343619784,-39.635347530692975,87.2027874795475,50.00669552022675,-47.60266753142409,142.1726975322381,51.27500987368154,-46.177995385357725,149.37173909897066,53.459664339477435,-44.04326651862758,156.16399417612487,56.129546109555115,-42.09269784495653,165.31290414778272
7.9999968,49.5935,-45.9689,91.9685,39.569445874028474,-43.79692110325731,90.96230848657049,34.4648532644158,-37.89250537861949,46.94748017280176,30.287910151335076,-44.20618136675068,7.574959026233266,31.382587856247095,-43.87822529457656,4.142231920753909,23.8063252217989,-31.97335936944787,2.8635713721430047,22.359370730076698,-29.52087895480758,2.303506376280273,59.61755412597152,-48.140878896742684,92.97469151342952,58.5508470324092,-43.279733007416326,48.55109982084763,55.00281557795871,-46.97267380036521,8.785807909584058,54.51696827040866,-47.1915547593032,5.207325918130033,63.87588771758385,-36.726366424058654,3.296561440454237,66.31077452090173,-33.98136604635347,2.5466462445641627,47.9167868053174,-50.032976799381004,99.89976822053134,47.96066300935042,-50.94970785506694,109.78121842233172,48.395628644178686,-50.480895218991044,119.68457132168727,48.99193389782317,-49.64839124385494,129.5555761447161,50.70244242872857,-43.962957091213134,138.2501170071006,30.15352869247102,-43.67915803254874,143.08608549274516,29.18209135565536,-35.6210871625891,114.53139192066583,33.72317706313241,-27.481868227442853,92.92252434360144,35.84651407656917,-23.646077792745988,82.69869861644227,35.84651407656917,-23.646077792745988,82.69869861644227,37.75755514203689,-28.951676084955352,88.69178626485566,37.75755514203689,-28.951676084955352,88.69178626485566,50.70244242872857,-43.962957091213134,138.2501170071006,68.20707286300282,-55.25539680757174,141.68431377663586,74.30730724939043,-52.50706088527578,112.76234095787137,76.46159158047169,-43.036726543517105,91.32677871387683,79.47257984684875,-38.105504586942885,81.82070378751506,79.47257984684875,-38.105504586942885,81.82070378751506,73.5135028552728,-39.69270567743735,87.26944170198364,73.5135028552728,-39.69270567743735,87.26944170198364,50.001147911974584,-47.61586466740156,142.1762193150641,51.23518510445747,-46.20486422749038,149.38390559213244,53.37786094026513,-44.074147687221554,156.19077703135991,55.992166262095914,-42.12318382592967,165.3556386332926
8.00833013,49.6195,-45.9105,91.9633,39.59443246997631,-43.744514323020574,90.95428965536287,34.460257702557065,-37.87998014665514,46.93757021147613,30.274907812991025,-44.20753882727432,7.5681705826371015,31.374802259935866,-43.87705521029966,4.137353970212116,23.792546406799893,-31.97663125582708,2.8528825297353055,22.344645184327938,-29.524834262465166,2.292272292399513,59.64456753002369,-48.07648567697942,92.97231034463714,58.55903934052765,-43.256656662337384,48.54467278568714,55.00085594857112,-46.9674108450464,8.781946344524783,54.51424364625694,-47.18459020604562,5.20346462234253,63.87145624312287,-36.71731375044826,3.2957809433352345,66.30550795273277,-33.97184921540467,2.544854594507996,47.94320103127206,-49.974248232288254,99.89482413010991,47.989064390955605,-50.901674378708734,109.77526725456411,48.42571531786824,-50.44922438590131,119.67930703701829,49.016002744363064,-49.637243992081764,129.55238293232946,50.70508331986635,-43.96719100113087,138.2611456248861,30.128297587041512,-43.69011080493763,142.9775112076515,29.120722685074146,-35.568922176523536,114.4419577748084,33.37044220214201,-27.4521637738815,92.76548160132964,35.32177258092862,-23.620615648914885,82.50585151298077,35.32177258092862,-23.620615648914885,82.50585151298077,37.349413761572684,-28.90706616076219,88.47750647472377,37.349413761572684,-28.90706616076219,88.47750647472377,50.70508331986635,-43.96719100113087,138.2611456248861,68.2054034666335,-55.24943362278306,141.75038408432547,74.24309056905336,-52.54468235516802,112.81118270153662,76.2813010497291,-43.07641302327959,91.36336052455826,79.1622551889558,-38.12832526936986,81.82580362259719,79.1622551889558,-38.12832526936986,81.82580362259719,73.27000989305245,-39.75258735737751,87.33595505392192,73.27000989305245,-39.75258735737751,87.33595505392192,49.996565234188395,-47.627607185698395,142.17894890861837,51.19634251620683,-46.230388980361795,149.3950993548555,53.29699046245118,-44.10389163735637,156.21637480440526,55.85557541170277,-42.152814412389844,165.39692387328344
8.01666346,49.6414,-45.8527,91.9599,39.61528545807784,-43.69288371235783,90.94807214611737,34.45147148207205,-37.86839934564368,46.9295020951365,30.257784326300474,-44.210022588426924,7.563252815123711,31.36287635052435,-43.87699209065347,4.134353261454992,23.77446145968377,-31.981122157407658,2.8440823690578125,22.325576625924253,-29.53003052692088,2.28292923277564,59.66751454192215,-48.012516287642164,92.97172785388264,58.56310856398357,-43.23404426444141,48.54008828465921,54.99487977289975,-46.962620054512385,8.779929261308006,54.50750945595368,-47.178101182925126,5.201448033041206,63.8628449992346,-36.70858159585821,3.2968699987651573,66.29601585607892,-33.96261122625616,2.5449391972474578,47.96558661360145,-49.916147567682906,99.89168077818339,48.013464983849836,-50.85426259748127,109.7711051993189,48.45181163559103,-50.418162468984406,119.6758034749471,49.03608896167344,-49.62670160778236,129.550902904918,50.70365715122471,-43.97204634855255,138.27381136359514,30.09970235460423,-43.70156049928293,142.8704267471317,29.05537149054948,-35.51753134025377,114.35415487631128,33.0126030651689,-27.424751330696896,92.61343887564213,34.79123574206418,-23.598501327189144,82.32049286673869,34.79123574206418,-23.598501327189144,82.32049286673869,36.935269764441685,-28.865054983808736,88.26902894266514,36.935269764441685,-28.865054983808736,88.26902894266514,50.70365715122471,-43.97204634855255,138.27381136359514,68.19952384786573,-55.24402533208061,141.81812048784903,74.17521839390292,-52.584019044290066,112.86190935998604,76.09752252457407,-43.11918789435529,91.40187160670078,78.84813009503489,-38.155607955853306,81.8339307091885,78.84813009503489,-38.155607955853306,81.8339307091885,73.02354013739604,-39.81610429694064,87.40487806851368,73.02354013739604,-39.81610429694064,87.40487806851368,49.987987890809364,-47.63996888495297,142.1832856081276,51.15347354349334,-46.256595152336885,149.40771858323336,53.21197280077136,-44.13444406932841,156.24318250978376,55.71463043882141,-42.18343825533479,165.43915018843907
8.02499679,49.6625,-45.7948,91.9554,39.6353803376297,-43.640979310162564,90.94075596264749,34.4420742666333,-37.85653320881009,46.920375936987774,30.239934520475057,-44.21218624786083,7.55729074678753,31.3502168316346,-43.876617144347065,4.130315927811878,23.755834879217904,-31.98518351942574,2.834271906608099,22.30600344330814,-29.53477481927331,2.272581338265434,59.689619662370305,-47.94862068983744,92.97004403735251,58.56644535132428,-43.211515141541874,48.534445552114185,54.9881063056114,-46.95793626334599,8.776872711936598,54.49997351029066,-47.17171853888908,5.198393515909887,63.8536210010284,-36.70013057069671,3.296898040389543,66.28595930036818,-33.95369930884016,2.54395757723065,47.98710170561698,-49.85791630008464,99.88743816441051,48.03699573319808,-50.80671486012841,109.76583231117701,48.47706893717555,-50.38696791677772,119.6711605298222,49.055376551414746,-49.616043749894374,129.54823576860764,50.70154771174047,-43.97686440489039,138.2852157143207,30.071153240269382,-43.712208225337896,142.76201925011716,28.990571060686726,-35.46547832951602,114.26516837465154,32.655197390814315,-27.398246262867843,92.46375138209395,34.26093670956745,-23.578373978566656,82.14005835088162,34.26093670956745,-23.578373978566656,82.14005835088162,36.520774338262484,-28.82436699009336,88.06384446862009,36.520774338262484,-28.82436699009336,88.06384446862009,50.70154771174047,-43.97686440489039,138.2852157143207,68.19245841609344,-55.23909702449697,141.88454176154397,74.10672658695628,-52.62530640636837,112.91151547419004,75.91355836290164,-43.16542921742602,91.43926396803535,78.53365832698113,-38.18786411602341,81.84200484522358,78.53365832698113,-38.18786411602341,81.84200484522358,72.77749828202914,-39.88354029216938,87.47315522470319,72.77749828202914,-39.88354029216938,87.47315522470319,49.978674390935446,-47.65226796129818,142.18632965159728,51.10988855782308,-46.28284414555904,149.4188634001545,53.126197361937386,-44.16524095343172,156.2682989265058,55.57279514475046,-42.214578986264456,165.47941273892724
8.03333012,49.6735,-45.7544,91.95,39.64397429345172,-43.61412057365511,90.93049380146465,34.46881964080316,-37.84605656109819,46.905826691783794,30.23129766732459,-44.2250633208855,7.550312974226081,31.34317024722156,-43.8893061600484,4.123872205933148,23.755062555281285,-31.993938972275604,2.82717558622015,22.306405473643434,-29.542713938289843,2.266017161635789,59.703025706548274,-47.89467942634489,92.96950619853536,58.56884386302795,-43.1981627387237,48.52987900839429,54.98618594912845,-46.96172223693356,8.774313839912438,54.49916729497798,-47.177124672033784,5.195779996973076,63.851318148820596,-36.704501276509816,3.292626134960144,66.283459454807,-33.95783781164528,2.539896370640263,47.9995463766048,-49.82102953344036,99.8805426333242,48.048492938164344,-50.77962042932777,109.75799608898944,48.488032248383156,-50.3718147840379,119.66384682432975,49.06270683890293,-49.61445871174035,129.54218372560848,50.68554104428083,-43.9826060054392,138.28825061206572,30.035072514307018,-43.736501910458,142.67260587903425,28.931295141729453,-35.454856986917115,114.18677160106066,32.30234045290178,-27.406950578559286,92.33090835587319,33.724420760585495,-23.56341539119525,81.98908135611842,33.724420760585495,-23.56341539119525,81.98908135611842,36.12423030864081,-28.786209924995717,87.8782139021332,36.12423030864081,-28.786209924995717,87.8782139021332,50.68554104428083,-43.9826060054392,138.28825061206572,68.19117811257391,-55.206759528016185,141.93462379302605,74.06047629146308,-52.64032744856405,112.94822203446265,75.71310146769717,-43.189755745927556,91.45945690567491,78.12603486708657,-38.216846163409066,81.80562950277036,78.12603486708657,-38.216846163409066,81.80562950277036,72.46652476030354,-39.999690438370195,87.50738032126665,72.46652476030354,-39.999690438370195,87.50738032126665,49.960558287966826,-47.66322429546116,142.18405298105253,51.059432026547086,-46.30175614114284,149.4230717318181,53.03780803414195,-44.18565010932465,156.2840217489204,55.433989903936826,-42.237033265090425,165.50881146617863
8.04166345,49.6795,-45.7137,91.9463,39.64755390854798,-43.5871368065224,90.921916569664,34.49048069801261,-37.835481898976596,46.89298103886014,30.217623135952948,-44.23761876429412,7.545044479212045,31.3310934299243,-43.90165254090291,4.1191430730440874,23.749083918512568,-32.00246952846898,2.821785602851023,22.301565540594115,-29.55045047428928,2.2611579292315,59.71144609145202,-47.840263193477604,92.97068343033598,58.56629840956407,-43.184319231633935,48.52706831116686,54.979497001619244,-46.965042682270344,8.77350538229502,54.493606215923556,-47.182070733938566,5.194916440719707,63.84408644729125,-36.70825130559717,3.2901363942837754,66.27598522387355,-33.961313221483564,2.537625183667118,48.00705582186538,-49.78387882752026,99.8753401523469,48.05508261326918,-50.75226875330122,109.75184223655431,48.494097985883414,-50.35640124758694,119.658200470584,49.06514759300529,-49.612618595391424,129.53777883977057,50.66455140053026,-43.988134169112215,138.29289872158927,29.99443953989314,-43.76078992025462,142.5847257336274,28.867397476670554,-35.4452547325578,114.10967749187893,31.94539560415035,-27.422304182377477,92.20146683384954,33.183533110758766,-23.558705644900535,81.84347075899029,33.183533110758766,-23.558705644900535,81.84347075899029,35.72241496826038,-28.75585964218932,87.69686464594838,35.72241496826038,-28.75585964218932,87.69686464594838,50.66455140053026,-43.988134169112215,138.29289872158927,68.18484370905793,-55.1739586110417,141.98636292448595,74.01017224091305,-52.65649089894331,112.98680041994982,75.50803864124757,-43.21841230155036,91.48120647613644,77.7137602943036,-38.256919565846296,81.77209515461685,77.7137602943036,-38.256919565846296,81.77209515461685,72.15325293041508,-40.12316323241742,87.54413493158383,72.15325293041508,-40.12316323241742,87.54413493158383,49.93753153006576,-47.673986374912324,142.18336947934446,51.00403722825496,-46.32058563811227,149.42873927969688,52.94438386752217,-44.20612404389045,156.30104737731193,55.290030157663665,-42.2597737821043,165.53929421458525
8.04999678,49.6876,-45.6583,91.9476,39.653298025990395,-43.54524641204225,90.91834627092939,34.51433784147612,-37.809935200698234,46.88516110586316,30.205881102400287,-44.2349078448537,7.544829298170363,31.320955492223298,-43.89876392163234,4.119467096644488,23.745268331687267,-31.99563016087869,2.821417899080611,22.298934410306956,-29.5427924865674,2.2613145012656797,59.72190197400961,-47.77135358795774,92.9768537290706,58.565881360984974,-43.156027192026855,48.529283707175296,54.97485356998457,-46.95389669243673,8.777736739137453,54.49008603857218,-47.17254505260444,5.199094094406869,63.83913525896061,-36.69774746813887,3.2926693675349403,66.27085398905044,-33.950591262991125,2.540372603053962,48.016595683610326,-49.731981217423325,99.87514494581515,48.06372349420007,-50.71015570962252,109.75068709157505,48.5022700769949,-50.32621859600774,119.65753564335517,49.06976166849458,-49.59601356180457,129.53833181279424,50.64588334082688,-43.97898156096033,138.3024537723231,29.956573293611687,-43.7698049165424,142.50170176948052,28.806279547779912,-35.42148233414245,114.03717900870879,31.592003187272045,-27.429316920522297,92.07866043286428,32.646061602831445,-23.54934406488419,81.7064267136038,32.646061602831445,-23.54934406488419,81.7064267136038,35.322915481213755,-28.718517290827762,87.52301095418193,35.322915481213755,-28.718517290827762,87.52301095418193,50.64588334082688,-43.97898156096033,138.3024537723231,68.18031841667903,-55.12691681810105,142.04305732166165,73.96282360875588,-52.660304100017605,113.03055696332312,75.30579100247803,-43.237963746038744,91.50783773286386,77.30464021309862,-38.29471792359696,81.74477553891174,77.30464021309862,-38.29471792359696,81.74477553891174,71.84530321677119,-40.24031434946025,87.58676534222042,71.84530321677119,-40.24031434946025,87.58676534222042,49.91676972917386,-47.67005068996506,142.18758300031678,50.95095090268522,-46.32485225989201,149.43916365466956,52.853273999295894,-44.21224315513037,156.3226628454213,55.148366739342464,-42.268450471760325,165.5741362310536
8.05833011,49.6981,-45.6022,91.9477,39.66143034333261,-43.50281527819378,90.91357196016216,34.54038671812498,-37.783914754094866,46.87616523321942,30.196266902517507,-44.23160474426422,7.543472768701854,31.312936482079305,-43.89526543047467,4.118649450677863,23.743386891545388,-31.988301423629135,2.81992386914313,22.298198585898007,-29.534668296436706,2.2603476694491493,59.73476965666738,-47.70158472180623,92.98182803983784,58.567858945162925,-43.12690965114348,48.53034021727746,54.97271401815301,-46.94199114106867,8.780813605391565,54.48907791104688,-47.16226800113362,5.202117744547401,63.836518397471934,-36.68633248503241,3.294057888245479,66.26801028058901,-33.9389160772229,2.5419781557470777,48.02860425414925,-49.6794073638567,99.8737499002466,48.07487272012396,-50.667361344215095,109.74832255946332,48.512974974741745,-50.29534028091438,119.65564539579803,49.0769320008238,-49.578703842316266,129.5376372865054,50.629698958654934,-43.969156679889444,138.3107175410783,29.92162762911607,-43.77827926365349,142.4173385928314,28.747853941690185,-35.39823722326608,113.96309686383701,31.241913130751804,-27.442552261916127,91.95631954871865,32.11170906973528,-23.549840240948143,81.57177772073206,32.11170906973528,-23.549840240948143,81.57177772073206,34.925556628222196,-28.688647824282423,87.35048599272739,34.925556628222196,-28.688647824282423,87.35048599272739,50.629698958654934,-43.969156679889444,138.3107175410783,68.17817431234657,-55.079006056856265,142.0984937253304,73.9188981111501,-52.664928219044945,113.07327985705996,75.1065394035786,-43.261573922205514,91.5331327273714,76.89887995085815,-38.34332828921406,81.71749030891492,76.89887995085815,-38.34332828921406,81.71749030891492,71.54282833594996,-40.3643467366451,87.62906761851232,71.54282833594996,-40.3643467366451,87.62906761851232,49.898564012027336,-47.66545549454547,142.19049122708014,50.90040712266725,-46.32856165067645,149.44814489299645,52.764625800910906,-44.21794702253246,156.34267215116665,55.00906592114948,-42.27692445392381,165.60714517564114
8.06666344,49.7055,-45.5466,91.9505,39.66764044517091,-43.45179398610677,90.91863851138677,34.5718529689787,-37.77678644541048,46.87262459797432,30.21142338886338,-44.22858822692783,7.542411182091804,31.323345734278043,-43.892996996744216,4.115970307424418,23.75548578356976,-31.983953505607367,2.8264975885673254,22.311131009161997,-29.52995750346963,2.266360826662238,59.74335955482909,-47.641406013893224,92.98236148861324,58.56606408669421,-43.089711245013596,48.528788489790486,54.96725106618233,-46.93488930559677,8.782493942804052,54.48513986158878,-47.15754051725004,5.203739261639852,63.82959864849978,-36.67943171774111,3.293009828837988,66.26070002593879,-33.931425810674064,2.5418219382681153,48.038599952286035,-49.63148332559192,99.87314320802928,48.08021126140535,-50.6322661567448,109.74644464494605,48.513317453524984,-50.27284700664802,119.65445231254964,49.06993514111334,-49.564928196559336,129.53748862476596,50.59844982803669,-43.95741268008662,138.31612487024154,29.878047159576166,-43.81414470696171,142.36203346840963,28.651224796793848,-35.424951940522924,113.91272638971773,30.92210903066634,-27.4921584815993,91.87354820689049,31.604396914898818,-23.559484202852246,81.49005086297139,31.604396914898818,-23.559484202852246,81.49005086297139,34.5726081271832,-28.663713462520693,87.22198915797927,34.5726081271832,-28.663713462520693,87.22198915797927,50.59844982803669,-43.95741268008662,138.31612487024154,68.17329442343083,-55.01195009986971,142.14326854697498,73.87833929657955,-52.641138416749186,113.10745554650022,74.89444171345146,-43.25811475681877,91.54967492985016,76.40508709316124,-38.398071223261425,81.65794160249277,76.40508709316124,-38.398071223261425,81.65794160249277,71.19001655110294,-40.526491969815474,87.65722615323362,71.19001655110294,-40.526491969815474,87.65722615323362,49.86853240835174,-47.65733643653089,142.19267125187295,50.84412131746465,-46.324758571299036,149.45469397395323,52.676187741395346,-44.21310082385361,156.35751554766202,54.877603633633655,-42.273722712612155,165.63265010719473
8.07499677,49.7147,-45.4925,91.952,39.67566671255535,-43.40220611082921,90.92240934324681,34.60486483898097,-37.77119229203727,46.86786639951025,30.22804027879122,-44.2270553237582,7.540140569315362,31.335210786079024,-43.89219974030766,4.112089366427043,23.769134967258275,-31.981016714881132,2.83194225040996,22.325626906650857,-29.526647403147,2.271258698413708,59.75373328744465,-47.58279388917079,92.98159065675318,58.56610987656702,-43.05411674267842,48.52594156480118,54.963664417208946,-46.92933492394454,8.782893739427571,54.48308217270129,-47.15435243139488,5.204081412522902,63.82462768342607,-36.6741291669184,3.2907051301927623,66.25535499349719,-33.92554706854055,2.5404153114218606,48.05037897262725,-49.58503634699281,99.87123510958524,48.08734617520204,-50.59864304627928,109.74324675491343,48.51547856878634,-50.2518263086904,119.65191971573375,49.06477373746161,-49.552629986509224,129.535986609534,50.56907229085472,-43.94721157512665,138.3201434866391,29.836623487191197,-43.85135606305321,142.30528679200168,28.556783423520212,-35.454167303303464,113.86067478929448,30.60551205256466,-27.549296171695637,91.78971591485481,31.099405967424673,-23.581551915285402,81.40889055520967,31.099405967424673,-23.581551915285402,81.40889055520967,34.22081699363805,-28.647694816094102,87.09303869435797,34.22081699363805,-28.647694816094102,87.09303869435797,50.56907229085472,-43.94721157512665,138.3201434866391,68.1698980007344,-54.94654260608637,142.1867492386915,73.84045290518358,-52.620754309635444,113.14054057876965,74.68422546470504,-43.26231652176271,91.56464680172499,75.91641705037786,-38.47496584419479,81.59913436045781,75.91641705037786,-38.47496584419479,81.59913436045781,70.84566763639958,-40.70210181506857,87.68567003369944,70.84566763639958,-40.70210181506857,87.68567003369944,49.84034560276916,-47.650750103679314,142.19346078239448,50.789688401243346,-46.32260153930837,149.45977216744018,52.589574729357395,-44.210073329647834,156.37078839313062,54.74794624099387,-42.27260097603458,165.65643181634803
8.0833301,49.7232,-45.439,91.9553,39.682970549637886,-43.35334253608784,90.9279732081228,34.63691452441772,-37.76646412556345,46.864970468110215,30.243852517034732,-44.226441894454744,7.539730823389441,31.346266487461317,-43.8923036202308,4.110077066068311,23.781864823475274,-31.97905737241857,2.8392693288896855,22.339175378170264,-29.52433153409379,2.2780398678256564,59.76342945036211,-47.52465746391216,92.9826267918772,58.565515330648935,-43.019013778675266,48.52491341170573,54.95958464503251,-46.924310756804594,8.785126055793228,54.48054210108178,-47.15169705258447,5.206257022540303,63.81906358884321,-36.66925828327979,3.2902573173220615,66.24938646673988,-33.92007187151818,2.5408719677472646,48.0615087690931,-49.5392077313174,99.87111845216728,48.09384739800536,-50.565643749504545,109.74182067409902,48.51700459620839,-50.23143291561968,119.6511405369616,49.05896332880931,-49.54096803948482,129.53622617277588,50.5389574200251,-43.93769433959315,138.32587821822506,29.794725502709944,-43.889429188506675,142.25009807392044,28.461996224644665,-35.48535463475709,113.80994889698385,30.28972598401235,-27.613332496788892,91.70786361920835,30.594488413141278,-23.61539099314135,81.33134954047902,30.594488413141278,-23.61539099314135,81.33134954047902,33.86788487147668,-28.6399441405982,86.96671040281097,33.86788487147668,-28.6399441405982,86.96671040281097,50.5389574200251,-43.93769433959315,138.32587821822506,68.16557962570852,-54.88158285481077,142.23208899397642,73.80295134107699,-52.60234548223088,113.17573273958351,74.47361845584221,-43.2727009513949,91.58130195779593,75.43121888980656,-38.57227898028129,81.54449491904064,75.43121888980656,-38.57227898028129,81.54449491904064,70.50771972683407,-40.88944677549987,87.71769831393823,70.50771972683407,-40.88944677549987,87.71769831393823,49.811460710222136,-47.64485693891269,142.19595846176423,50.73452529984096,-46.321241315687566,149.46648147925384,52.50215086093393,-44.20798799353943,156.3855978805511,54.61740363335259,-42.27264985595599,165.6816030703297
8.09166343,49.7323,-45.3863,91.9584,39.69088846981444,-43.305228017564,90.93332990709108,34.669359440774045,-37.762542497964006,46.86194479507852,30.260037631113217,-44.2264790858897,7.539175504804405,31.35770124803569,-43.893040057667946,4.107930418521116,23.795059482216697,-31.977677372883726,2.846525403491468,22.353200990739577,-29.52258540816253,2.284762268160616,59.773711530185565,-47.467371982436,92.98347009290892,58.56561628075101,-42.98475544965933,48.523704493680086,54.95625499447748,-46.92017258378184,8.787200083055275,54.47875768141179,-47.149928709189474,5.2082759035772135,63.81428609891765,-36.66530347572249,3.2896555972925237,66.24421118378679,-33.9155188338789,2.5411757211403403,48.07321776319018,-49.49416841649126,99.87079320046695,48.10092887326186,-50.53344042614041,109.7401662719816,48.51911818141065,-50.21184868693588,119.65011458144443,49.05374214349412,-49.53013266134664,129.53620680840757,50.50944599855128,-43.929076838775735,138.331327143276,29.753710760499565,-43.928245519145506,142.19454379223654,28.368254969550094,-35.518356080852016,113.75863351092141,29.97627605647808,-27.68410690117908,91.62607129560642,30.091316939481143,-23.66085391151063,81.25550420372443,30.091316939481143,-23.66085391151063,81.25550420372443,33.515342354919696,-28.640410828922853,86.84107611843889,33.515342354919696,-28.640410828922853,86.84107611843889,50.50944599855128,-43.929076838775735,138.331327143276,68.16148534911824,-54.817600248844144,142.2772812173154,73.76703018615626,-52.58653379449569,113.21103049252743,74.26407162866519,-43.289951607582104,91.59765473383602,74.951684011827,-38.69048711581469,81.49218213576535,74.951684011827,-38.69048711581469,81.49218213576535,70.17789615977652,-41.088812516925856,87.75137821575552,70.17789615977652,-41.088812516925856,87.75137821575552,49.783153973089824,-47.63985935423034,142.19816307317367,50.67993625923804,-46.32089515560596,149.47281952392774,52.41526031460667,-44.2070914254558,156.39993982862595,54.48735938988868,-42.27415152577864,165.70615760239696
8.09999676,49.7424,-45.3314,91.9605,39.70102627313578,-43.24857695031818,90.93862102910622,34.677703127938855,-37.755126420763595,46.86127618951469,30.27059459916085,-44.219174944675686,7.538277184020693,31.36536427676122,-43.88619387236725,4.1060632043727,23.800822013710903,-31.971565717491877,2.849123555234115,22.359294749416087,-29.516669688215128,2.285656682529112,59.783773726864226,-47.41422304968182,92.98237897089378,58.5716160130354,-42.936742760938444,48.52220638698763,54.952918155836116,-46.9115260248379,8.790469657852242,54.47668721368209,-47.14368758347797,5.211531974121929,63.81150288806172,-36.65909435868832,3.289272304865087,66.24134606710093,-33.9094680219359,2.539945438194729,48.08384324783867,-49.44739169552475,99.86878077503141,48.1067639612145,-50.495936287921765,109.7371853025654,48.518688760346805,-50.18347604459985,119.64768809488643,49.04318110757065,-49.50748300500532,129.53471597127697,50.47054626850862,-43.90592938673363,138.33416297122918,29.709823039821654,-43.984106307137054,142.16968747655744,28.244402978356437,-35.586657645620946,113.73410902876327,29.702037746536437,-27.770630047876853,91.58469558926345,29.66820959087012,-23.714937869968665,81.22618809808488,29.66820959087012,-23.714937869968665,81.22618809808488,33.22149014998104,-28.64981423181854,86.77053146004071,33.22149014998104,-28.64981423181854,86.77053146004071,50.47054626850862,-43.90592938673363,138.33416297122918,68.15950668567272,-54.72458607207904,142.30686176734153,73.72455100025778,-52.51438606421566,113.2312359040528,74.06645572962198,-43.270154352956915,91.59241007027437,74.41735522906848,-38.80976618033279,81.40760434205023,74.41735522906848,-38.80976618033279,81.40760434205023,69.8389857513768,-41.28248319102811,87.78277134100196,69.8389857513768,-41.28248319102811,87.78277134100196,49.74770731024586,-47.61999175454462,142.1984962462493,50.62168469812362,-46.30355032574919,149.47638446966477,52.326648527205194,-44.187807813026595,156.4104484630154,54.359744181144215,-42.255255211318314,165.72534529497037
8.108330089999999,49.7531,-45.2809,91.9629,39.711732011181944,-43.19648684123739,90.94421186974758,34.68654011760322,-37.75235358670092,46.860961515564746,30.281728152549668,-44.21664833763179,7.537745667727378,31.37359016070788,-43.88411497424662,4.10456219448036,23.806957513173067,-31.970344537914023,2.8520825069693494,22.365718439214014,-29.51567137486094,2.2869100738300245,59.79446798881806,-47.36531315876262,92.98158813025243,58.57821194105853,-42.892990296498965,48.52100838041154,54.95033514127522,-46.90713771212473,8.794066512943076,54.47538224378647,-47.141705739947284,5.2151159084934315,63.80931800948003,-36.65698990432967,3.289255589504573,66.23903589778898,-33.907481009602336,2.5390919802520426,48.09513077188981,-49.405037254256285,99.86705921532425,48.11327294178658,-50.46285372410718,109.73448411841744,48.518923534206905,-50.159521325462535,119.64552927486797,49.033261816956774,-49.48925412197393,129.53348037948138,50.43217274688083,-43.8872559260144,138.33721289294436,29.666786451950518,-44.04472810111362,142.14495807564631,28.12159307024884,-35.66081151416011,113.70960962136937,29.42950474110462,-27.865755732616908,91.54346483559598,29.245805199479996,-23.781418013528338,81.19779420940161,29.245805199479996,-23.781418013528338,81.19779420940161,32.92749658358956,-28.668632017665974,86.70041527428499,32.92749658358956,-28.668632017665974,86.70041527428499,50.43217274688083,-43.8872559260144,138.33721289294436,68.15786490243586,-54.63565824120196,142.33679713600833,73.6833260028054,-52.44774681607565,113.25193776099837,73.87074534457352,-43.259211538083065,91.58751541293157,73.89260410745237,-38.9575335360229,81.32868753680746,73.89260410745237,-38.9575335360229,81.32868753680746,69.51193239368341,-41.491293640932916,87.81778037176636,69.51193239368341,-41.491293640932916,87.81778037176636,49.712837366656295,-47.60459735775222,142.19904618590803,50.563974511861595,-46.29076181151526,149.48011157635716,52.23849967064081,-44.17322190322978,156.42104103370895,54.23252866229785,-42.24126428679006,165.74450222766004
8.11666342,49.7636,-45.2352,91.9629,39.72227846479892,-43.14900714444016,90.94740208955506,34.695412147342715,-37.75410169086098,46.85829104812708,30.292817630293396,-44.21848838122038,7.534841988743295,31.381787617724697,-43.88641894926769,4.1006952093472115,23.813298399674547,-31.973360148722286,2.8526719839999077,22.37239372360112,-29.5188843714813,2.285792227519755,59.804921535201075,-47.321392855559836,92.97839791044495,58.58469918265508,-42.85419231698266,48.51741187764893,54.947631676883965,-46.9076958663025,8.795306839973563,54.473956835308826,-47.14466610936487,5.216345106179567,63.807224726301286,-36.660018578331204,3.2868794742081024,66.236873164208,-33.9106770407146,2.535878011284464,48.10613620052492,-49.36744717190969,99.86292848211157,48.11947822176715,-50.43453436127872,109.72936279047008,48.518859160500966,-50.14033750145433,119.64093794852874,49.02304762276604,-49.475815858324154,129.52979956252307,50.39358810962127,-43.873476068753604,138.33777602718766,29.62385369100974,-44.10980256693584,142.1176266600302,27.999417985495306,-35.74052239082882,113.68238304207482,29.1586077124586,-27.96927834717823,91.49960712401335,28.824278088156923,-23.860136565380973,81.16753867910522,28.824278088156923,-23.860136565380973,81.16753867910522,32.633297476810306,-28.69683448430344,86.62796680258762,32.633297476810306,-28.69683448430344,86.62796680258762,50.39358810962127,-43.873476068753604,138.33777602718766,68.15543428476253,-54.55185244485009,142.3644480104815,73.64236168242242,-52.38784436317147,113.27050674438216,73.67628679200766,-43.25831663531174,91.58036901330308,73.37798928569512,-39.134447227266534,81.25306633864594,73.37798928569512,-39.134447227266534,81.25306633864594,69.1964366261446,-41.715731347573275,87.85383450602026,69.1964366261446,-41.715731347573275,87.85383450602026,49.67767779546374,-47.59407076303752,142.1971120626929,50.50598897203624,-46.282957346249205,149.48129998624228,52.150073112108444,-44.16382122544144,156.42901622572347,54.10503690848946,-42.23273778388812,165.76092780819135
8.12499675,49.772,-45.1844,91.9628,39.730692891718206,-43.09658833215205,90.95049134807238,34.70208260475945,-37.75098540894868,46.85557429157557,30.30179203624825,-44.21552256012734,7.531892088306478,31.38786244532842,-43.88389991262941,4.096784036179601,23.817326447468517,-31.971675184916407,2.853221516010133,22.376713624737945,-29.517422924830427,2.28463482627221,59.81330710828179,-47.27221166784794,92.97510865192763,58.5890856046998,-42.81015497965557,48.51371602785966,54.942966555539535,-46.90307885114241,8.796483373109353,54.470579762633264,-47.14245824120341,5.21751172344492,63.802994290481344,-36.65771186711342,3.2844588138180324,66.23252494504978,-33.90849391782592,2.532624333744292,48.1151033165715,-49.324779277782966,99.8586885358805,48.12365691528707,-50.40113481259443,109.72412135147607,48.51675883862575,-50.1160665151248,119.63621426791128,49.0107754263685,-49.45728830399698,129.52597351270478,50.3528296558749,-43.85465748145855,138.338150318546,29.5790667325174,-44.17008902285451,142.08998530783197,27.87560802761379,-35.81656085366998,113.6547339952916,28.88682997090418,-28.07187624650077,91.45543687225447,28.401054994401065,-23.941783245724004,81.13774258971236,28.401054994401065,-23.941783245724004,81.13774258971236,32.33642147165605,-28.725021973873087,86.55549754107334,32.33642147165605,-28.725021973873087,86.55549754107334,50.3528296558749,-43.85465748145855,138.338150318546,68.15063350413786,-54.46261503288972,142.39208712192502,73.60009185397276,-52.323923526105794,113.28923289811691,73.48136615380469,-43.25676758692337,91.57324593867459,72.87275142318354,-39.32924164227923,81.18322241152691,72.87275142318354,-39.32924164227923,81.18322241152691,68.8910100149616,-41.944630616602986,87.89321694392413,68.8910100149616,-41.944630616602986,87.89321694392413,49.640395644617485,-47.57850343791782,142.19499309005818,50.44584649920317,-46.27019295464515,149.48224799864386,52.05941322332989,-44.149600194225776,156.4366710713184,53.97525259991623,-42.21959742407276,165.77691674671274
8.13333008,49.778,-45.14,91.9623,39.73695808060859,-43.05011241350906,90.95164582628104,34.69229861250543,-37.74140628978593,46.854104484469,30.302267173643006,-44.214529201482414,7.530688007440077,31.39010434198738,-43.882401282279574,4.096187871458935,23.814426172520694,-31.973901239496186,2.8482744114409915,22.371939901355418,-29.52034762244386,2.281424968776398,59.81904191939141,-47.22988758649094,92.97295417371896,58.60410267562957,-42.767883154220975,48.511301692840895,54.94787722176041,-46.89865076450377,8.79891629394654,54.47731607775543,-47.141995169092866,5.2199715396777755,63.810795289893974,-36.65946360312273,3.280059488831801,66.24132929636953,-33.910698184091984,2.5298150392644274,48.12058741897309,-49.286354952984354,99.85494385960851,48.12510292671309,-50.36978244884895,109.71960520766271,48.51227387076308,-50.0931938703576,119.63217180056546,48.99825952290323,-49.43850429156772,129.52260043342753,50.314226581277694,-43.8339359316861,138.3374791022855,29.542239662549953,-44.232525457863254,142.09123384624866,27.759611474626432,-35.90583729284172,113.65296345956531,28.66105497580193,-28.181452516450207,91.44186754602606,28.090127563967346,-24.051313486284016,81.12855312665641,28.090127563967346,-24.051313486284016,81.12855312665641,32.10987278804293,-28.777806407788816,86.53414872291134,32.10987278804293,-28.777806407788816,86.53414872291134,50.314226581277694,-43.8339359316861,138.3374791022855,68.16030562275508,-54.35447070533927,142.40697535633177,73.55351324510194,-52.23046830490331,113.29256918026145,73.31378120635269,-43.27485586569905,91.53134135119889,72.52438462891675,-39.52555210275709,81.08777705697511,72.52438462891675,-39.52555210275709,81.08777705697511,68.66048100169714,-42.05276001870893,87.89967985009199,68.66048100169714,-42.05276001870893,87.89967985009199,49.60693126748704,-47.560394603294114,142.19274384026227,50.38993580493925,-46.25518452135437,149.48300049135707,51.97249409396798,-44.13027670650961,156.44322947772943,53.84969784026656,-42.195513980419506,165.79033276029858
8.14166341,49.7816,-45.0949,91.9629,39.74084490548716,-43.00283348443271,90.95390563110756,34.68040036105028,-37.731028029827655,46.853746101787536,30.30063356566256,-44.212686363024936,7.530590992364871,31.390243365640004,-43.8800572091275,4.096701335813485,23.809544691795395,-31.975208310366085,2.844446843296172,22.365208663872007,-29.52234186657986,2.279336294562542,59.82235509451284,-47.18696651556729,92.97189436889245,58.61669922162157,-42.7250362519964,48.509981741462745,54.950205643321624,-46.893678137800634,8.802500968210417,54.48145679605827,-47.14099134573033,5.22359044418599,63.81608305207752,-36.660762067263974,3.276770490720194,66.24763581652668,-33.9124672652989,2.528104707615749,48.12363104840752,-49.24720725093331,99.85229708747774,48.12410114151531,-50.337698730163005,109.71618106657745,48.50534783904253,-50.06958463434877,119.6292101106008,48.98330363674004,-49.41898467407241,129.52029988814988,50.2732189373983,-43.81255219670689,138.33784348826146,29.50332324469195,-44.29396877317014,142.09346059254736,27.642041041008888,-35.99492382309287,113.65214903497588,28.434373202116205,-28.292432968077346,91.42929263407913,27.778143646174925,-24.16387070448785,81.12042280094815,27.778143646174925,-24.16387070448785,81.12042280094815,31.88141326387989,-28.832211024044632,86.51378240874216,31.88141326387989,-28.832211024044632,86.51378240874216,50.2732189373983,-43.81255219670689,138.33784348826146,68.16701179340393,-54.245590821218244,142.42304496748082,73.50482144334056,-52.137900089951565,113.29724627349862,73.14622327679352,-43.29625981078466,91.49109331684983,72.17739786604193,-39.72809619364776,80.99928477133744,72.17739786604193,-39.72809619364776,80.99928477133744,68.4316250010262,-42.16399686650576,87.90972066999434,68.4316250010262,-42.16399686650576,87.90972066999434,49.57101772994035,-47.54159592496322,142.1915395620323,50.33159462520161,-46.239599131248404,149.48474452542465,51.88310651081634,-44.11058370706781,156.45070574372735,53.72161567088946,-42.171344145990844,165.8045698906712
8.14999674,49.7792,-45.0464,91.9578,39.73871471952807,-42.95224245940931,90.95045977057718,34.66255339088889,-37.717377501461684,46.847706145801325,30.293107826101714,-44.20748190385365,7.524795902631205,31.384488930897582,-43.87432826897889,4.091519656352107,23.79865416693424,-31.97320577892975,2.8349547313714236,22.352443137170276,-29.521042865674932,2.2715889628456036,59.81968528047194,-47.140557540590684,92.96514022942283,58.623289729566565,-42.67868496696896,48.502971669257704,54.94654129270674,-46.885113940251735,8.800424447262294,54.47960453315541,-47.13639237656534,5.2215532490178695,63.81528448802372,-36.65838372503751,3.2678451135027533,66.24782573239763,-33.91053267240253,2.5207632528256996,48.12070295937616,-49.20467745445232,99.84394095312375,48.117127197946004,-50.30224022526274,109.70703997008901,48.49243676762538,-50.042606864064844,119.62052131041847,48.96233746474508,-49.39610716844163,129.51226587438723,50.2261161903778,-43.787877293480044,138.33245083549923,29.458626213681175,-44.35231190647715,142.08981194077725,27.51903999254742,-36.081734412663735,113.64544035605746,28.20278445766934,-28.402690533165046,91.41086635871835,27.461048350607275,-24.277342586981746,81.10650841165219,27.461048350607275,-24.277342586981746,81.10650841165219,31.64706136074713,-28.88605120158205,86.48755391772374,31.64706136074713,-28.88605120158205,86.48755391772374,50.2261161903778,-43.787877293480044,138.33245083549923,68.16720988476163,-54.13306731243824,142.4335713361659,73.4506071467163,-52.043151769023765,113.29657272557176,72.97530213854292,-43.317842836244,91.44583883819949,71.82853208952078,-39.93360837350799,80.91111832046577,71.82853208952078,-39.93360837350799,80.91111832046577,68.20107876138223,-42.27520679052037,87.91661972717363,68.20107876138223,-42.27520679052037,87.91661972717363,49.52903201547994,-47.51950036209561,142.18457882128618,50.26716529716539,-46.22083250506914,149.48068275133642,51.787541559648744,-44.08790583483071,156.4523103476989,53.58724390094503,-42.144464013730506,165.8128469699835
8.15833007,49.7735,-45.0061,91.9582,39.73326966874787,-42.909923640216554,90.95251895011894,34.64156260886219,-37.712107057341285,46.847175461635636,30.28255966549028,-44.210767125580745,7.524519265148292,31.3757068386289,-43.877087546942754,4.091856007521788,23.78469209102427,-31.979725312293418,2.8309722066945167,22.336595059268944,-29.528275846820815,2.269348854477486,59.813730331252124,-47.10227635978345,92.96388104988107,58.626513260384264,-42.6404956460119,48.50145724349309,54.93941710913681,-46.88479839740186,8.80390069632007,54.47428304540724,-47.140053293449384,5.225076156837563,63.81093387234401,-36.6642057327255,3.2644307987127825,66.24443561511286,-33.91677827248367,2.5189207462989627,48.114506705897625,-49.1703531603067,99.84108271011938,48.10689630149597,-50.27498089721442,109.7033906897456,48.47627019689916,-50.0238197918519,119.61731322650913,48.9381053530257,-49.381414757475284,129.5097043985551,50.175686471780715,-43.77144038766195,138.33249433658142,29.41092689211797,-44.41895901933179,142.09154582072534,27.393352327084738,-36.17766510061807,113.64409973043627,27.96902469153008,-28.523619953673595,91.39784844044698,27.14159386013848,-24.403131254586683,81.09807213555455,27.14159386013848,-24.403131254586683,81.09807213555455,31.409540346797538,-28.950754410974113,86.46671322695444,31.409540346797538,-28.950754410974113,86.46671322695444,50.175686471780715,-43.77144038766195,138.33249433658142,68.16369820024828,-54.02840137960604,142.44967469530397,73.39353848234178,-51.95775972456484,113.30163984901972,72.80360811813416,-43.35116092115774,91.40666459343704,71.48045704614502,-40.15354438153652,80.83439045127166,71.48045704614502,-40.15354438153652,80.83439045127166,67.97143992317373,-42.39788619300504,87.93145177394264,67.97143992317373,-42.39788619300504,87.93145177394264,49.4837400833556,-47.505628139080464,142.18306301207616,50.19942900366988,-46.210390433395304,149.48201226231834,51.6885984544893,-44.073737736743354,156.4592324181638,53.44940903836949,-42.126354511040724,165.82634430744682
8.1666634,49.7596,-44.9676,91.9541,39.71752740391204,-42.880110750237755,90.94874363680026,34.62466143236904,-37.69691930671746,46.84181283328914,30.278915947659375,-44.20934456110884,7.519966574776674,31.375247735362212,-43.87499074285954,4.088384726839135,23.78106309941064,-31.980329659899997,2.8211205726057327,22.331679938751208,-29.529368193653006,2.2606862504329372,59.80167259608796,-47.05508924976224,92.95945636319973,58.62887595503545,-42.6067584957316,48.49530221863648,54.94311829681298,-46.877666506812304,8.800474911596325,54.47801858488333,-47.13240871289847,5.221609377659446,63.81485849149842,-36.65643423349816,3.2625432059354256,66.24813461682443,-33.90913112290064,2.5158394252970644,48.104364338579266,-49.133949553907804,99.8366648905869,48.09579196588982,-50.24231982766236,109.6985521790872,48.461826235631044,-49.99687821863165,119.61274182677558,48.92079765381556,-49.35808466340793,129.50550014139614,50.138786423833984,-43.74541793271171,138.32930415509935,29.37863133198006,-44.47321240341168,142.0990872537126,27.303093484107333,-36.26380914716899,113.64659065924063,27.808615311197208,-28.638292168948983,91.38884053176336,26.94671910214661,-24.563178952806926,81.07384910998736,26.94671910214661,-24.563178952806926,81.07384910998736,31.2554210289392,-29.0503015266596,86.46081202679305,31.2554210289392,-29.0503015266596,86.46081202679305,50.138786423833984,-43.74541793271171,138.32930415509935,68.1711868673465,-53.91973393764858,142.45735659135724,73.35225177543744,-51.88137849553992,113.29833748663125,72.76732278253733,-43.37340191713822,91.36471729171967,71.50879091388337,-40.16745070844088,80.78707884006617,71.50879091388337,-40.16745070844088,80.78707884006617,67.95538338347762,-42.34489930575439,87.88289192122024,67.95538338347762,-42.34489930575439,87.88289192122024,49.45678362140021,-47.482087382887286,142.17923930904638,50.15522612986826,-46.187664687629415,149.48000361498492,51.61277758976385,-44.0438566649128,156.46170415324866,53.33264351097085,-42.08699845940787,165.8344469568798
8.17499673,49.7418,-44.9288,91.9514,39.6978522913216,-42.85019346973818,90.94637058367088,34.60380014015619,-37.68180979152075,46.837839151691156,30.271497672328323,-44.208140348988564,7.516814947432252,31.371010526187824,-43.87309562269608,4.0863184295530495,23.77342417543886,-31.981292581920897,2.81263751098545,22.32270389513471,-29.53085257047317,2.2533838087086515,59.78574770867839,-47.007406530261825,92.95642941632913,58.62725973330294,-42.57263360345818,48.49054589931577,54.94289374459492,-46.87021156535944,8.798467966652275,54.47783255506685,-47.12444982169431,5.219561591429455,63.81466630066746,-36.64817498177762,3.262072872294132,66.24766502285523,-33.900951173495486,2.5141743600342927,48.090408713109966,-49.097260620073186,99.83365512343916,48.08090776180064,-50.209358951629916,109.69512185376244,48.44361336908041,-49.96962030094699,119.60957337980344,48.899717423005285,-49.33441642369269,129.50269544347546,50.09798760020405,-43.71907642360414,138.32749838812197,29.342760237086324,-44.52751505705216,142.1079683220373,27.209366113777886,-36.350392892487946,113.65045570655339,27.644900663542405,-28.75396598261038,91.3812817187547,26.749129516503448,-24.724540327173635,81.05123894196502,26.749129516503448,-24.724540327173635,81.05123894196502,31.09796516972969,-29.150670654942264,86.45637997033784,31.09796516972969,-29.150670654942264,86.45637997033784,50.09798760020405,-43.71907642360414,138.32749838812197,68.1745524576699,-53.810223308266096,142.4665256103093,73.30707591924569,-51.80442003895209,113.29666654652253,72.72618393659184,-43.396195030503975,91.32450645808798,71.53334011749592,-40.184535961688525,80.74098953412532,71.53334011749592,-40.184535961688525,80.74098953412532,67.93602471211707,-42.293449120886955,87.83537871959771,67.93602471211707,-42.293449120886955,87.83537871959771,49.42600240759508,-47.45820323271784,142.17680919634225,50.1071776662893,-46.16468969951877,149.47936590676045,51.532991928129576,-44.013991927525865,156.4654996219693,53.21175041467066,-42.04808212818954,165.84379952606383
8.18333006,49.7193,-44.8911,91.9506,39.673482857622965,-42.82139360974778,90.94588700114267,34.57831551382133,-37.66777049614145,46.83575731655025,30.259541580371238,-44.20794453501518,7.515545021307055,31.36223769044218,-43.87219317082301,4.086139511035995,23.761250942502045,-31.983248531855068,2.8060782510980555,22.309190517135278,-29.533331683069807,2.2480117317459385,59.76511714237703,-46.96080639025222,92.95531299885732,58.620989147913505,-42.53953999553615,48.48771269426207,54.93802859478835,-46.863797104246416,8.798402021085941,54.473008922088155,-47.117532258035105,5.219454547409688,63.80980579780658,-36.64092853762257,3.263550769865164,66.24251888861073,-33.8937765636027,2.514460208538405,48.0717523082527,-49.061680558836706,99.83253804594857,48.06131833397282,-50.17752132949457,109.69358107126381,48.420692575728594,-49.943501286329344,119.60829053822044,48.8739186974975,-49.311900777226136,129.50177556220703,50.05242663619336,-43.69395770072393,138.32758296853603,29.30243250241021,-44.583057273978035,142.11865593496702,27.111438907165578,-36.438592441341584,113.65615496798338,27.477289291456003,-28.871834069564564,91.37562931261661,26.548306900712245,-24.888390950573513,81.03069656917575,26.548306900712245,-24.888390950573513,81.03069656917575,30.936579484202262,-29.25310317099403,86.4538784506606,30.936579484202262,-29.25310317099403,86.4538784506606,50.05242663619336,-43.69395770072393,138.32758296853603,68.17279192297178,-53.70168266107192,142.47761812883803,73.25706738409696,-51.72872739362009,113.29707131785392,72.67936113168227,-43.4213230717572,91.28651041725408,71.55325971956444,-40.20657498303392,80.69662131648725,71.55325971956444,-40.20657498303392,80.69662131648725,67.91252542105282,-42.245294476553255,87.78938011318613,67.91252542105282,-42.245294476553255,87.78938011318613,49.39046096293267,-47.435518178171165,142.17626504595282,50.05435984202458,-46.143044997446175,149.4805968331834,51.44834520467735,-43.985772789260125,156.47112563514094,53.08585445403911,-42.01129746695858,165.8549175737059
8.19166339,49.6918,-44.8614,91.9501,39.64416032642218,-42.80040296331048,90.94570813687983,34.547981146949304,-37.661422279291706,46.833987046562015,30.242614184215945,-44.215319701704324,7.514589497989405,31.34849178992088,-43.87887907529405,4.086276170753842,23.744343880464008,-31.99264231490252,2.799858179967212,22.290988390849495,-29.543222491181844,2.242982401295226,59.73943967357782,-46.922397036689524,92.95449186312018,58.609723133829576,-42.51460295815209,48.4851856604029,54.92803232997374,-46.86544248229734,8.798662406911177,54.46304715063709,-47.1186632789879,5.219674022643821,63.80000834584057,-36.641910016304735,3.2653563125152587,66.2324878749806,-33.894876599240526,2.515073455555829,48.048021822525534,-49.03406746637823,99.83172054864274,48.03664406426599,-50.15365523280956,109.69233781229688,48.39270562289767,-49.92536890200066,119.6073004727425,48.84307302077605,-49.29738516965033,129.50114627097645,50.001906650654064,-43.67692165099367,138.32795408579338,29.257437170219266,-44.64625885905246,142.12958007902074,27.009273991724196,-36.5347065676293,113.66213896840515,27.30591369546197,-28.998148368681505,91.37035129581056,26.344474185513505,-25.060929811879028,81.010698553776,26.344474185513505,-25.060929811879028,81.010698553776,30.771384893087347,-29.363918980931444,86.45177349830209,30.771384893087347,-29.363918980931444,86.45177349830209,50.001906650654064,-43.67692165099367,138.32795408579338,68.16548186668969,-53.601376753817256,142.48904950929128,73.20177097136997,-51.66166465223526,113.29795445177322,72.62653323011448,-43.45612983475324,91.24914944696343,71.56821744483038,-40.24091796080114,80.6524121597094,71.56821744483038,-40.24091796080114,80.6524121597094,67.88456206133343,-42.20771355690516,87.74331822681702,67.88456206133343,-42.20771355690516,87.74331822681702,49.34989012399478,-47.42087321265284,142.17600921077704,49.99654293510643,-46.12957397198173,149.48209557184776,51.35866716654358,-43.96606011452606,156.47697490384692,52.95484807065341,-41.983526624027945,165.8661872226098
8.19999672,49.6634,-44.8282,91.9522,39.611013784113695,-42.791829160434574,90.9450753898218,34.533827822134114,-37.6471749997644,46.83182546959288,30.244066256222148,-44.214348581841406,7.512937431647373,31.35004012173839,-43.87859905766319,4.084587404388028,23.74910065018485,-31.9904591315634,2.7967950114723195,22.29627810272064,-29.540712036135996,2.239968199146798,59.71578621588631,-46.86457083956543,92.95932461017821,58.58973634569244,-42.493678202477895,48.486283208730406,54.92947582073292,-46.857133568587976,8.799162755775043,54.467138395652064,-47.113466750221846,5.220052915470745,63.80047421821932,-36.633833458810585,3.2638603122928975,66.23228866590571,-33.886162828623256,2.513754839956026,48.02801808984823,-49.00276968452037,99.83455985676447,48.01747821523377,-50.12257520819722,109.69515332473514,48.371478004478206,-49.89653927436616,119.61024137004428,48.82215767966774,-49.26972354391615,129.504147014977,49.965388124097075,-43.64523185421744,138.33042364385287,29.224560181945158,-44.68921331032366,142.13215322831263,26.949576898837318,-36.610171182195295,113.6575987806394,27.22526651262756,-29.09507173009211,91.35829884315602,26.253608360340028,-25.261809409875934,80.96068174834204,26.253608360340028,-25.261809409875934,80.96068174834204,30.68867136708669,-29.50521412563367,86.44176588364193,30.68867136708669,-29.50521412563367,86.44176588364193,49.965388124097075,-43.64523185421744,138.33042364385287,68.16426821047105,-53.514013344605935,142.46961490987889,73.18426507366458,-51.553213312985235,113.27712244401492,72.68255855469202,-43.38434018754001,91.21291376413701,71.6526078009053,-40.154917421037005,80.61770301253654,71.6526078009053,-40.154917421037005,80.61770301253654,67.95046437341955,-42.12002645284698,87.69944229672281,67.95046437341955,-42.12002645284698,87.69944229672281,49.32751922272903,-47.39130455426839,142.1787855918251,49.96108877502539,-46.098618284515524,149.4857728870717,51.28956063225666,-43.92608202342698,156.4843270392734,52.83861570116471,-41.930114383434756,165.87858496951964
8.20833005,49.6306,-44.7994,91.9561,39.573524709760534,-42.78768468729945,90.94624213024757,34.51541595661063,-37.637335460732395,46.83146523025964,30.24133840179244,-44.21769565436419,7.513073853354797,31.347414822820888,-43.882627846780196,4.084690216892017,23.749697375921215,-31.992574993608876,2.795545637774201,22.297410915074636,-29.54249772564565,2.2387730616252313,59.68767529023947,-46.811115312700544,92.96595786975244,58.56542436011602,-42.47710722642272,48.489210810104346,54.92667159261185,-46.85313380432167,8.801496724048668,54.46699182088651,-47.11257492971234,5.222268503674536,63.79666973901551,-36.63002966666194,3.264229752251137,66.22781004791487,-33.88171199102834,2.5143095085954137,48.00362114044581,-48.975854856178614,99.83920012491063,47.99392414722841,-50.09587661432682,109.69976989901583,48.34587666764898,-49.872094927541724,119.61498196030979,48.796876736897005,-49.2464367503904,129.50894627312707,49.92447435695785,-43.617955902906914,138.334690927418,29.187555466674638,-44.736575603515035,142.1365159816816,26.885965536577267,-36.69009173967082,113.65488149799074,27.140864639974158,-29.196488648327175,91.3481013314922,26.15926162566548,-25.46757649706565,80.91353710861551,26.15926162566548,-25.46757649706565,80.91353710861551,30.602346132965387,-29.65097092739916,86.43411333352266,30.602346132965387,-29.65097092739916,86.43411333352266,49.92447435695785,-43.617955902906914,138.334690927418,68.15848855177751,-53.430900942830924,142.45195031037483,73.16199758239873,-51.449224013378405,113.25803697954903,72.73327584210224,-43.31775546079288,91.17847812780315,71.73154186189097,-40.07444398276313,80.58480451945394,71.73154186189097,-40.07444398276313,80.58480451945394,68.01105208606505,-42.03767093880562,87.65744522154017,68.01105208606505,-42.03767093880562,87.65744522154017,49.30076641878678,-47.36609823304594,142.18335882331164,49.921247242524736,-46.07212992005972,149.49124230998964,51.21597501325445,-43.890965504327404,156.4934357730228,52.71772583493375,-41.88224821281381,165.8926559427369
8.21666338,49.5883,-44.771,91.9595,39.52663384311284,-42.78375943972386,90.946917206869,34.48760891672354,-37.62753742043116,46.830642380802956,30.22900886857585,-44.220998161088396,7.512766283773907,31.33518693742219,-43.886631683720424,4.084346971260351,23.740891976850165,-31.994537986927483,2.7938615747804105,22.28918236702792,-29.544106071383073,2.2371453805385837,59.64996615688715,-46.75824056027614,92.97208279313101,58.53170761850703,-42.46106341625627,48.49166160937587,54.914440753541506,-46.84946205948416,8.803349507880064,54.45742279895645,-47.111988759726394,5.224005410919446,63.78367049901414,-36.626727119423656,3.264170425119742,66.21419576842244,-33.87781150417697,2.5144481601304784,47.969650103659134,-48.94929313385778,99.84334055870822,47.960781983291014,-50.069533687062965,109.70388625860717,48.310711448493755,-49.84802002228177,119.61922085236134,48.76205874978172,-49.22351585311452,129.5132422388711,49.87411814095605,-43.59110786645927,138.33845305382408,29.141355810997013,-44.78396177995112,142.14038079518093,26.813411656935862,-36.77014160597171,113.6516798090936,27.047731208042887,-29.298153275605806,91.33742456768245,26.056485061132342,-25.67398904889622,80.86692670153789,26.056485061132342,-25.67398904889622,80.86692670153789,30.50740611948665,-29.797013461864353,86.4264700439475,30.50740611948665,-29.797013461864353,86.4264700439475,49.87411814095605,-43.59110786645927,138.33845305382408,68.14288751779183,-53.34843314006563,142.43377450653446,73.1298299238257,-51.34622991310491,113.23842711492343,72.77379004172339,-43.25291342522206,91.14356422624914,71.8002278566524,-39.99601684111039,80.55143213950355,71.8002278566524,-39.99601684111039,80.55143213950355,68.06146906611023,-41.9570732539599,87.61503541301272,68.06146906611023,-41.9570732539599,87.61503541301272,49.26450864665516,-47.34125527900997,142.1874266495503,49.87192850293821,-46.04612108465742,149.49620083126587,51.13287680630004,-43.85674772031441,156.5019959431896,52.58720185391751,-41.835993703757985,165.9060925157926
8.22499671,49.5488,-44.7433,91.9641,39.48256453360433,-42.78074026872875,90.94879824866179,34.46250185664487,-37.61875849954954,46.8310351913165,30.21947896252742,-44.22541503259319,7.51369008938488,31.3257502396954,-43.89172965740098,4.085234493158504,23.734671339955177,-31.997727368804966,2.7934172859687263,22.283495840777817,-29.546965894889077,2.2367592639687217,59.61503546639567,-46.70585973127125,92.97940175133822,58.500793388162265,-42.44557475862686,48.495331132824056,54.90511597369635,-46.846482851627094,8.806442365587642,54.45077050739474,-47.112108982612135,5.2269867087329445,63.77336984939778,-36.62394129593837,3.265344263052027,66.20322221047427,-33.87437742231314,2.5158179941154413,47.9385660005718,-48.92343108632083,99.8486896229772,47.93056047857782,-50.04387446225116,109.70921301645646,48.278486639310934,-49.82461348089632,119.62466817742273,48.7301873674393,-49.20123201438286,129.5187442353382,49.82659096787607,-43.564903586275406,138.34341095660633,29.09828091035322,-44.832412987392935,142.14545920949266,26.74389917892443,-36.85143130870215,113.6497132156234,26.957543502198913,-29.401155277621136,91.32799183478379,25.95680942741192,-25.882151970479153,80.82258332931633,25.95680942741192,-25.882151970479153,80.82258332931633,30.41553948275463,-29.944294907437794,86.42055365855751,30.41553948275463,-29.944294907437794,86.42055365855751,49.82659096787607,-43.564903586275406,138.34341095660633,68.1301300280945,-53.26608851752639,142.4167950092986,73.10031188473351,-51.2436013234623,113.21998765812091,72.81628477109152,-43.189275713046825,91.10983908783487,71.87070145014403,-39.91917501663468,80.5192406888144,71.87070145014403,-39.91917501663468,80.5192406888144,68.11384071463084,-41.87790351066262,87.573879648705,68.11384071463084,-41.87790351066262,87.573879648705,49.23116249457541,-47.31700970054031,142.192695530716,49.82550295112786,-46.020793180977016,149.50235309168397,51.05255871480209,-43.823575661442085,156.51170975454417,52.4592727765842,-41.79143383177393,165.92059362134248
8.23333004,49.5039,-44.7165,91.9701,39.43114260484876,-42.78843248408626,90.95339506615531,34.43335038080839,-37.617943607027925,46.83409974191495,30.220277275454436,-44.22115667535365,7.512955660476585,31.327366124215395,-43.8876273902818,4.084748790909262,23.736724250626185,-31.993596399630952,2.790629885881115,22.285118495655496,-29.54284617245382,2.235045201942471,59.576657395151244,-46.64456751591375,92.9868049338447,58.46783579107995,-42.43611328162875,48.49766547421619,54.90316587575514,-46.84170573437864,8.806499413932052,54.45105075084924,-47.108877716483384,5.226876404534337,63.771015844952906,-36.61808725582759,3.2667419307538603,66.20026624579899,-33.867969073063335,2.51729807667364,47.90740201706193,-48.89837416213933,99.85655837096768,47.90408474786305,-50.014386311945685,109.71758696425395,48.25179645504696,-49.79409928868639,119.63302690590409,48.703476914844984,-49.170877693612624,129.52711396060855,49.78770423769731,-43.53184564763361,138.3515578775249,29.063316103853932,-44.86905562192802,142.15110979879918,26.71140863371799,-36.9230538098763,113.64538567021775,26.960379614469577,-29.4859351175339,91.31964310145298,25.947706342767727,-26.120649446717827,80.76512719453216,25.947706342767727,-26.120649446717827,80.76512719453216,30.406353955446967,-30.112273555512274,86.41366233152162,30.406353955446967,-30.112273555512274,86.41366233152162,49.78770423769731,-43.53184564763361,138.3515578775249,68.124582057726,-53.18584420425173,142.3869280615545,73.09566160642825,-51.10958008860935,113.1940485002202,72.88581138725745,-43.069544823424614,91.07787120711416,71.95593469931839,-39.82686634752509,80.47745487198706,71.95593469931839,-39.82686634752509,80.47745487198706,68.19015355420494,-41.7384301901516,87.54027065582532,68.19015355420494,-41.7384301901516,87.54027065582532,49.20673641223665,-47.28615815249494,142.20090082062848,49.791995545742175,-45.98750757789553,149.51085909234527,50.983838959375,-43.77900614962955,156.52274487444606,52.33792414894819,-41.72645565234475,165.93491945006218
8.24166337,49.4573,-44.6907,91.9761,39.37814157459781,-42.79711651546802,90.95802248195342,34.402452965113106,-37.61809814424487,46.837229268073216,30.219157376190758,-44.21783882711311,7.512323157255906,31.327046238792637,-43.884464262983826,4.08435969308154,23.73686693771895,-31.99038263652642,2.787994991031619,22.284834561401496,-29.539639704686895,2.233494003598314,59.53645842540218,-46.58428348453198,92.99417751804658,58.43320760067685,-42.42771368678745,48.50002208854977,54.89952921287765,-46.837968652729245,8.806602635484424,54.449645187371985,-47.10668451208006,5.226814095063611,63.76702331869208,-36.613315091576375,3.2681860132583207,66.19568465562757,-33.86265432100575,2.5188242479416214,47.874544916063584,-48.87424781457117,99.86444057213367,47.87591792844286,-49.98578697468059,109.72597482653751,48.22344890528227,-49.76445117336308,119.6413977486116,48.675152999336866,-49.14136124436605,129.53549201702225,49.74724832265373,-43.49962841361365,138.35969192580336,29.027026217653923,-44.90645130256468,142.15682691400175,26.677558497275804,-36.99555318498944,113.64113975685532,26.961911120405343,-29.571846807055312,91.31135629530023,25.936253824850105,-26.360923307677915,80.71010833932428,25.936253824850105,-26.360923307677915,80.71010833932428,30.395369794624965,-30.281349192224262,86.40792339473296,30.395369794624965,-30.281349192224262,86.40792339473296,49.74724832265373,-43.49962841361365,138.35969192580336,68.11727809235853,-53.10633364251206,142.35696721594974,73.08900539249112,-50.976822035499524,113.16803387454935,72.95248568713735,-42.952076682680115,91.04573004713451,72.03758424629034,-39.73707241238668,80.43558566892763,72.03758424629034,-39.73707241238668,80.43558566892763,68.26356403385435,-41.601266143433925,87.50666082925599,68.26356403385435,-41.601266143433925,87.50666082925599,49.180751124147086,-47.25608226714858,142.20910259009298,49.75694595472879,-45.955053878697925,149.51935813638931,50.91348464566866,-43.73571789895093,156.53373462812823,52.214655932494836,-41.66361670669876,165.94908860011495
8.2499967,49.4076,-44.6772,91.9808,39.3221260954144,-42.81829786189438,90.96135222258859,34.368426309715325,-37.63063397782963,46.83910042024813,30.21501427267226,-44.22671548644078,7.5104129660207235,31.323703341589386,-43.89345516147642,4.082697116089705,23.73377460059115,-31.9994523878208,2.784143795335664,22.281272005203398,-29.54874034943621,2.2307388800984675,59.49307390458561,-46.53610213810562,93.00024777741142,58.39561640648941,-42.43131688400575,48.50114186158883,54.89314786944003,-46.846129039146554,8.80546290944342,54.44551454920219,-47.11638282500876,5.225508001146393,63.76010265642471,-36.620241893590574,3.2684604951833043,66.18812301200735,-33.86898764476507,2.519200306199558,47.838653590738836,-48.86241596949327,99.87101402802642,47.844705135718534,-49.969479006573145,109.73305001716857,48.19204735806232,-49.747103221884224,119.64845628374994,48.64376877694005,-49.12414596200848,129.54255811527034,49.703625748986845,-43.47972732309215,138.36651885710606,28.987835916093424,-44.956519897251646,142.16126840513908,26.64071749788582,-37.080771215067834,113.63565991967482,26.96043679974502,-29.670626776867486,91.30185054435717,25.920728945969927,-26.614630719504994,80.65627134418928,25.920728945969927,-26.614630719504994,80.65627134418928,30.380931461441385,-30.463128514080335,86.40207059232654,30.380931461441385,-30.463128514080335,86.40207059232654,49.703625748986845,-43.47972732309215,138.36651885710606,68.10676406201429,-53.03872859409493,142.3256833867194,73.07895476231985,-50.85620097590703,113.14074524260742,73.01485087450844,-42.847582582635354,91.01226982376038,72.11417690247144,-39.66043920420482,80.3925069115158,72.11417690247144,-39.66043920420482,80.3925069115158,68.33260564625512,-41.477177636468554,87.47189467153137,68.33260564625512,-41.477177636468554,87.47189467153137,49.15167271543402,-47.238284053534265,142.21598976163307,49.71876867525119,-45.93495112029929,149.52654630269095,50.83984577584715,-43.70523433313116,156.54338752121942,52.08775707673583,-41.61445122807744,165.96182071783636
8.25833003,49.3566,-44.6529,91.9869,39.26496254102045,-42.82850996151222,90.96610168789947,34.33322422237339,-37.632046295086184,46.84242522310449,30.209473694043723,-44.22439515893705,7.509990798988504,31.318955945890725,-43.8912730118177,4.082518171594508,23.72951641008701,-31.99719435014293,2.78180247542093,22.276591365320172,-29.546484365542398,2.2294985096841935,59.44823745897955,-46.47729003848779,93.00769831210054,58.356839649216134,-42.42426829036594,48.50369885384853,54.88552221615971,-46.84357669965213,8.805783944466064,54.44013812183623,-47.11536207839208,5.225664454836307,63.75212798848521,-36.61662201835834,3.2701944665037566,66.17955823512575,-33.8648196427327,2.521035135789849,47.801392406335644,-48.83969952099058,99.8789936427631,47.812092118229245,-49.94225667374097,109.74153045037424,48.15926758524872,-49.71883706188155,119.65691909190194,48.61104473265658,-49.096006424340175,129.5510263505898,49.658783431598565,-43.448935154236544,138.37473710259826,28.94763746691224,-44.99532318651592,142.16711178386072,26.60298271143372,-37.15467123042277,113.63163399530731,26.95825284270005,-29.75822947869049,91.29381998437371,25.90350746415709,-26.857624468555354,80.60632899759457,25.90350746415709,-26.857624468555354,80.60632899759457,30.365297727018007,-30.633656905697205,86.3987859406936,30.365297727018007,-30.633656905697205,86.3987859406936,49.658783431598565,-43.448935154236544,138.37473710259826,68.09470051084136,-52.960392202754775,142.29572359855518,73.06718561296022,-50.72540760814246,113.11480590546248,73.07480000827829,-42.7338688397913,90.98006505821233,72.18768620384445,-39.57479538032966,80.35077793223009,72.18768620384445,-39.57479538032966,80.35077793223009,68.39920894723453,-41.343835047924436,87.43854834925048,68.39920894723453,-41.343835047924436,87.43854834925048,49.12131864383725,-47.20952668636138,142.22427084351125,49.679344461582104,-45.90396471137091,149.53512760716688,50.76490588084012,-43.664347393271235,156.55439980419604,51.95932143667211,-41.55578403021784,165.97580482204637
8.266663359999999,49.2939,-44.6239,91.9996,39.1960903036223,-42.83382103992732,90.97909450641086,34.28707463884598,-37.670133924217744,46.84903669063143,30.18911067129154,-44.227389924561045,7.508041980830477,31.303154402920647,-43.89200612588271,4.082269934239814,23.711130146139176,-32.0000090725391,2.7776110639949145,22.256564236465334,-29.549554469293682,2.2285022070748566,59.3917096963777,-46.413978960072676,93.02010549358914,58.3059114801941,-42.43358454981167,48.509414588790825,54.8741626645359,-46.844430633506015,8.8071184765735,54.43039129750824,-47.11659218476134,5.226827300226987,63.741854301886185,-36.61679489301065,3.274527489684113,66.16916499431579,-33.864801821852765,2.5256813383847057,47.753741553836406,-48.81117120511139,99.89439415628146,47.77126257196529,-49.911966192389436,109.75711804222226,48.1206348641086,-49.689375949549216,119.67244817417827,48.57339933039109,-49.071182393338134,129.56680111439275,49.609374699597154,-43.42652417576567,138.39344432612336,28.901013237215842,-45.04365178638483,142.17149311807054,26.6093531128367,-37.22362494423348,113.62605222635611,27.00307957278761,-29.84555967121821,91.28280638914927,25.965835186524693,-27.12809981968675,80.54558156756038,25.965835186524693,-27.12809981968675,80.54558156756038,30.403565195103017,-30.830059705316263,86.40395985253971,30.403565195103017,-30.830059705316263,86.40395985253971,49.609374699597154,-43.42652417576567,138.39344432612336,68.07921661961898,-52.88762414770683,142.27642199929372,73.05890857087284,-50.578045343290405,113.10254266423085,73.10201546216673,-42.58998740978182,90.96658606672115,72.25341873924384,-39.45373403807914,80.32740098415059,72.25341873924384,-39.45373403807914,80.32740098415059,68.43838458910474,-41.21970679444567,87.40167871483148,68.43838458910474,-41.21970679444567,87.40167871483148,49.0854408291693,-47.19112100442552,142.24092806345905,49.63607403956939,-45.882898081045575,149.55186968221432,50.68773663724171,-43.62724911261444,156.5711691497091,51.83095580335988,-41.48583433219743,165.99151591417757
8.27499669,49.2478,-44.594,92.0052,39.143909128315826,-42.838393939731944,90.98499834138178,34.257595421930205,-37.70736007642736,46.848612760928894,30.185490845843447,-44.22932939865959,7.499068161641922,31.30408628768931,-43.89163702978514,4.075006546383571,23.70930108493943,-32.00182543687779,2.7665039635594084,22.25305003152561,-29.551653795193058,2.2206082953085113,59.35169087168417,-46.34960606026806,93.02540165861822,58.27179465854872,-42.44172760122718,48.508141945466285,54.87980437792723,-46.84396257246468,8.80147362786272,54.4376624661629,-47.11649249070424,5.221008879100944,63.74843411754881,-36.61547935094962,3.2719539043890347,66.17558338009404,-33.863253398983716,2.523440453440054,47.72274150241774,-48.781727160281534,99.90268319178284,47.747094448821905,-49.88074876085407,109.76559034413282,48.09867569272702,-49.65898995047228,119.68086102623485,48.55245913059459,-49.04543952962586,129.57545629400585,49.57662519387457,-43.403222633934824,138.4050380577591,28.871326599495596,-45.09140213302031,142.1687661213253,26.632480865074992,-37.29172536705156,113.61356810478416,27.06449017261582,-29.93176938262002,91.26505768226542,26.042413731668994,-27.398230338345122,80.48150536909607,26.042413731668994,-27.398230338345122,80.48150536909607,30.45723163787516,-31.024846729893508,86.40396998759384,30.45723163787516,-31.024846729893508,86.40396998759384,49.57662519387457,-43.403222633934824,138.4050380577591,68.0803384121376,-52.813560402989765,142.24992154735617,73.06680467370423,-50.42935244343114,113.08320372947622,73.14531744227753,-42.44461921948654,90.9461449065972,72.33537153906175,-39.331007419949586,80.29730130616282,72.33537153906175,-39.331007419949586,80.29730130616282,68.49381475911058,-41.09406643669449,87.35793974497624,68.49381475911058,-41.09406643669449,87.35793974497624,49.0662960624896,-47.17179241588369,142.25046041014664,49.6094962387414,-45.86097495602426,149.56149335070626,50.627011799204595,-43.58975088573564,156.58080348840903,51.71840935649799,-41.41637454790537,165.99997686787782
8.28333002,49.1954,-44.5653,92.0124,39.085578778271824,-42.84397865017769,90.99252624048836,34.22219838358077,-37.74544569511268,46.84984173792723,30.175856964843756,-44.232056916968816,7.491795855674596,31.29900750496092,-43.89208520356115,4.069451346143566,23.701705391952416,-32.00430878457294,2.7570743363539876,22.243811455525677,-29.554402191260934,2.2143835965430876,59.305221221728175,-46.28662134982231,93.03227375951164,58.231592916491095,-42.451242319728706,48.508557694837606,54.87932838832276,-46.84471647541636,8.797545531125522,54.438815970818276,-47.11760111247134,5.216906952815261,63.74909909511281,-36.61554801865613,3.271124344155546,66.17614096600208,-33.863134774924845,2.5229514281241388,47.68536026211697,-48.753390493349855,99.91257600842074,47.716535206657376,-49.85059880939448,109.77566584246541,48.070363904011245,-49.62965260714744,119.69087471918816,48.525238492088974,-49.02073058594721,129.58570580019295,49.53776333664294,-43.38098628577822,138.41820937584308,28.835748619752042,-45.139719051820165,142.16766727789815,26.649884205322763,-37.360206826594585,113.60286537171828,27.12032443090674,-30.018249710457646,91.24921121990322,26.111185909020648,-27.66932055242825,80.42273293354117,26.111185909020648,-27.66932055242825,80.42273293354117,30.504107679115542,-31.21952284875731,86.40745120015407,30.504107679115542,-31.21952284875731,86.40745120015407,49.53776333664294,-43.38098628577822,138.41820937584308,68.07498273189535,-52.740753064867896,142.2249470570246,73.06783782487067,-50.28210263919743,113.06550334242502,73.18189727468761,-42.30059002505705,90.92743772972467,72.41082045022169,-39.209439251968064,80.26916919024478,72.41082045022169,-39.209439251968064,80.26916919024478,68.54272833771662,-40.969602123300525,87.31602954286443,68.54272833771662,-40.969602123300525,87.31602954286443,49.04098854212462,-47.15346445796865,142.26157383109293,49.576775685064476,-45.840109742952116,149.57269843901094,50.55999391587182,-43.55377936976609,156.59199233781266,51.59905185600761,-41.3493423896424,166.00986665658036
8.29166335,49.1287,-44.5347,92.0239,39.01304168115207,-42.847808701520435,91.00437592797597,34.172677703798755,-37.78171746961518,46.8554269207034,30.152235452210405,-44.23283475116359,7.48889405824076,31.27994562825119,-43.890551262125676,4.068279842111426,23.680008323543724,-32.00488359846963,2.7520662752322202,22.22044039125846,-29.555264756289883,2.212585725089337,59.24435831884794,-46.22159129847957,93.04342407202402,58.17725752977134,-42.45865326808132,48.51337022593785,54.864835451237,-46.84332787983391,8.798042351014168,54.42596288990672,-47.116569178512684,5.217229606509404,63.73560677429222,-36.61333843197448,3.2747477839694357,66.16250249709209,-33.86070194191408,2.526922186758675,47.63373264164707,-48.72312538134257,99.92676456779341,47.67175086803276,-49.81849656627603,109.7900345946192,48.02785242404041,-49.59835276004548,119.70517995042651,48.48386362879886,-48.99405285977873,129.60024207514672,49.48472087974287,-43.35679938015013,138.4356650823178,28.786260677925988,-45.18631994317667,142.170847624479,26.653289013907724,-37.42674078469804,113.5966269911214,27.162060371354446,-30.102552884952562,91.23798379536679,26.163534521691904,-27.93880354002036,80.3720003732036,26.163534521691904,-27.93880354002036,80.3720003732036,30.53572669623874,-31.411439748517427,86.4171045167259,30.53572669623874,-31.411439748517427,86.4171045167259,49.48472087974287,-43.35679938015013,138.4356650823178,68.055372693213,-52.665614695450856,142.20419762012096,73.05416172542573,-50.13252101815776,113.05214338249498,73.20368210503108,-42.15408581086013,90.91317959601581,72.47159993204089,-39.08522096256352,80.24572511681866,72.47159993204089,-39.08522096256352,80.24572511681866,68.57701243731803,-40.84262244236896,87.27866753365174,68.57701243731803,-40.84262244236896,87.27866753365174,49.001571851790025,-47.13314737425887,142.27696563501854,49.52991920490298,-45.81731394240746,149.58818598162148,50.478616822625085,-43.516333182636195,156.60744319843516,51.464753764415505,-41.28173545507441,166.02389940097822
8.29999668,49.072,-44.4911,92.0327,38.951583170212146,-42.83318550537096,91.01286789134407,34.105116129989455,-37.777639052398385,46.86337967755079,30.143309963903963,-44.22891512792785,7.490928539862296,31.27428179287785,-43.88740124378324,4.0713144048166585,23.6675277287927,-32.00755867817822,2.741955828298189,22.20665053469674,-29.559193555569895,2.200332033524144,59.19241682978786,-46.14901449462904,93.05253210865594,58.130680704063764,-42.47269177214293,48.51511559299503,54.867846856456026,-46.83885353441156,8.793643736597154,54.431135590551875,-47.11311681654577,5.212644886289413,63.738180018673404,-36.607061032250144,3.2729859290908694,66.16450627157865,-33.85376610956398,2.5257365712635367,47.58971044792964,-48.67532732607654,99.94017509145856,47.636518206663624,-49.77197983961551,109.80326493889841,47.99814031241756,-49.55747827298512,119.71833415554754,48.45824370489044,-48.96398241997559,129.61386074997876,49.44564844787639,-43.33271658971149,138.45461404188939,28.749124072616542,-45.24082262978851,142.16109471283545,26.700982210405645,-37.48777159344274,113.57889682358842,27.248465564627683,-30.18422997381012,91.21441507177614,26.283922356775978,-28.216242188307753,80.30821769105886,26.283922356775978,-28.216242188307753,80.30821769105886,30.625858293510195,-31.598402926530092,86.42598949261269,30.625858293510195,-31.598402926530092,86.42598949261269,49.44564844787639,-43.33271658971149,138.45461404188939,68.04563550764814,-52.59127263770254,142.20222796577906,73.05756214741949,-49.96918629611951,113.0602998172362,73.1958592262683,-41.99397031986429,90.92010319909241,72.54314338868873,-38.90218576007725,80.25411561696484,72.54314338868873,-38.90218576007725,80.25411561696484,68.593464663213,-40.730416923606704,87.2381087106032,68.593464663213,-40.730416923606704,87.2381087106032,48.977585080181534,-47.11471598141362,142.29222063675903,49.4977807135069,-45.79772637474747,149.60381734209656,50.412972932077494,-43.479040061379436,156.6216965435197,51.34916006704571,-41.200392808416495,166.0326933467964
8.30833001,49.0083,-44.4527,92.0443,38.88319915533929,-42.82381374532933,91.02418370035767,34.03031958290432,-37.778758335671796,46.87419980433649,30.126824227366555,-44.22969736868619,7.495869604953654,31.261039168734808,-43.888913650885314,4.07725690854319,23.647431136487985,-32.014925034235326,2.734897767711917,22.18523474698563,-29.567816297344116,2.1911599326691515,59.133400844660706,-46.08158625467067,93.06441629964235,58.07735790258764,-42.49182178520495,48.51980420560499,54.864082296507355,-46.839279455102435,8.792241338272966,54.42953401427987,-47.11455358561421,5.211056927064278,63.733929806672734,-36.6056251100159,3.2742548635428355,66.15967381190218,-33.85165863080094,2.5275900980330723,47.5386872098811,-48.63269616162687,99.95637768480591,47.59431684324803,-49.730595918525665,109.81928296206033,47.96151454083856,-49.52170956378162,119.73426714672175,48.42579601343338,-48.93899644034357,129.63023941681115,49.39979729847826,-43.31376010368309,138.4763164795235,28.705547851807033,-45.30045784803082,142.15409580291302,26.74216298473428,-37.553484526930156,113.56430311625815,27.328250954057197,-30.270131061289586,91.19421671886673,26.39609165795377,-28.498553787421557,80.25159117285327,26.39609165795377,-28.498553787421557,80.25159117285327,30.70843473953844,-31.78894915893062,86.43993070778707,30.70843473953844,-31.78894915893062,86.43993070778707,49.39979729847826,-43.31376010368309,138.4763164795235,68.02902501586482,-52.52186706257287,142.20292750395333,73.05324549024675,-49.810443417015335,113.07129328822295,73.18089735210725,-41.837902449140884,90.93006934378556,72.60690563809135,-38.72076749341501,80.26693359434971,72.60690563809135,-38.72076749341501,80.26693359434971,68.60379837440445,-40.621358755725765,87.20101145970493,68.60379837440445,-40.621358755725765,87.20101145970493,48.94686359901121,-47.10135466434037,142.31021861702862,49.45889082944549,-45.78328050278944,149.62219647000694,50.340306338500056,-43.44733125145663,156.63867416883102,51.225681328171454,-41.12548466101885,166.04402796465055
8.31666334,48.9422,-44.419,92.0547,38.81252252537177,-42.81898179359655,91.03433202265708,33.95306694932289,-37.78425205862771,46.88389272416053,30.107459081631404,-44.234337837245725,7.499727463659973,31.244903014134476,-43.89427439023562,4.082116017632271,23.624651265048175,-32.026010897354176,2.7268869063434376,22.16117635578137,-29.580131426203046,2.181061762686617,59.07187747462823,-46.019018206403445,93.07506797734291,58.02189969563482,-42.51573494238871,48.5234276564109,54.858014282190574,-46.84430020478678,8.78983819422217,54.42562005495241,-47.12057111293065,5.2084698159113785,63.72749699061829,-36.60888601937356,3.274530063070878,66.15269268925371,-33.85427769268915,2.528452044710038,47.48518200411283,-48.59470514863509,99.97137152443646,47.54964907230111,-49.693821821544624,109.83408745752769,47.922487887396684,-49.49053376984707,119.74897748346318,48.39105155848526,-48.91859402374912,129.64537642718858,49.35182003855665,-43.29945133086723,138.49677185789517,28.660139493368987,-45.36427769161294,142.1458590253758,26.781603984834838,-37.62294108406947,113.54883936402152,27.406339971543844,-30.359370098197672,91.17336744229186,26.50497626813572,-28.784741589202135,80.19809754293627,26.50497626813572,-28.784741589202135,80.19809754293627,30.788351076273255,-31.98221553361372,86.45488676597917,30.788351076273255,-31.98221553361372,86.45488676597917,49.35182003855665,-43.29945133086723,138.49677185789517,68.00995937036235,-52.4573711526686,142.20235279107996,73.04581209593249,-49.65645047905601,113.08119635204929,73.16372550446735,-41.686131054356956,90.93911860545214,72.66789122636087,-38.54127093321858,80.28020383808524,72.66789122636087,-38.54127093321858,80.28020383808524,68.61296986285569,-40.51557080801286,87.16339375947639,68.61296986285569,-40.51557080801286,87.16339375947639,48.913982373367425,-47.09257647763479,142.3269581316815,49.41785446391549,-45.773503260760236,149.63932233673796,50.265277167614364,-43.42075874106209,156.65437611335193,51.099041586798656,-41.05659972720784,166.05390426836664
8.324996669999999,48.8744,-44.3835,92.0665,38.74019383064952,-42.812561758382145,91.04591528126222,33.873792120683405,-37.78824046089322,46.89505535592398,30.08586082400802,-44.23723111592642,7.505121670869862,31.22651043300583,-43.89784180321989,4.088511771054882,23.599405180924293,-32.03544605227519,2.7205229108519386,22.134606465865822,-29.590821192190422,2.172632134584827,59.008606169350486,-45.95443824161785,93.08708471873778,57.964908433392665,-42.53764931190908,48.52857991106077,54.85041889526339,-46.84716472037734,8.789017614137343,54.4201826550157,-47.124426258115044,5.207465902815997,63.719323410924986,-36.60978820961758,3.276422425605784,66.14391381995715,-33.85448601738912,2.5309394965388092,47.430051637393206,-48.55489412386954,99.9877645344845,47.50342018744871,-49.655178351467285,109.85028808146589,47.88196618472948,-49.457441071647715,119.76507410722118,48.354903312341854,-48.896229351443154,129.66187919365342,49.302412671547906,-43.283192212701195,138.51857619870674,28.613669749323137,-45.42647234688689,142.13897057011152,26.81968660950973,-37.69036506254931,113.53510736565462,27.48276494257375,-30.44611957646599,91.15447429369748,26.610474137589257,-29.068888678038444,80.1503475843752,26.610474137589257,-29.068888678038444,80.1503475843752,30.865673142534998,-32.17220369478175,86.4734218436994,30.865673142534998,-32.17220369478175,86.4734218436994,49.302412671547906,-43.283192212701195,138.51857619870674,67.98951835908801,-52.39043515772045,142.2030294557183,73.03604538741274,-49.49970088032128,113.09249971251614,73.14462715187413,-41.5311335140315,90.949743642656,72.72611395663505,-38.356216990437844,80.2964243193424,72.72611395663505,-38.356216990437844,80.2964243193424,68.62116132402272,-40.4057021261102,87.12778767642065,68.62116132402272,-40.4057021261102,87.12778767642065,48.87978012456864,-47.08179243210017,142.34504260982493,49.37547014330908,-45.761772368368185,149.65779516540658,50.18861210905715,-43.392657708175,156.6713967632233,50.96990672341601,-40.987036222021494,166.06491072112692
8.33333,48.8016,-44.3462,92.0784,38.66317726476487,-42.80127101162694,91.05999258027451,33.81782740925117,-37.824638521481184,46.90141678705288,30.06776868358496,-44.24410159262133,7.503036958406085,31.2140316261757,-43.90319574741615,4.088457289581799,23.58361585090642,-32.04403080434571,2.710951228044945,22.11737360294363,-29.59998480466866,2.164340665897044,58.94002273523513,-45.89112898837307,93.0968074197255,57.90886264495501,-42.5691619405392,48.530841189301185,54.84767974255345,-46.85233033789942,8.784289044393084,54.41833623425584,-47.12843258775131,5.2025406524608115,63.718416140657965,-36.61358027019992,3.2771951056512316,66.1429151341377,-33.85845189397854,2.530773052952154,47.370614135459014,-48.51153823667991,100.00527452808711,47.454572422033415,-49.61443622366138,109.86742166128421,47.84169557132358,-49.42348908134269,119.78200959505756,48.321566363751536,-48.87372550787886,129.67912347114623,49.254828798265386,-43.26717724979113,138.54144143001335,28.56682925029524,-45.486411174997436,142.12008144102322,26.872034199808326,-37.75663182053662,113.50845963260075,27.57853668392607,-30.5303038040415,91.12336325402885,26.721915958491103,-29.298380595723277,80.10079427159891,26.721915958491103,-29.298380595723277,80.10079427159891,30.972813892795603,-32.31025991902513,86.47080215603333,30.972813892795603,-32.31025991902513,86.47080215603333,49.254828798265386,-43.26717724979113,138.54144143001335,67.96728597294249,-52.324089279968916,142.22128922625393,73.02877362516001,-49.35542896051383,113.12120124882433,73.10507967926358,-41.367980321102024,90.98511433494396,72.7713048024804,-38.140713005851715,80.34454100272123,72.7713048024804,-38.140713005851715,80.34454100272123,68.61337331421072,-40.302889595702446,87.10879623792052,68.61337331421072,-40.302889595702446,87.10879623792052,48.84800061643487,-47.071473881134956,142.36395958735602,49.33692938144004,-45.75087878399403,149.67706349436145,50.11484660189093,-43.36404244567637,156.68865165930043,50.83952223673852,-40.91570448700165,166.07566539907788
8.34166333,48.7184,-44.3091,92.0932,38.57582653719702,-42.790175371329575,91.07700792462104,33.75158867287793,-37.86112281903336,46.910784719380004,30.039162321238265,-44.250920368260594,7.5040193414205945,31.19101271543176,-43.90848246713312,4.091473840351386,23.55728331477658,-32.05254995509828,2.704534509433154,22.089586481967075,-29.60908798782579,2.159218173391568,58.86097346280299,-45.82802462867043,93.10939207537895,57.84259293748505,-42.60087131676311,48.536165976552546,54.83468564122083,-46.857586051020895,8.782705082458904,54.40623226113246,-47.1325243317074,5.2007605705346895,63.707226177475164,-36.61743720574232,3.2811210466867267,66.13162698081265,-33.86247662127212,2.533761332498057,47.300763699364246,-48.46833161259681,100.02567771294663,47.39535684254034,-49.573795434408446,109.88744129337836,47.791127625410596,-49.38959505672239,119.80181544148708,48.27803089319046,-48.85124350090859,129.69921317273838,49.19713718348422,-43.25123964324364,138.56714653780605,28.510221900855377,-45.5462234552047,142.10403418546665,26.914655676071316,-37.82208024108307,113.48518547224852,27.66470928631892,-30.613306727768244,91.09584635168747,26.824492970992125,-29.52674099825373,80.05673985298174,26.824492970992125,-29.52674099825373,80.05673985298174,31.070468502638168,-32.44687066414711,86.4725862720286,31.070468502638168,-32.44687066414711,86.4725862720286,49.19713718348422,-43.25123964324364,138.56714653780605,67.93478175656156,-52.257835564129664,142.24231926992425,73.01047186980227,-49.21100916396732,113.15278609385516,73.05449072117865,-41.20472212162541,91.02341799676861,72.80331777235914,-37.92158147352666,80.39767753007892,72.80331777235914,-37.92158147352666,80.39767753007892,68.59599307860245,-40.19836245694373,87.09344022215662,68.59599307860245,-40.19836245694373,87.09344022215662,48.80613680970643,-47.061169374630026,142.38570401957892,49.28829734721603,-45.74006364155405,149.69916505800677,50.03070786049495,-43.3360056652892,156.7087187798232,50.697897337070664,-40.84598381533689,166.08902740350433
8.34999666,48.6495,-44.2689,92.1027,38.50284249091699,-42.775973073024495,91.08875454087472,33.69981465287898,-37.89433299412577,46.91495443292474,30.024812395289153,-44.254275861955996,7.499852443780462,31.182238835213983,-43.910284768107616,4.089350426904364,23.545232485537305,-32.05756034914022,2.6930628981295017,22.07607948707018,-29.61468189845307,2.149054968809148,58.79615750908302,-45.76182692697551,93.11664545912528,57.7908550268892,-42.62939779658672,48.53636554846987,54.83625815771032,-46.859412549576376,8.776057297399575,54.408698242142115,-47.13316979297562,5.193915572971889,63.710552696589524,-36.617792546973014,3.2800435598718507,66.13484156681503,-33.86298362710104,2.531762256955237,47.2451931415928,-48.42198620069362,100.04076652854073,47.350458739601784,-49.52998447390812,109.90213752961505,47.75493986344996,-49.352502247243436,119.81628268288311,48.248966965210904,-48.82554120844884,129.7139404020972,49.15399996919316,-43.23214974319938,138.58749261776467,28.46851288004023,-45.602756593353725,142.08260862249023,26.97220669487667,-37.88351310784597,113.45707684661421,27.765929811133628,-30.691891041381492,91.06372788073017,26.942840771703562,-29.750662869356347,80.00999209628968,26.942840771703562,-29.750662869356347,80.00999209628968,31.18328947641536,-32.57875057879083,86.47056989121,31.18328947641536,-32.57875057879083,86.47056989121,49.15399996919316,-43.23214974319938,138.58749261776467,67.91667550545642,-52.18841415148581,142.25795899273254,73.00592199023085,-49.063171103104224,113.17911534746781,73.01769228975925,-41.038048733702254,91.05653017628647,72.84687859187386,-37.6955786018085,80.44770474983719,72.84687859187386,-37.6955786018085,80.44770474983719,68.59380116291676,-40.08879949137661,87.07359162713855,68.59380116291676,-40.08879949137661,87.07359162713855,48.778847260380346,-47.04765485456564,142.4020710062905,49.254229057955726,-45.726114039121356,149.715897195239,49.96085444387701,-43.305348406166196,156.72339930489082,50.56970192104049,-40.774707677895535,166.09680331519408
8.35832999,48.5814,-44.2284,92.1141,38.43072505624333,-42.76146388298918,91.102432354575,33.64900460074587,-37.92706870352236,46.92112550445766,30.011220988726034,-44.25696838824096,7.497735492137323,31.17420045974228,-43.91140401652671,4.08928219795879,23.53393184902724,-32.06187543022966,2.6837471259483032,22.06331541017253,-29.619582590672138,2.141065579812501,58.73207494375667,-45.69533611701082,93.12576764542499,57.740138224354695,-42.657562930356626,48.53863836060617,54.83883841985299,-46.860784638897016,8.771564462678342,54.41217158170228,-47.13335777195919,5.189225961090985,63.71486550363488,-36.617673377498484,3.28113044174875,66.13903710139712,-33.86301093829782,2.531930514986921,47.19040235211848,-48.37530207394214,100.05774095910826,47.3063760989122,-49.48580305425719,109.91871031831296,47.71962871308712,-49.31500995440624,119.83261121726898,48.22086909767167,-48.79941734325066,129.73050500213975,49.111912115091386,-43.21270585337186,138.6096794466455,28.42819123088074,-45.65876924834934,142.06300437949199,27.03122800783682,-37.943642068262044,113.43134309362627,27.868784356039686,-30.768736778743285,91.03422864354539,27.06353893248437,-29.97279148477684,79.96776978229623,27.06353893248437,-29.97279148477684,79.96776978229623,31.297842319286303,-32.708592783128985,86.4719697206604,31.297842319286303,-32.708592783128985,86.4719697206604,49.111912115091386,-43.21270585337186,138.6096794466455,67.89943630889698,-52.118693455547955,142.2753728785973,73.00155958549816,-48.91478305192732,113.20734890317136,72.98116243511718,-40.87086947994828,91.09159567967052,72.8883505821764,-37.46571967322465,80.50175141336575,72.8883505821764,-37.46571967322465,80.50175141336575,68.59321663075696,-39.9770572465811,87.05641072455624,68.59321663075696,-39.9770572465811,87.05641072455624,48.7526264948862,-47.033728594051794,142.42026026199642,49.22121958628105,-45.711830972981616,149.7344600607855,49.891788028146905,-43.27487722217008,156.73989408614605,50.44145662302719,-40.70469619607918,166.1061940181002
8.36666332,48.4934,-44.1888,92.1326,38.33859052831315,-42.74584676504331,91.12795809092646,33.61333046854095,-38.00336361235449,46.93061797679759,29.986185500854273,-44.26431018722576,7.495238594065732,31.152310276829144,-43.91712174902831,4.088025210838968,23.51374459467786,-32.066642059503465,2.681253570657179,22.04567654079127,-29.62394638680787,2.1335088083345646,58.648209471686854,-45.63175323495669,93.13724190907354,57.671384789247575,-42.696963962095055,48.542882089543966,54.82576820231776,-46.86403399399391,8.767980791370519,54.40029743192031,-47.135304963219895,5.185401200015626,63.70439638315088,-36.61961583495656,3.2841947768635746,66.12859517372642,-33.86519098494696,2.534209717664618,47.11833889870598,-48.33178046183252,100.08106040532894,47.245236193224905,-49.44553164539295,109.94152867099267,47.667733902293875,-49.279916323979826,119.8551277294348,48.17671675521774,-48.772412268792046,129.75304443598458,49.05403153185951,-43.19005675736932,138.63632465630715,28.378148394204175,-45.74569421474283,142.0570793251616,27.046167183195653,-38.06938600682244,113.41189054954808,27.964517071078674,-30.896036203948675,91.01744507016556,27.071163373686904,-29.976743856626076,79.96731920742651,27.071163373686904,-29.976743856626076,79.96731920742651,31.359942448890312,-32.77990213045546,86.40682450595087,31.359942448890312,-32.77990213045546,86.40682450595087,49.05403153185951,-43.19005675736932,138.63632465630715,67.86563455958722,-52.04511973637217,142.3018996460023,72.98147793905851,-48.7919537796963,113.24175891311795,72.93339013030169,-40.7079907662127,91.14065641122275,72.90874232172258,-37.23143704916904,80.57365931796555,72.90874232172258,-37.23143704916904,80.57365931796555,68.57874021191893,-39.85633126125691,87.06053551982168,68.57874021191893,-39.85633126125691,87.06053551982168,48.70991651396949,-47.015423013787995,142.44394661111252,49.1724683793278,-45.69458328294319,149.75872204715807,49.80934817524625,-43.2450616296966,156.76291645467754,50.303848752454556,-40.64478453648073,166.12398309817695
8.37499665,48.4118,-44.1495,92.1485,38.25294577863043,-42.730322774500735,91.15090703611845,33.58433480682699,-38.07981799160956,46.937775738863984,29.968709208212744,-44.27170113167509,7.490435975574272,31.138048077892854,-43.92290962329441,4.084488099411635,23.5013789844146,-32.071373194887016,2.6763224689382286,22.035918051104122,-29.628258237273084,2.123489906832982,58.570654221369566,-45.56867722549927,93.14609296388154,57.60928620916373,-42.73675905740793,48.54474642272494,54.81939619409906,-46.86742748716639,8.76210106426192,54.395127161076836,-47.137373939193864,5.179278916253988,63.7007841529224,-36.621807108522184,3.2850341644351184,66.12505138652374,-33.86765125303461,2.5342828584952457,47.052583104193324,-48.288497369291775,100.10175927916659,47.19040879200148,-49.40548596369057,109.96171463404336,47.62219390915816,-49.24504340086021,119.8749985923003,48.138984904089675,-48.74563192945906,129.7729223286296,49.00273585234164,-43.16772895006945,138.66032770916166,28.335255884088298,-45.83244342311852,142.0484772600183,27.06889922069516,-38.193991355744096,113.39019551711712,28.068388013866542,-31.021383670692313,90.99898689880754,27.087101512029736,-29.9785391875035,79.96730466008894,27.087101512029736,-29.9785391875035,79.96730466008894,31.42983714281457,-32.84850970618154,86.34088036112166,31.42983714281457,-32.84850970618154,86.34088036112166,49.00273585234164,-43.16772895006945,138.66032770916166,67.8380566263435,-51.97229017158413,142.32575836285764,72.96749022988806,-48.66974871387401,113.27358370299899,72.89133028773514,-40.545968589047305,91.18716483558904,72.93253056565368,-36.99563885976911,80.64477790561124,72.93253056565368,-36.99563885976911,80.64477790561124,68.57081044948141,-39.734997200528205,87.06271092667463,68.57081044948141,-39.734997200528205,87.06271092667463,48.67372759858705,-46.9973891570822,142.4649674240078,49.13026781696142,-45.67769908813247,149.78032802027522,49.733289327000996,-43.21611747158231,156.78329114355324,50.17201995842785,-40.58677758230995,166.13901814182168
8.38332998,48.3359,-44.1102,92.1635,38.17306419906769,-42.714770333645276,91.17298531583543,33.56117091544895,-38.15646276742409,46.94430260063078,29.95802624058369,-44.2793018677086,7.485045518242401,31.130644914156424,-43.928912642591335,4.080389488492812,23.495894017910146,-32.07632592898709,2.6706632921132627,22.033064086882224,-29.63279693596315,2.112716217526202,58.498735800932316,-45.50562966635472,93.15401468416457,57.55307996819402,-42.77654014722366,48.54592228275631,54.8189888007765,-46.87070993407922,8.755630766676056,54.39592791640008,-47.1393262377533,5.172565791949655,63.7031041838502,-36.62384591255216,3.2853179394085283,66.12743059799757,-33.86994865141857,2.533809501406524,46.99251382074462,-48.24516482965867,100.12154513592198,47.14130358185676,-49.36536100103641,109.98097722834083,47.58242700718776,-49.210063809532215,119.8939319819113,48.10709467875893,-48.71872327939941,129.79184526493498,48.957356118371024,-43.145338020940315,138.6833847261925,28.298862066597316,-45.91891538114913,142.03881032956497,27.098727798617066,-38.31745310431242,113.36784643518834,28.179651516517296,-31.144818955369967,90.98042975702948,27.110651614339357,-29.978292443722896,79.96930284205698,27.110651614339357,-29.978292443722896,79.96930284205698,31.50683752246478,-32.914420603188276,86.27574808848209,31.50683752246478,-32.914420603188276,86.27574808848209,48.957356118371024,-43.145338020940315,138.6833847261925,67.81623071920092,-51.89942022184645,142.3486108379012,72.95887826288555,-48.54731046074927,113.30445035716097,72.85399969420524,-40.38399898008312,91.23272979904735,72.95853223496438,-36.7576181534751,80.71669937501395,72.95853223496438,-36.7576181534751,80.71669937501395,68.56835904673181,-39.61232991988506,87.06457704095935,68.56835904673181,-39.61232991988506,87.06457704095935,48.64346098865715,-46.97924243629494,142.48502567103017,49.09400317712044,-45.66077166331114,149.80097797129173,49.66296731495754,-43.187614064719924,156.80271224251953,50.045306213997094,-40.53022683033533,166.15298766836722
8.39166331,48.2611,-44.0662,92.1801,38.094320636910545,-42.69468253604677,91.19668145312912,33.539186425885596,-38.22882321120352,46.95268801831063,29.94965249344119,-44.282662020974215,7.481545882528131,31.125614354338865,-43.93065402348867,4.078210178396038,23.492539888553498,-32.07719463405536,2.666744379012065,22.032310875676956,-29.63328963488468,2.1036548036493588,58.42787936308945,-45.437717463953234,93.16351854687088,57.49819620607196,-42.81139077598157,48.54892228504635,54.82009380862429,-46.868977361784374,8.751076384325813,54.39825636588538,-47.1362622502413,5.1677676055703365,63.706728493655916,-36.62066567284005,3.287571799845269,66.13105678670595,-33.86697288066222,2.5353205430002124,46.933599696014134,-48.197118332299326,100.14291103815046,47.093396456760864,-49.320497849407175,110.00180866903179,47.54389207193161,-49.170318700302495,119.91442078513349,48.07648157234245,-48.687025861776476,129.8123072007619,48.91321077198924,-43.11821535552347,138.70799579344006,28.26433924830713,-46.000834095339975,142.030585572412,27.130899894925058,-38.435435568529456,113.34737128246994,28.293425557118166,-31.26192643913273,90.96432405705391,27.136942532576235,-29.971641534729628,79.97586771822817,27.136942532576235,-29.971641534729628,79.97586771822817,31.586115634353344,-32.97315761631474,86.2140013073855,31.586115634353344,-32.97315761631474,86.2140013073855,48.91321077198924,-43.11821535552347,138.70799579344006,67.79561620658936,-51.821516555374124,142.3730063074853,72.95127134656674,-48.41958246698089,113.3369462067097,72.81704243224657,-40.217066707901346,91.27992419419377,72.98231575477575,-36.512452156972486,80.79197984895765,72.98231575477575,-36.512452156972486,80.79197984895765,68.56699874123368,-39.483396401190255,87.06868413715213,68.56699874123368,-39.483396401190255,87.06868413715213,48.61450340993375,-46.956323531300086,142.50661746911277,49.05902717411941,-45.63914116210329,149.82316998596463,49.59368446067493,-43.15489360784053,156.8236819085009,49.91896291804044,-40.470489384668845,166.16839744072507
8.39999664,48.1857,-44.0239,92.1954,38.01555054915117,-42.672881695105815,91.21847395508146,33.508162635229034,-38.28735170788806,46.961557171660566,29.94218113582985,-44.28352168834422,7.4794789436668125,31.12074717136275,-43.93040618777982,4.077158943027629,23.48853541604596,-32.07663849395088,2.663618641960322,22.02835836925469,-29.632592358188035,2.1010070857453598,58.35584945084882,-45.37491830489418,93.17232604491855,57.43898453323489,-42.86260906204154,48.55089886871624,54.816409921464434,-46.86904530277775,8.744173925000851,54.395486888308994,-47.13424775903857,5.160602898642861,63.70635483212934,-36.61927577789341,3.288795384908951,66.13089393822298,-33.865973683290235,2.5357938454175066,46.87211336822355,-48.151378617373894,100.16230111514129,47.04215193927419,-49.275806735346634,110.02090787939898,47.50121340730981,-49.12814528655228,119.93316482247228,48.041099779153114,-48.650124723822564,129.83091194429275,48.862627566924665,-43.08400313197864,138.72969974178113,28.2225305366465,-46.074319672096024,142.01137468159507,27.124426329029756,-38.52103297217317,113.32359420247847,28.33289140488033,-31.31199836913226,90.95439809504965,27.157822082358276,-29.89324006139599,79.98376466838003,27.157822082358276,-29.89324006139599,79.98376466838003,31.601631485007992,-32.99382105131788,86.17710837526575,31.601631485007992,-32.99382105131788,86.17710837526575,48.862627566924665,-43.08400313197864,138.72969974178113,67.76858825447933,-51.734500668912666,142.39828689273395,72.94341904146039,-48.30190841310735,113.36924697799515,72.79137286427428,-40.05338619411056,91.32950411645704,72.98213562139584,-36.282947694781555,80.8654769794444,72.98213562139584,-36.282947694781555,80.8654769794444,68.555640763893,-39.315916481072826,87.10453094392074,68.555640763893,-39.315916481072826,87.10453094392074,48.57672721368639,-46.92526485959609,142.52611863594436,49.008156476789104,-45.60999021816418,149.84379811177854,49.50878079602719,-43.12114096577626,156.84519198674198,49.785445775499156,-40.424439435585306,166.18793236805408
8.40832997,48.1121,-43.9865,92.2109,37.93862235990568,-42.6560031599649,91.24048479239165,33.47915400869682,-38.35090431829724,46.970818335120505,29.93726605777233,-44.28950516387062,7.477871756901621,31.118460579985953,-43.93527695891561,4.0765791021735875,23.48702581889943,-32.08126583305668,2.6608867926327404,22.026883914384587,-29.637092130881857,2.0987383983659056,58.28557764009432,-45.3169968400351,93.18131520760834,57.38173954371411,-42.918780479470655,48.55334486127225,54.81492195594503,-46.87412956532647,8.737877505354668,54.394932078052264,-47.137257017845464,5.154044042455132,63.70810299286623,-36.62282913009472,3.290656078355157,66.13282968778265,-33.86989535521986,2.5369122852046058,46.81243260713752,-48.1105045299426,100.18188201349388,46.992734871039815,-49.23595286111669,110.04018999143254,47.46038940618101,-49.090780419506906,119.9520820024645,48.00761352730325,-48.618005681562515,129.84967811711897,48.813968121171165,-43.05463557629838,138.7515738189794,28.183278483487392,-46.15258602783808,141.99230474168377,27.12095329953548,-38.61077639969861,113.30015783043915,28.375276213605723,-31.365802262024385,90.94510189197928,27.183168483124398,-29.818061966798624,79.99376224934537,27.183168483124398,-29.818061966798624,79.99376224934537,31.620459956014276,-33.0175169410641,86.14132135894575,31.620459956014276,-33.0175169410641,86.14132135894575,48.813968121171165,-43.05463557629838,138.7515738189794,67.74333253259292,-51.65227438602302,142.42373377153,72.93724147237968,-48.188778393489834,113.40177265456016,72.76704510862614,-39.89430695750201,91.37941403802348,72.98254479663493,-36.05781774900374,80.93990393129872,72.98254479663493,-36.05781774900374,80.93990393129872,68.54554432577696,-39.152798420566036,87.14092580015436,68.54554432577696,-39.152798420566036,87.14092580015436,48.54089470404033,-46.899015821284344,142.5457797349542,48.95924615891646,-45.58576996460796,149.86458283946695,49.4257496582455,-43.09272773283691,156.86684150494196,49.653496328912475,-40.38443842909196,166.20755031036035
8.4166633,48.0335,-43.9485,92.2275,37.856716071124566,-42.63870552973453,91.26361093965916,33.44514637001068,-38.414104946754584,46.981392104820955,29.927871579280332,-44.29513078271923,7.477631614796607,31.11172212351724,-43.93976207411794,4.077381504369871,23.48083407322252,-32.08566430058084,2.6594694692660936,22.02068164821188,-29.641393512108035,2.0977707125876646,58.21028392887543,-45.258294470265476,93.19138906034085,57.31969132968316,-42.974044879717056,48.55717403553792,54.8089630827913,-46.87820359739076,8.733078715399486,54.38993244401419,-47.13925142763426,5.14898089339585,63.70516922677824,-36.62514835365191,3.2941059028062516,66.13002284709546,-33.87252306293402,2.5396441419894575,46.74781811350111,-48.06902978502656,100.20254603948703,46.93841872236163,-49.19548183606789,110.06054564513761,47.41468577171825,-49.052780597740146,119.97206344488336,47.96927531590396,-48.58523825859348,129.86949814479348,48.760390992553276,-43.02468940349803,138.77452336442406,28.139772759609517,-46.23050266057245,141.97418801747025,27.113566003297684,-38.69941425991604,113.27791075307934,28.413550355639163,-31.41797241523935,90.93731658939922,27.205987398612933,-29.74076168087214,80.00675316896175,27.205987398612933,-29.74076168087214,80.00675316896175,31.635649052733477,-33.03879240768893,86.10754342176921,31.635649052733477,-33.03879240768893,86.10754342176921,48.760390992553276,-43.02468940349803,138.77452336442406,67.7131598932319,-51.569093247420525,142.45021415520495,72.92596160336358,-48.07441127476286,113.43537971003138,72.7371384882078,-39.73407817858225,91.43050088928035,72.97655179822593,-35.83133249917435,81.0161013261892,72.97655179822593,-35.83133249917435,81.0161013261892,68.52976829314484,-38.98834925723892,87.1787235279798,68.52976829314484,-38.98834925723892,87.1787235279798,48.50022197773841,-46.87216552491585,142.56649734519578,48.905486534645675,-45.56108184671456,149.88642437558133,49.337740046786124,-43.064266345749004,156.8895365950078,49.51621983193796,-40.34512451216412,166.22816353592052
8.42499663,47.9541,-43.9097,92.2433,37.774077825790286,-42.620433498667076,91.28595198013504,33.41061172922296,-38.476266206509365,46.99136830076496,29.9183306679694,-44.29960948945953,7.4768465943324145,31.10486481708073,-43.943111278325134,4.077650280194229,23.47468481269195,-32.08882809456382,2.657479762326916,22.014555803163184,-29.644441752609954,2.0962231617404097,58.13412217420971,-45.198966501332926,93.20064801986497,57.25704573523814,-43.02868008657607,48.56047893362468,54.802560661646666,-46.88160476191397,8.727888581506114,54.384503281097324,-47.140566985508535,5.1435258156969415,63.701932094891106,-36.62689957628078,3.2972108620588862,66.12694680861253,-33.874609943184126,2.5420426467695223,46.68232566164966,-48.026709006413526,100.22239329610348,46.8832180766521,-49.15415248706468,110.08007519784547,47.36812077153361,-49.013915398968,119.99120944050503,47.93011885438008,-48.55160379656428,129.88847194978302,48.70612362630143,-42.99396695670712,138.79664410215062,28.096140433143493,-46.307180706429044,141.95515581914663,27.106692008644387,-38.786060870483524,113.25497341783421,28.452410535279277,-31.467708236261203,90.92915297135917,27.23101312967236,-29.660573511999853,80.02085735303228,27.23101312967236,-29.660573511999853,80.02085735303228,31.651847295927286,-33.05697110635824,86.07389455837587,31.651847295927286,-33.05697110635824,86.07389455837587,48.70612362630143,-42.99396695670712,138.79664410215062,67.6819739879529,-51.485487988890654,142.47579651163252,72.913573978938,-47.959538841623115,113.4681291496193,72.70593588412264,-39.573426537419806,91.48082578875054,72.96856674407182,-35.60423599862646,81.09212941581617,72.96856674407182,-35.60423599862646,81.09212941581617,68.51261305325063,-38.82313561573245,87.21599361369123,68.51261305325063,-38.82313561573245,87.21599361369123,48.45880172005152,-46.84450408567925,142.58637005333708,48.85101695598965,-45.53572093472523,149.90741952557647,49.24898500654593,-43.03556238851348,156.91137127991064,49.37795674995864,-40.30630516009785,166.24786214944734
8.43332996,47.8779,-43.8722,92.2589,37.695192123423176,-42.599173188673866,91.30840652398598,33.37396355735037,-38.53358661716149,47.00240138067278,29.90626423995625,-44.30221026692413,7.477689840655891,31.095335347590513,-43.94535508786753,4.07941761410165,23.46899613623388,-32.08899333702907,2.6559720525928503,22.009813029509193,-29.644156378852614,2.0942183753607604,58.06060787657682,-45.14522681132613,93.20939347601401,57.19857466176055,-43.087002495496556,48.563624206661274,54.79851916675259,-46.88492701208391,8.722435937770669,54.380822146831385,-47.14128936983594,5.137844275575829,63.70116965734505,-36.628733857383814,3.2999487723237184,66.12633236602078,-33.87703863052812,2.5430915635001563,46.61849917712423,-47.98551358257393,100.24186084753349,46.82862965525063,-49.113699181919465,110.09926524605503,47.321314113607926,-48.97435497893254,120.01002829730325,47.889526102385396,-48.51459029785613,129.90705464940743,48.646457576474276,-42.95907545321455,138.8181910135588,28.04437986765147,-46.36408210697632,141.93031450202525,26.970309869360605,-38.857475165122295,113.2293746655098,28.387531795265005,-31.460846269350593,90.93379516573069,27.263666622992407,-29.597477445768067,80.02447600582353,27.263666622992407,-29.597477445768067,80.02447600582353,31.62525436207474,-33.032990058134665,86.09838382849591,31.62525436207474,-33.032990058134665,86.09838382849591,48.646457576474276,-42.95907545321455,138.8181910135588,67.64998094179994,-51.38383872741165,142.5079677435604,72.90417246747647,-47.83888543423831,113.50670054364778,72.68345676448452,-39.41025784036056,91.5357874151004,72.93888966422219,-35.40049988136351,81.16250172661888,72.93888966422219,-35.40049988136351,81.16250172661888,68.48258234929925,-38.62047745463986,87.28554184541002,68.48258234929925,-38.62047745463986,87.28554184541002,48.41123825312279,-46.812359728458034,142.60589470525426,48.78670298383983,-45.5090169543569,149.9287927211825,49.15366856077421,-43.00980048321088,156.93477336618844,49.24409442511192,-40.280241385935945,166.27162887454577
8.44166329,47.8011,-43.8364,92.2732,37.61571453951095,-42.579791174263754,91.32957290716092,33.336813279617054,-38.59284634941742,47.01231467493598,29.89416604978827,-44.30669043987571,7.477457327894911,31.085792831587895,-43.94944222584568,4.08012172921317,23.46307301267832,-32.091147939599516,2.653391136850063,22.004792044975428,-29.64588726479447,2.0911392925778616,57.98648546048905,-45.09300882573624,93.21682709283908,57.13959381735889,-43.14681643579462,48.56574410512052,54.794361212450134,-46.889778479558785,8.716090419576233,54.377054812736226,-47.14354589600516,5.131268623348706,63.70007955068827,-36.63188266842674,3.3018679221599503,66.12532698230717,-33.8807216157493,2.543342130075914,46.55414043926616,-47.94602484616544,100.26001278309278,46.77353898603676,-49.07494073376837,110.11713164393608,47.27401476898266,-48.9364727022965,120.0275165827437,47.84845291447456,-48.47924118287161,129.9243008683108,48.58623934332877,-42.925937786658025,138.83842080922486,27.992627201145215,-46.42302653871408,141.90411779972356,26.833762653475887,-38.93120288206664,113.20261378167856,28.32226445226301,-31.45653563163567,90.93772630991391,27.29596709387983,-29.537191855777525,80.02849654640107,27.29596709387983,-29.537191855777525,80.02849654640107,31.598079268890643,-33.01179388390669,86.12255285837493,31.598079268890643,-33.01179388390669,86.12255285837493,48.58623934332877,-42.925937786658025,138.83842080922486,67.61733020959397,-51.283569004934634,142.53876804958563,72.89397582568346,-47.71928199595363,113.54394798116974,72.66016592317587,-39.247860053926885,91.58963529665061,72.90866462317861,-35.197432889438275,81.23199323814455,72.90866462317861,-35.197432889438275,81.23199323814455,68.4520022251148,-38.418610643462266,87.3541435875258,68.4520022251148,-38.418610643462266,87.3541435875258,48.36319990562815,-46.78194854195221,142.62408608184018,48.72193845287115,-45.48420311866811,149.94881645049998,49.05783506829577,-42.98624807396754,156.95680514633142,49.10956220104937,-40.2568276755721,166.2939957880052
8.44999662,47.7265,-43.8003,92.2872,37.53846508979131,-42.560128584305524,91.35045332236335,33.30187447557347,-38.651883297833564,47.02212128744136,29.884519246399023,-44.31103013528371,7.477203535601085,31.07870809643962,-43.95339342153506,4.080808562248047,23.459541229431185,-32.09321843602014,2.650736338321261,22.00214923145567,-29.647544993965518,2.087975053258366,57.914534910208694,-45.040471415694476,93.22394667763665,57.08291395966623,-43.206346440518686,48.56783293696217,54.79284072771243,-46.89441889338152,8.709854239282038,54.37595138543441,-47.145596843047684,5.1248015538258676,63.70155968246615,-36.63474067629474,3.303951880688527,66.12686711999203,-33.884089221383256,2.5437716213585437,46.491987959611535,-47.906208585329864,100.27785689825001,46.72067090333418,-49.03583031750442,110.13468386710004,47.22895359341801,-48.89821697699113,120.04468337849629,47.80964076896419,-48.443504734676054,129.9412190461552,48.528301496524676,-42.892506301878704,138.8583365683001,27.94365221235516,-46.48159976415193,141.87754355140132,26.700091782022565,-39.004838774951544,113.17565643214586,28.259879977977583,-31.452416159165022,90.94191010687904,27.33126481223731,-29.477356421688416,80.03387299022876,27.33126481223731,-29.477356421688416,80.03387299022876,31.573591644690566,-32.99107883869499,86.1473800505532,31.573591644690566,-32.99107883869499,86.1473800505532,48.528301496524676,-42.892506301878704,138.8583365683001,67.58671561257691,-51.18292626973484,142.56923632141024,72.88570743546603,-47.59911617058221,113.58089879622322,72.63891568892124,-39.08469766829826,91.64336763062025,72.88080680790395,-34.99354958049376,81.3015855384915,72.88080680790395,-34.99354958049376,81.3015855384915,68.42373814103328,-38.215958293416826,87.42279226098024,68.42373814103328,-38.215958293416826,87.42279226098024,48.31745975509947,-46.751215404806,142.64195083392744,48.65952069917129,-45.459223575886334,149.9684959219649,48.964328000292944,-42.962849940181464,156.97846900912012,48.97725293806041,-40.23400246763036,166.31596144038534
8.45832995,47.6522,-43.7658,92.3013,37.46156778425218,-42.5418885907833,91.37144478774815,33.26751978101484,-38.712263866853135,47.032206656377376,29.87573134291933,-44.31661237310904,7.477284981551264,31.072512927719483,-43.95859294726062,4.081843070312257,23.45706327469307,-32.09643674522955,2.6484074000305973,22.000596032078217,-29.650330535292575,2.085133163270532,57.84283221574782,-44.989711409216696,93.23115521225185,57.02665976774115,-43.26767447540152,48.570293671259485,54.792024361925016,-46.90088833580657,8.704130809283,54.375575481350275,-47.14947463070871,5.1188462979150575,63.70391169701499,-36.639551294469285,3.306605719545818,66.12931711157103,-33.88943980041065,2.544786210154763,46.430059113042894,-47.86795492543208,100.2957855728609,46.668014464664004,-48.99827914530154,110.15231251945883,47.18411577304606,-48.861523808351535,120.06191980015882,47.771077390854394,-48.40933963048774,129.95820115069193,48.47073469475021,-42.86076359143106,138.87833709931465,27.895479567282432,-46.54142619134961,141.85097702119748,26.567454002775815,-39.07988346627968,113.14891350823777,28.198665654784214,-31.449944284922513,90.94678120354364,27.367864149109902,-29.419382066393766,80.04104662187896,27.367864149109902,-29.419382066393766,80.04104662187896,31.550036714505097,-32.97235650217081,86.17328569465936,31.550036714505097,-32.97235650217081,86.17328569465936,48.47073469475021,-42.86076359143106,138.87833709931465,67.55606810866043,-51.08426479182364,142.59977033491404,72.87737402464334,-47.48069171907417,113.61797111371524,72.61782888545673,-38.922895578335755,91.69747240190927,72.85349385133846,-34.790897227589355,81.3717999064178,72.85349385133846,-34.790897227589355,81.3717999064178,68.39592028955774,-38.0145302822085,87.49199423537864,68.39592028955774,-38.0145302822085,87.49199423537864,48.27203262153263,-46.722143457781435,142.65988309346082,48.59748728332809,-45.43607742630064,149.98822703519056,48.87122994450501,-42.94162021506044,157.00016397723758,48.84529958334916,-40.21379746880464,166.33792876158398
8.46666328,47.5778,-43.7323,92.3145,37.38467022447669,-42.525141109765,91.3901366498683,33.225987531587954,-38.76614700371827,47.04152422714899,29.8630537565312,-44.31954814262269,7.4769543204130215,31.062984059627613,-43.9602891657238,4.082754842063449,23.450308404031084,-32.09660829621018,2.647203871521353,21.994415363248756,-29.650102208131873,2.0841819361605864,57.770929775523314,-44.939458890235,93.2388633501317,56.9703896540879,-43.318888198992674,48.573921971029236,54.78943619178547,-46.90265531732199,8.700311212447907,54.37316828075673,-47.14874115360764,5.114833192570034,63.703112401027816,-36.63891704379715,3.310310847608532,66.12842283624308,-33.8890360930748,2.547357592624758,46.367163254817584,-47.8300873304805,100.31297489336983,46.61338183011314,-48.959572000932944,110.16939512755182,47.1359430225413,-48.82291827473338,120.07866526211188,47.72704291837569,-48.37201058927683,129.97475854242916,48.404966432801594,-42.82440586712488,138.8971765611809,27.84166593276946,-46.5965575080253,141.8376753935954,26.441571736122988,-39.14706095844022,113.13590786895962,28.089927961675222,-31.449047358222533,90.95855431618993,27.381177119945114,-29.390109087610398,80.04952565764202,27.381177119945114,-29.390109087610398,80.04952565764202,31.498528148451477,-32.95289110845582,86.21982188503357,31.498528148451477,-32.95289110845582,86.21982188503357,48.404966432801594,-42.82440586712488,138.8971765611809,67.52115493316037,-50.96832351305986,142.6352150086798,72.86145590625054,-47.34577418155959,113.65927596440275,72.58450731655243,-38.75541597493138,91.75173051539181,72.79445322813042,-34.60415092944935,81.43323343164775,72.79445322813042,-34.60415092944935,81.43323343164775,68.34657997444683,-37.807307790518564,87.5712103293165,68.34657997444683,-37.807307790518564,87.5712103293165,48.218394494104686,-46.68786153267927,142.67721999003018,48.52940914325437,-45.40930882588311,150.00750541192602,48.77633908471639,-42.920734617820344,157.02252754428415,48.71857780510648,-40.199005287503574,166.3619276092493
8.47499661,47.5,-43.6988,92.3263,37.30439353471584,-42.50846761459578,91.40744613386357,33.18108891941467,-38.82016310409138,47.049595970254096,29.847064908211358,-44.32271914059524,7.475476388792082,31.05013753692322,-43.96221533374617,4.082521467356835,23.440096009584572,-32.09710350594751,2.6448322568479714,21.98474734832991,-29.6502167447674,2.0820572244897537,57.69560646528416,-44.88913238540422,93.24515386613643,56.910812594378626,-43.37020200688043,48.57636105353194,54.78374769357691,-46.90469248756661,8.69544140967573,54.367677408896036,-47.14829500682162,5.109770876230391,63.699099722063536,-36.638460966118814,3.3129661984191894,66.12428092569226,-33.88878069388746,2.5488797179291667,46.30089640938564,-47.79218958282376,100.32876307437314,46.5553993548665,-48.920797976322575,110.18507325543307,47.08443675833081,-48.78421156298801,120.09400067558445,47.67969513849907,-48.33455577925902,129.9899016541411,48.33587052718693,-42.78801176889559,138.9146047386354,27.785000987673428,-46.651717417285546,141.82295971567927,26.312924398167265,-39.215118386100826,113.12144918044768,27.977594785625662,-31.448825309707438,90.96913402846677,27.390624411627773,-29.36075283524041,80.05841086488655,27.390624411627773,-29.36075283524041,80.05841086488655,31.44282598475941,-32.933949989492376,86.26570296863994,31.44282598475941,-32.933949989492376,86.26570296863994,48.33587052718693,-42.78801176889559,138.9146047386354,67.48259827653905,-50.852159429671204,142.66924557863544,72.84181225840679,-47.210382194078875,113.69920923584024,72.54759772109757,-38.58722307251244,91.80477919507001,72.73198753398574,-34.41630878051639,81.49372031653624,72.73198753398574,-34.41630878051639,81.49372031653624,68.29407940384012,-37.59925487775954,87.64939869703954,68.29407940384012,-37.59925487775954,87.64939869703954,48.16146637767633,-46.653509606120146,142.69314106306658,48.45810726552795,-45.38258365100799,150.02534829573375,48.67825685990835,-42.9001322860339,157.0434307175305,48.58864405945438,-40.18479518396895,166.384440002107
8.483329939999999,47.4273,-43.6686,92.3372,37.22926341910278,-42.49495230475023,91.42386775370791,33.14154434780396,-38.8771705401734,47.05691710180898,29.836465800216168,-44.32865128621374,7.4733018909692035,31.04269050635955,-43.96690064895662,4.081599032767535,23.43543851286255,-32.100252978316846,2.6418243391659733,21.98066548338523,-29.652964553108827,2.0793076003499387,57.625336580897226,-44.84224769524977,93.25053224629208,56.856483705499336,-43.42480471048672,48.578126637337704,54.783493324191106,-46.909862953797955,8.690009865425147,54.367636275866886,-47.150965761732024,5.104145646723415,63.70062836612374,-36.64119488173001,3.3151415402259534,66.1257041431989,-33.89173091140618,2.5499428922041507,46.23966564473238,-47.757564261912215,100.34363484064491,46.50244467051507,-48.88529920089828,110.1998278243176,47.03797155210173,-48.74878776201012,120.10840767344587,47.637412068143874,-48.30040082088787,130.00411377554684,48.271938242716594,-42.75504721438181,138.93112176583074,27.733894573329806,-46.709952133229926,141.80731337231873,26.19018764586115,-39.28696471365924,113.10604252360925,27.870585560084667,-31.45214542240636,90.97905963476322,27.405182181607476,-29.334141756741257,80.06824293763209,27.405182181607476,-29.334141756741257,80.06824293763209,31.391833986925512,-32.918457235555636,86.311466518864,31.391833986925512,-32.918457235555636,86.311466518864,48.271938242716594,-42.75504721438181,138.93112176583074,67.44875575977514,-50.73958205547424,142.70231018976529,72.82679747649728,-47.07838811466849,113.73821089665755,72.51552323128976,-38.42208496247646,91.85709972008287,72.67456009769884,-34.23109705707716,81.55376101446014,72.67456009769884,-34.23109705707716,81.55376101446014,68.24684322264953,-37.394032312178226,87.7270676324896,68.24684322264953,-37.394032312178226,87.7270676324896,48.10965840387023,-46.62256129795483,142.70813476015155,48.39201725478294,-45.35940195291575,150.04224775702116,48.58547017619706,-42.883338723509716,157.06337290571918,48.46403800823668,-40.17472115721708,166.40597348556605
8.49166327,47.3559,-43.6433,92.3466,37.15545828501878,-42.486374435111486,91.43880769634323,33.1034328667985,-38.93908186640237,47.06289184447514,29.827405606245993,-44.339508897791866,7.469864516967661,31.036783533799333,-43.97650485160612,4.079418685753193,23.43222868672017,-32.108383762093254,2.6375419980906676,21.978011546146416,-29.660706411906673,2.075280153088628,57.556341714981215,-44.80022556488852,93.25439230365676,56.80356253379928,-43.48427843090121,48.57860793566911,54.7848499635464,-46.91992916039112,8.683421718361416,54.369222819022966,-47.15853570734866,5.097363877767613,63.703709362235614,-36.648760880796544,3.3161971057461175,66.12865988344284,-33.89949332985424,2.549896562465259,46.17974871147491,-47.72781984826234,100.35699753758524,46.450819578039464,-48.85466400551122,110.21306784328894,46.992850977406704,-48.71821188829641,120.12129482000923,47.59649384183893,-48.27108800439512,130.0168026172405,48.209376760822316,-42.727031593203904,138.94612816753533,27.68461538028693,-46.773130652612494,141.79011155594253,26.06944298425931,-39.364501336523055,113.08906364078983,27.764785954448328,-31.46089441524749,90.98769915604827,27.420651838707503,-29.312196438620596,80.07838526623435,27.420651838707503,-29.312196438620596,80.07838526623435,31.34145152455826,-32.908247250004145,86.35646611464212,31.34145152455826,-32.908247250004145,86.35646611464212,48.209376760822316,-42.727031593203904,138.94612816753533,67.41593498783261,-50.63184235451682,142.7338816891223,72.81271713441237,-46.950980441599654,113.77576158991018,72.48454677999726,-38.26126895230411,91.90814350537046,72.61841776363848,-34.04981490223355,81.61279532404374,72.61841776363848,-34.04981490223355,81.61279532404374,68.20114099312018,-37.193002122365485,87.80364266391595,68.20114099312018,-37.193002122365485,87.80364266391595,48.0592454159902,-46.59653426689848,142.7216065120063,48.327394599880016,-45.34126896889469,150.05760791258595,48.494197238788125,-42.87184738981117,157.081755223606,48.340941580815134,-40.1702673810535,166.4259255263124
8.4999966,47.2804,-43.6213,92.3558,37.07732250755995,-42.48430168542041,91.45246211974349,33.06035227305004,-38.98981264878294,47.069170232391535,29.81157852070019,-44.345240183061435,7.467785853545209,31.023592174124992,-43.98106557878063,4.078406912631582,23.422059114078785,-32.1111294869374,2.635537094324304,21.968006576038157,-29.663019869209013,2.074733384365662,57.48347749244005,-44.758298314579584,93.25913788025652,56.74713167387439,-43.528755101072804,48.580618202769436,54.77867460238488,-46.924105551156025,8.679470953989451,54.363515595727684,-47.16081392613761,5.093233094058101,63.69951099842818,-36.65124436460845,3.3187758609484685,66.12447468570177,-33.902189324348825,2.551754922102876,46.11617479579477,-47.7012670520844,100.37025890140433,46.39340177016731,-48.82371909547402,110.22665913959325,46.93918386498666,-48.682912315247485,120.1346192927235,47.5446072169492,-48.233603169728354,130.02991933350302,48.137313356289965,-42.68924251589683,138.96041798243817,27.624867298802844,-46.81277793888976,141.78194260469536,25.916336028366985,-39.42618861902182,113.08061962547441,27.635378573210595,-31.44732897208876,91.00814369495042,27.366983893337597,-29.314552425879192,80.09358051859662,27.366983893337597,-29.314552425879192,80.09358051859662,31.248617651159854,-32.89425312356076,86.40525327935639,31.248617651159854,-32.89425312356076,86.40525327935639,48.137313356289965,-42.68924251589683,138.96041798243817,67.3729200553226,-50.514588243735965,142.76572848224245,72.78232413663667,-46.80434158946536,113.81371406373374,72.42653311627835,-38.09087201206006,91.95598401431039,72.51333401885329,-33.87542194307608,81.66176684397252,72.51333401885329,-33.87542194307608,81.66176684397252,68.12560150340249,-37.02954282923651,87.86804395364997,68.12560150340249,-37.02954282923651,87.86804395364997,47.99845653232081,-46.55988925673132,142.7351550172665,48.255599929499134,-45.31136900323693,150.0727013341494,48.3999657294384,-42.849632403452595,157.10004243385347,48.219761519854,-40.16006434068453,166.4471965764247
8.50832993,47.2081,-43.5964,92.3622,37.00242076303829,-42.47938481450966,91.46333226911156,33.02061056870198,-39.03759034161685,47.072755108720365,29.799259964913265,-44.34797638805506,7.463065889852913,31.013920732120745,-43.982622070528485,4.074761699424959,23.415322029896785,-32.11093163688018,2.6308693868947612,21.961415065381907,-29.662403316703422,2.0715180762432963,57.413779236961716,-44.71341518549035,93.26106773088844,56.6940580217814,-43.57018725782288,48.57998522914258,54.7760042170685,-46.92513417021957,8.672966040693716,54.361326077629975,-47.15993850069488,5.086547379875956,63.69874733115941,-36.650495755555326,3.318854385951255,66.12370289160486,-33.9016306672515,2.5511273017806344,46.055813575163825,-47.67180727416571,100.38070325804732,46.33919845178943,-48.78987325726212,110.23742687746278,46.88872715760594,-48.64472138667287,120.14511723275488,47.49593606724034,-48.19324435275334,130.0402091913121,48.068455115833764,-42.648680569962146,138.97189862520744,27.56867767895448,-46.84975868632188,141.7710157250549,25.766843947208468,-39.48605828088453,113.06951692826547,27.508725291155447,-31.431679255807545,91.02627918640891,27.316055571746162,-29.314317691942517,80.10711625063614,27.316055571746162,-29.314317691942517,80.10711625063614,31.158242333222077,-32.87799393812376,86.45190649587725,31.158242333222077,-32.87799393812376,86.45190649587725,48.068455115833764,-42.648680569962146,138.97189862520744,67.33280941429214,-50.39436828368387,142.79472011528102,72.75460462404168,-46.65451970978736,113.8488328255837,72.37096102523128,-37.9173171123052,92.00105008683323,72.41058620849789,-33.69797066060957,81.70813960455085,72.41058620849789,-33.69797066060957,81.70813960455085,68.05254526580433,-36.8630111104957,87.9297590758907,68.05254526580433,-36.8630111104957,87.9297590758907,47.940904982343575,-46.520452683517114,142.74588044235293,48.187106240565484,-45.27877214084863,150.08496252888858,48.309101108421395,-42.8249195241785,157.11548427982413,48.102042428530744,-40.14762015416955,166.46560381236657
8.51666326,47.1405,-43.5732,92.3712,36.93226875911502,-42.476081959497705,91.47681655436595,32.98576916124738,-39.08690276674749,47.07903837151699,29.791922040456683,-44.35209820386535,7.46108994825849,31.009239343234018,-43.98556235903312,4.073866911254278,23.413656770937955,-32.112063559396816,2.628974997487844,21.95991086597103,-29.663107300506063,2.071080410014814,57.34873124088499,-44.670318040502295,93.26558344563405,56.64583834468253,-43.61331437539451,48.582110135265516,54.77828233633671,-46.92774115401628,8.669310316474984,54.36409397895395,-47.1606310131618,5.082710232591118,63.70298698130763,-36.65135191972388,3.3218322053506855,66.12794678563861,-33.90268419815572,2.5534121877897658,46.00010817794449,-47.644008736103864,100.39373860575002,46.28963793081503,-48.75767609717576,110.25078159903588,46.842912243313506,-48.60817198921901,120.15819877493159,47.45191932740601,-48.15452680309807,130.0530810610952,48.00431701207516,-42.60984536747494,138.98596448815437,27.517480793060805,-46.88824270681802,141.76262557333982,25.62270907413244,-39.54823928832194,113.06104179143651,27.386831582496043,-31.418094082965716,91.04740708575221,27.269961714506476,-29.315633040362723,80.1242912377372,27.269961714506476,-29.315633040362723,80.1242912377372,31.072330782299257,-32.86368124580757,86.5017432491518,31.072330782299257,-32.86368124580757,86.5017432491518,48.00431701207516,-42.60984536747494,138.98596448815437,67.29701441682218,-50.27594513526137,142.82624182699496,72.731013853673,-46.50633323763866,113.88650447674235,72.31944615666886,-37.74541799145399,92.0487280716238,72.3118688874117,-33.52227444254294,81.75730144645925,72.3118688874117,-33.52227444254294,81.75730144645925,67.98361176945325,-36.698165769187405,87.99416406767759,67.98361176945325,-36.698165769187405,87.99416406767759,47.888050537089775,-46.48271231609056,142.7591873542352,48.12338952050544,-45.24794982744212,150.0997928239503,48.22311375028491,-42.80216286809594,157.13347555279066,47.98933550622656,-40.13736103326064,166.48653491323861
8.52499659,47.0707,-43.5532,92.3805,36.85994951735697,-42.47603753115357,91.49062899422796,32.948871831688564,-39.139523323081086,47.08572783989594,29.782697677664423,-44.35962823964104,7.459592202207318,31.00267681068621,-43.99190896238103,4.07345527471564,23.410002995703415,-32.116677521517275,2.6275149007045284,21.956394746240093,-29.667310533077384,2.0710666120621166,57.28145048264304,-44.63036246884642,93.27037100577203,56.59550771152272,-43.659633150732134,48.58467676974498,54.778538637071144,-46.93356930220099,8.666200531935104,54.36484687683228,-47.164551098673485,5.079419749560913,63.70510710635669,-36.65534664122774,3.3253611654859654,66.13004362902593,-33.90685204988615,2.5562487146760455,45.94222784381836,-47.619378044567966,100.40707147586042,46.237919758638725,-48.72862016727027,110.26443051594478,46.79495105442288,-48.57474228517685,120.17157020272217,47.405776893549486,-48.118915183456984,130.0662401056544,47.938057760358326,-42.57418909025402,139.00031707958874,27.464505115856905,-46.92992731411667,141.7546183481523,25.47687550829322,-39.61445599903357,113.05305167277143,27.2623858274928,-31.4082992876028,91.06936574052905,27.22127960593373,-29.320236555549876,80.1429406556065,27.22127960593373,-29.320236555549876,80.1429406556065,30.98355932937274,-32.852996904757056,86.55257452591714,30.98355932937274,-32.852996904757056,86.55257452591714,47.938057760358326,-42.57418909025402,139.00031707958874,67.25879612714492,-50.16049825748487,142.85803285726988,72.70478811114181,-46.360958507622094,113.9244642795874,72.26506283922456,-37.576359347856005,92.09675341638706,72.21017843742747,-33.349521621420806,81.80698707464308,72.21017843742747,-33.349521621420806,81.80698707464308,67.91185196885634,-36.536242722928975,88.0590066639076,67.91185196885634,-36.536242722928975,88.0590066639076,47.83311274455413,-46.44812018280942,142.77277934259288,48.05766577783432,-45.220345363005144,150.11489459840297,48.135199416213084,-42.78280009070549,157.1517172537574,47.87481429671522,-40.13072363540258,166.50769024170322
8.53332992,46.9979,-43.5373,92.3908,36.78411107337402,-42.484727537794626,91.50638958388122,32.91934483069681,-39.199716165460394,47.09359430568354,29.770831559889587,-44.36123905771563,7.458378583976206,30.993583531909653,-43.9922198245492,4.073383419419201,23.403985388378796,-32.11512383181471,2.626610528090646,21.94969571765957,-29.66536008268427,2.0737005788351213,57.21168892662598,-44.58987246220538,93.27521041611878,56.54665582967359,-43.68655489240737,48.58778656333831,54.77665338773776,-46.93278227483242,8.664937481300903,54.36382939818715,-47.16286961427361,5.07799923072,63.70543043267156,-36.654052233325146,3.3287684379441185,66.13037468949919,-33.905894396896386,2.558477923297921,45.88399757385123,-47.59791494939931,100.42222145402884,46.185957178027536,-48.699570229166326,110.28024128979744,46.74529649537317,-48.53883922745803,120.18714212273007,47.356393634000796,-48.07850200383766,130.08158647135878,47.86765740394786,-42.533519526552425,139.0167317096937,27.40527775270561,-46.953596525858416,141.75149443589746,25.336663814633148,-39.662295289640895,113.0495000052321,27.102939851049946,-31.426190793609756,91.07546182528813,27.112571247187315,-29.313733551776313,80.15365371177057,27.112571247187315,-29.313733551776313,80.15365371177057,30.851129685131575,-32.8509449563708,86.57470246092724,30.851129685131575,-32.8509449563708,86.57470246092724,47.86765740394786,-42.533519526552425,139.0167317096937,67.21784997448435,-50.04025124213585,142.88248070224455,72.6654506150554,-46.19775915978171,113.95488793170978,72.18231604867081,-37.39153941777515,92.13680879796709,72.08968658628739,-33.15900494558669,81.84965503439872,72.08968658628739,-33.15900494558669,81.84965503439872,67.81853262052826,-36.37816907496234,88.10367589003114,67.81853262052826,-36.37816907496234,88.10367589003114,47.77362774897749,-46.40836048440532,142.78854732917083,47.98555750947166,-45.192574363465454,150.13303242938355,48.042715607905805,-42.76620039410691,157.1739097763555,47.7613122911504,-40.1248868386438,166.5323185813525
8.54166325,46.9254,-43.524,92.4,36.70864907149071,-42.49586183276897,91.52107612167647,32.89041961569004,-39.26240741074501,47.10047280999744,29.760171775952067,-44.365389853678224,7.456231130543777,30.985747089077343,-43.995094991029724,4.072396514290494,23.399390385078032,-32.11604569153628,2.6246601087632246,21.944453722275586,-29.665876109891457,2.075261698394474,57.142150928509295,-44.55213816723103,93.27892387832354,56.498208016424236,-43.716162024433125,48.58988066116965,54.77517037396772,-46.93455670001591,8.662723779106813,54.36321566943969,-47.16373691789415,5.075627517121291,63.70629926506477,-36.6554295880915,3.3312574338025374,66.1312888025581,-33.90763977194193,2.559797461469181,45.825994488188265,-47.57899331750188,100.43625781506002,46.1341921692825,-48.67305542600056,110.29493020704645,46.69583381171812,-48.505481016990345,120.20158738912997,47.30721394328477,-48.040653673304284,130.0958043321572,47.79757239165225,-42.495515082446445,139.03202435777732,27.346523774130866,-46.979589568656195,141.74729143228384,25.197154684222316,-39.71288834032261,113.04499209210064,26.94414436363067,-31.44685946177824,91.08065062965039,27.00437650969909,-29.30965864875158,80.16381933095194,27.00437650969909,-29.30965864875158,80.16381933095194,30.719150148951453,-32.85161626265964,86.59604630332771,30.719150148951453,-32.85161626265964,86.59604630332771,47.79757239165225,-42.495515082446445,139.03202435777732,67.17677659892227,-49.922856687145284,142.90578607218845,72.62572709667609,-46.03733203271444,113.98419624256742,72.09903500924553,-37.209696609031596,92.17578157043735,71.96865505213496,-32.97177767270631,81.89125411475017,71.96865505213496,-32.97177767270631,81.89125411475017,67.72486617060957,-36.22311755751218,88.14725888107476,67.72486617060957,-36.22311755751218,88.14725888107476,47.71441330581041,-46.371240595038536,142.80318643457602,47.91385795400971,-45.167542999476204,150.15001196899848,47.950780512147766,-42.75249354420993,157.19491681972704,47.64843846218103,-40.12207320454311,166.55574042707534
8.54999658,46.8516,-43.5117,92.4072,36.6319274145593,-42.50819679233589,91.5337880876702,32.860349397807205,-39.3264955662816,47.105462901797196,29.7491460403767,-44.37095948050377,7.452233812896715,30.977576339351813,-43.99936043281681,4.069577609272401,23.394215568940663,-32.118525521764894,2.6207980393862904,21.938580721224938,-29.667989351461838,2.074895160613838,57.071272585440695,-44.51520320766411,93.2806119123298,56.448580096828586,-43.7465223858911,48.59005937480948,54.77263802849617,-46.93703317539745,8.658660216056767,54.361563101410816,-47.16530993712999,5.071405420537681,63.70588648921505,-36.65729415388588,3.3319268425645348,66.13085836517695,-33.90981508805816,2.5593054584233403,45.766759692220354,-47.56105144216605,100.44828060890725,46.08120733803932,-48.64749986886029,110.30759760018877,46.64514301065955,-48.47306863401142,120.21400609882517,47.25680495164984,-48.00374450431108,130.10799334217782,47.72617883314205,-42.45852672935514,139.04529101729673,27.2867765199641,-47.00697200237039,141.74111510622407,25.05654992105114,-39.765310991079375,113.03865603465584,26.783790921367515,-31.469323115593347,91.08405000456241,26.894344483894013,-29.30703151150408,80.17255451771177,26.894344483894013,-29.30703151150408,80.17255451771177,30.585428598499252,-32.85390863294154,86.61569905264939,30.585428598499252,-32.85390863294154,86.61569905264939,47.72617883314205,-42.45852672935514,139.04529101729673,67.13423355414486,-49.80595213016019,142.9270098074933,72.58409897165438,-45.87720788138612,114.01143170158717,72.01340150658673,-37.02846415291148,92.21268079537361,71.84512382354797,-32.78551664454001,81.93077728029142,71.84512382354797,-32.78551664454001,81.93077728029142,67.6290018203385,-36.068885762578915,88.18876044122479,67.6290018203385,-36.068885762578915,88.18876044122479,47.65398265760956,-46.335112006967954,142.81579514667175,47.84104141472258,-45.143590183191655,150.16493089636043,47.857784692760085,-42.740011733962746,157.213834485114,47.53449501318834,-40.1206233716363,166.57705128687564
8.55832991,46.7761,-43.5017,92.4147,36.55356740324633,-42.5228188892922,91.54683256230672,32.82871934467593,-39.39295915606305,47.11088329551513,29.737150017424803,-44.378977023813256,7.4487274715149,30.968479075140046,-44.00608436430027,4.067267777875564,23.38808983974032,-32.12349883378453,2.617294967849835,21.931751867342598,-29.672611189367156,2.0748562621007487,56.998632596753666,-44.480581110707796,93.28256743769327,56.39733205807803,-43.779120074889406,48.590616346614055,54.76851262183159,-46.94165173619279,8.655041724162977,54.35832055637111,-47.16901967891873,5.067628152848145,63.70383987990074,-36.66125452477982,3.333067390292239,66.12878291416312,-33.91407492714628,2.5592914805300087,45.70581373493945,-47.545368778859896,100.46058920332591,46.02650495325195,-48.62419412486597,110.32054214721525,46.59273469577629,-48.442909136136976,120.22669673272128,47.20469186705964,-47.96909905923382,130.1204519081812,47.65312446911077,-42.423893587289164,139.05883242264423,27.225592431647105,-47.03665460148043,141.73527773767546,24.914610642177124,-39.82049902538955,113.03278335982756,26.621883828507265,-31.49458614011217,91.08794580895902,26.782552340937954,-29.306871451361836,80.18214226678005,26.782552340937954,-29.306871451361836,80.18214226678005,30.449951513841434,-32.85891287797767,86.63595786408028,30.449951513841434,-32.85891287797767,86.63595786408028,47.65312446911077,-42.423893587289164,139.05883242264423,67.08968798358774,-49.691354315821876,142.94843422063562,72.54009478899928,-45.71935475172491,114.03886821285306,71.92507506525644,-36.84976158884131,92.24979824407431,71.71881805085297,-32.60212103420226,81.97052450545547,71.71881805085297,-32.60212103420226,81.97052450545547,67.53060807118479,-35.91727418573893,88.23049315568275,67.53060807118479,-35.91727418573893,88.23049315568275,47.59190483094219,-46.3013135489987,142.82867243097866,47.76670751647843,-45.12206174305937,150.1800886688078,47.763387845526886,-42.73010476641304,157.23296342341374,47.41920518703279,-40.12188441395009,166.59855285371603
8.56666324,46.7125,-43.4893,92.42,36.48725741043852,-42.53684932392413,91.55465237952566,32.79693922789096,-39.42820907906909,47.11433273857768,29.7296125968214,-44.378883836759314,7.445867851820331,30.964125457305602,-44.00491589833811,4.065688001289873,23.386203593320595,-32.121107521954684,2.6128426217889733,21.930364105036105,-29.669908332565374,2.070473556309812,56.93774258956148,-44.44175067607587,93.28534762047434,56.35653269903581,-43.792253188770836,48.59234536814025,54.76698927352091,-46.93785221229157,8.653850927668067,54.358077094132824,-47.16524724489143,5.066292959872008,63.70482714648665,-36.65804573323219,3.334952192660203,66.12991099309119,-33.911238015641345,2.5602978703195136,45.65509596823538,-47.52689366832874,100.47064202642123,45.97988433776507,-48.59710802708235,110.33139923779886,46.54654077740247,-48.40784244219487,120.23738016137199,47.15673966525849,-47.929145691709365,130.1310087059826,47.586687327138876,-42.38323949855043,139.06986272933062,27.16955923703671,-47.04832737028686,141.7349752112606,24.788291635209536,-39.86396195888315,113.03025121182256,26.43539883815527,-31.54661485134348,91.07756852394348,26.645520837259987,-29.303520244217413,80.18386226024066,26.645520837259987,-29.303520244217413,80.18386226024066,30.301212152917483,-32.85877659394938,86.64254819826868,30.301212152917483,-32.85877659394938,86.64254819826868,47.586687327138876,-42.38323949855043,139.06986272933062,67.05030299891256,-49.57642380624277,142.96225959206893,72.4844775723761,-45.54922174535564,114.05727538681622,71.82021736414029,-36.665343599895635,92.27547174909206,71.5888444207799,-32.415095040333995,81.99781080051582,71.5888444207799,-32.415095040333995,81.99781080051582,67.42264468296224,-35.77052368689721,88.25100431233001,67.42264468296224,-35.77052368689721,88.25100431233001,47.53595692011511,-46.26107340069066,142.83943269753854,47.702601146800966,-45.090284232438755,150.1923908728389,47.68066537680205,-42.706910301110895,157.24813739804523,47.31401466279539,-40.1084684673623,166.61559210980892
8.57499657,46.6407,-43.4814,92.4269,36.412818819538856,-42.55533325900948,91.56410120561053,32.75720687307994,-39.467842168136784,47.11943895792674,29.71432088475946,-44.38310252416251,7.444688294758556,30.95203309568088,-44.00805490136238,4.0657982984479375,23.376628631104463,-32.122992963315106,2.6100816615794296,21.92129797444246,-29.671476103876813,2.067782802490137,56.86858118046115,-44.40746674099052,93.28969879438948,56.30759719985524,-43.809859610116085,48.59571413268549,54.757350173641086,-46.93842725454118,8.654337361948478,54.34972153736309,-47.16584221186911,5.066634590582145,63.6977303199934,-36.659225565533355,3.3385433178749135,66.12296335757657,-33.9127952927174,2.563018276644666,45.59614421039218,-47.512878571085444,100.4822824668836,45.92500957142186,-48.57447881585364,110.34383566782628,46.49208343272684,-48.37724014537657,120.24963715902794,47.10053295646701,-47.89367512656493,130.14313669609984,47.512049475264575,-42.34714054323245,139.0824683275281,27.10545992054957,-47.064475024287674,141.73630460342076,24.65402931659115,-39.91219187490707,113.02947518279225,26.240981688873916,-31.60363933838483,91.06903258351944,26.499436868063352,-29.30417051313301,80.1881270663803,26.499436868063352,-29.30417051313301,80.1881270663803,30.14379381968364,-32.86312773348191,86.65117871917306,30.14379381968364,-32.86312773348191,86.65117871917306,47.512049475264575,-42.34714054323245,139.0824683275281,67.0024118756954,-49.466042793433914,142.9775925992233,72.41992025483995,-45.38376484456058,114.07720624626876,71.70628649533428,-36.48590253549648,92.30267352048494,71.44982104109933,-32.233214236632755,82.0266174416989,71.44982104109933,-32.233214236632755,82.0266174416989,67.30596456270409,-35.628713910910456,88.27302330444957,67.30596456270409,-35.628713910910456,88.27302330444957,47.471803864671784,-46.22536406578709,142.85176397684134,47.63038355721063,-45.06309265280554,150.2062516643815,47.589925825034136,-42.68844304218156,157.26485732705814,47.20088261339244,-40.09996390607951,166.63416688688378
8.5833299,46.5725,-43.474,92.4337,36.34203613530786,-42.57443278106864,91.57348912942672,32.72108653542899,-39.508124954017,47.124523083466784,29.702768844967007,-44.38798932992677,7.443526855017943,30.943677565878456,-44.01184682271051,4.0659312302826525,23.37064638667954,-32.12562475298793,2.6073412714110535,21.915794165764538,-29.673808627598568,2.0651116268144345,56.80296386469214,-44.373567218931356,93.29391087057328,56.262287201678355,-43.82777032811805,48.59901321155575,54.75135316197353,-46.93921449725855,8.65479243808236,54.34500897108496,-47.166645463514534,5.066944977874642,63.6941369860598,-36.66048709239594,3.3421253813407485,66.11948313309256,-33.91440127016114,2.5657347943328848,45.54083082237813,-47.49932869625702,100.49381727889457,45.87378218133118,-48.55229628568136,110.35615887146746,46.4412732022746,-48.34707625133468,120.26177433538747,47.04798685143584,-47.85864140720238,130.15514125425582,47.44104771440123,-42.311533234077665,139.09494750605222,27.045196815143353,-47.08128163097636,141.73762704877478,24.52353598501287,-39.96156274734182,113.0287860530849,26.050163691251356,-31.662136313448105,91.06061746863227,26.355745783188308,-29.305371824834804,80.1932009605029,26.355745783188308,-29.305371824834804,80.1932009605029,29.989216631665315,-32.8684349535132,86.66011842464951,29.989216631665315,-32.8684349535132,86.66011842464951,47.44104771440123,-42.311533234077665,139.09494750605222,66.95796815433812,-49.355834504864845,142.99271930383108,72.35814212667339,-45.21850287783245,114.0969180566521,71.594705695619,-36.30697750262565,92.32966323334504,71.31303072801377,-32.05202424432656,82.05520495987979,71.31303072801377,-32.05202424432656,82.05520495987979,67.19195194384496,-35.48747275259671,88.29483266956426,67.19195194384496,-35.48747275259671,88.29483266956426,47.41134801483894,-46.19011801966692,142.86396927314794,47.56194687422949,-45.03640497720251,150.21997210768367,47.50303351376752,-42.670610198054035,157.28142066880858,47.091647240398245,-40.092268011937605,166.65257072586004
8.59166323,46.5152,-43.4678,92.4365,36.28222380106633,-42.59470290528728,91.5789019675505,32.69604885540919,-39.54950942224801,47.12566532318458,29.702455268662334,-44.39390759065808,7.4384509649899115,30.94657729504551,-44.01666859374883,4.062159957644852,23.375969820536678,-32.12925698195861,2.600685141308267,21.92160634580396,-29.677135956455395,2.0585231318051744,56.74817619893367,-44.340897094712716,93.2940980324495,56.22795816752603,-43.84684599168079,48.59835562942645,54.75637686199093,-46.941077460011776,8.651328709121223,54.351322480760686,-47.16851856799002,5.063336048280371,63.701580504850135,-36.662824127495725,3.3418192153919763,66.12704387851248,-33.91708423981154,2.564571821184396,45.49638696511552,-47.48693903194554,100.50134001058554,45.83340040596677,-48.53126825735111,110.36446210503664,46.4012932341347,-48.3180730802527,120.26988610366372,47.00627348114364,-47.82478533296352,130.16311839344158,47.38091641387235,-42.277173113435076,139.10340267755106,26.995941135792688,-47.09929108485311,141.73493265492323,24.40423548326093,-40.01244578776628,113.02419586211708,25.870591569229486,-31.722382024645277,91.04838768875221,26.222168320328077,-29.307369340472746,80.19515921266103,26.222168320328077,-29.307369340472746,80.19515921266103,29.84514133846227,-32.87499248355572,86.66545150687574,29.84514133846227,-32.87499248355572,86.66545150687574,47.38091641387235,-42.277173113435076,139.10340267755106,66.9240917004737,-49.24683266018621,143.00380449781971,72.3065787316257,-45.05452946756983,114.11262679699452,71.4932494045519,-36.12962490433088,92.35266181120471,71.18640888030211,-31.872564340803613,82.07979730893452,71.18640888030211,-31.872564340803613,82.07979730893452,67.08843006825256,-35.34777332889485,88.31261712815333,67.08843006825256,-35.34777332889485,88.31261712815333,47.36176222179633,-46.15609390437734,142.87214699184483,47.50446735720917,-45.01098904055782,150.22965211231084,47.427186281662564,-42.65418825762733,157.29393050486027,46.993525498283084,-40.08616461888463,166.6669094017861
8.59999656,46.4526,-43.466,92.441,36.21697796153065,-42.6200138119542,91.58781557372603,32.652690971906566,-39.57192079762948,47.13301730085541,29.700868470790034,-44.40286660302441,7.441034656532395,30.94501697079017,-44.02678459827412,4.064624332053095,23.374634498874187,-32.13972678724115,2.599111853065856,21.920703156092014,-29.68773423120307,2.0552125604486764,56.68822203846934,-44.3119861880458,93.29418442627397,56.194039478386685,-43.85771237363786,48.59772459835413,54.75762278573766,-46.947708342785575,8.649089932251592,54.35363514453426,-47.17524081281854,5.060982798338836,63.70627671809919,-36.67127380718657,3.3418743837762275,66.13215267349605,-33.926231942136596,2.563449931597155,45.44818623680126,-47.48116620317919,100.50962418926824,45.78964081455936,-48.51764304150407,110.37342181367964,46.35842170636638,-48.29610830041552,120.27861185203862,46.96244166551895,-47.79721787835118,130.17162187306445,47.32228342603483,-42.24824732997207,139.11167117419305,26.947102188250668,-47.11626239431493,141.73453367550326,24.295031252166773,-40.06894388398512,113.01958037232092,25.680147722712018,-31.80536906744134,91.02853024154253,26.052222308298926,-29.345274185464056,80.18611563476358,26.052222308298926,-29.345274185464056,80.18611563476358,29.689990544851657,-32.89034423410769,86.66050142502213,29.689990544851657,-32.89034423410769,86.66050142502213,47.32228342603483,-42.24824732997207,139.11167117419305,66.88829035110602,-49.15451767084273,143.01036221438542,72.23946168152915,-44.900583928742876,114.12237622106491,71.38376033034201,-35.97202353754965,92.36553622123056,71.06149436810914,-31.700025967329715,82.09934694572598,71.06149436810914,-31.700025967329715,82.09934694572598,66.97962824998979,-35.216091678124,88.31981330001888,66.97962824998979,-35.216091678124,88.31981330001888,47.313699151114704,-46.1270515317038,142.88057437895336,47.4528940405952,-44.98563286706996,150.23871950644764,47.35960724851601,-42.6330480260559,157.30420983923804,46.90592556793634,-40.06957463791431,166.67748661992664
8.60832989,46.3861,-43.457,92.4469,36.1479166066703,-42.63797026131746,91.59815628031689,32.60539454147413,-39.586723173913086,47.14183467270742,29.695059359505674,-44.40392621862442,7.445118389812933,30.939225412411314,-44.0290087857087,4.068585020380153,23.369259039744097,-32.142174529323405,2.599115225551898,21.91579833627315,-29.690285331896455,2.053494815461921,56.6242833933297,-44.27602973868254,93.29564371968311,56.15621643728155,-43.861503864690285,48.59851647559228,54.75498525941384,-46.94721579164554,8.648301047136606,54.35206640080226,-47.17483185171994,5.060079040881789,63.70721622452689,-36.67270105865842,3.3434015577493,66.13353811070297,-33.92838594811915,2.5638053171678252,45.396018283897554,-47.46813694298417,100.51929874972534,45.741886229604106,-48.496761632671195,110.38376455646312,46.31154565296489,-48.266901629502954,120.28871440796262,46.91461470016296,-47.76243098603516,130.18149946246527,47.25975937751211,-42.21215890344172,139.121320305574,26.89441674020633,-47.12578641333296,141.73552626516766,24.18228731960553,-40.11833692044584,113.01642587447736,25.486606230562757,-31.882025693415184,91.01021239305335,25.877701588875894,-29.37596243311747,80.17900044854059,25.877701588875894,-29.37596243311747,80.17900044854059,29.53046793799412,-32.89868818967407,86.65713690871232,29.53046793799412,-32.89868818967407,86.65713690871232,47.25975937751211,-42.21215890344172,139.121320305574,66.84831211354543,-49.055231873840455,143.01823483753896,72.16766298982503,-44.739820042560076,114.13349061811633,71.26964228565927,-35.80765568398055,92.37983573149529,70.93176783123118,-31.520687355578964,82.1203910956882,70.93176783123118,-31.520687355578964,82.1203910956882,66.86636211760572,-35.077510006193265,88.328453576806,66.86636211760572,-35.077510006193265,88.328453576806,47.26169625288824,-46.0908228376938,142.89037714059864,47.39744865101776,-44.95311351334755,150.24916102669,47.28824026893404,-42.6048828675703,157.3158715673882,46.81459361558422,-40.04616053511475,166.68945889346372
8.61666322,46.3144,-43.4428,92.4534,36.073723668883375,-42.65076819975826,91.60911999981434,32.55280175517821,-39.596174857709094,47.1513122418704,29.683778377936807,-44.39939637017299,7.449894790436176,30.927952861837937,-44.02562613797107,4.073237343976869,23.35834575765493,-32.13904574895972,2.5998684343439367,21.905343606427223,-29.68726573268132,2.0525387483177298,56.555076331116624,-44.234831800241736,93.29768000018566,56.11323331198355,-43.85996575251073,48.59993562261441,54.74728461954136,-46.94132155784714,8.648162066731622,54.3454432436985,-47.16901577100782,5.059824192791396,63.70306375916292,-36.668682307079266,3.345619877413134,66.12982303668498,-33.92508383830513,2.5648635321294107,45.338656838748065,-47.449869029253136,100.52956406671944,45.688923097814964,-48.470633205628985,110.39469118624442,46.259439812578314,-48.23245097818409,120.29939506597273,46.86155051846115,-47.72241056568099,130.19195290082388,47.191989950408946,-42.17088470945775,139.13155088929622,26.836612341457226,-47.130153957108135,141.7371678539125,24.064643172138652,-40.16294302087708,113.01399114355524,25.2885359441371,-31.954616803987467,90.99270667966049,25.697133092524485,-29.40171971896751,80.17308442772904,25.697133092524485,-29.40171971896751,80.17308442772904,29.36514614916912,-32.90226139107666,86.65463046026446,29.36514614916912,-32.90226139107666,86.65463046026446,47.191989950408946,-42.17088470945775,139.13155088929622,66.80291948240762,-48.95061377392732,143.02663824946785,72.08993860082852,-44.573976383137285,114.14517021837582,71.14956870903765,-35.638397311797895,92.3947073872898,70.79586188277037,-31.336490362890903,82.14205168669878,70.79586188277037,-31.336490362890903,82.14205168669878,66.74730358901273,-34.93399909915747,88.33766766804365,66.74730358901273,-34.93399909915747,88.33766766804365,47.20447031533857,-46.04938406312558,142.90075691923005,47.33682090715652,-44.91540524114848,150.26017855782726,47.211726151899185,-42.571666940486494,157.32811698304837,46.718120073115934,-40.01790171130746,166.70202634252183
8.62499655,46.2449,-43.4309,92.4589,36.0018128553505,-42.66572863927497,91.61910636711016,32.50237920321285,-39.6075528913923,47.15984830470713,29.67440917030607,-44.396519933672025,7.453763634332752,30.918590157329394,-44.02390855015967,4.076980509521999,23.349478943758204,-32.1374932643763,2.5997371001657306,21.89696323570098,-29.685806079131815,2.0507030862330806,56.4879871446495,-44.196071360725036,93.29869363288984,56.072468712827906,-43.860769334961134,48.60038248767614,54.74184911431919,-46.937663216041955,8.647072797255852,54.34109009815594,-47.16542317047843,5.058618052143554,63.701289367898966,-36.66697758223778,3.346931497469331,66.12851538495705,-33.92411914922418,2.565026709043954,45.28343159580954,-47.43384533800728,100.53882017801966,45.638066460725554,-48.446746752854,110.40460164107607,46.20942685146678,-48.2002518157529,120.3090534982096,46.81058413372619,-47.68465731206781,130.20138139765552,47.12641129846535,-42.131924788849126,139.14075813619846,26.78104898134572,-47.13658359170494,141.73779708317758,23.94949332108918,-40.209986889185956,113.01061009413317,25.09333383905481,-32.03045699911152,90.97431226789114,25.517880822732298,-29.42993788187916,80.16665197482014,25.517880822732298,-29.42993788187916,80.16665197482014,29.20138903145486,-32.90845047704373,86.65126978586491,29.20138903145486,-32.90845047704373,86.65126978586491,47.12641129846535,-42.131924788849126,139.14075813619846,66.75941499798427,-48.848535311766625,143.03399556257133,72.0137170599435,-44.41086356022283,114.15587060773326,71.03114598313518,-35.471936163179315,92.40864932984573,70.66146813526787,-31.15506923150929,82.1628473107789,70.66146813526787,-31.15506923150929,82.1628473107789,66.6300737921754,-34.79314603665838,88.34595393804017,66.6300737921754,-34.79314603665838,88.34595393804017,47.149392136527375,-46.0102328610002,142.91011159144375,47.27840499735077,-44.88000004570484,150.27016872216439,47.137505558304774,-42.54088238821131,157.33934034513257,46.623998060324375,-39.99226385005419,166.7135813321608
8.63332988,46.1834,-43.4243,92.4633,35.93797668771654,-42.6862024972067,91.62778337030976,32.469430491390895,-39.661128541081204,47.16384048291024,29.658498686043334,-44.408705943490624,7.4515759934125825,30.906468945619334,-44.03578254669947,4.076225905652862,23.347117072799268,-32.143628836775726,2.595199098860137,21.894108686947423,-29.69093803003785,2.051982086895563,56.428823312283455,-44.162397502793304,93.29881662969025,56.03809178166457,-43.86194283513977,48.60003411703488,54.73993301081877,-46.93941180567052,8.645700832257162,54.34055537322712,-47.167791365248455,5.057131462305023,63.70128621214157,-36.66952681946659,3.3472423757922085,66.12857360168167,-33.926930676433756,2.564608397229403,45.23609596553314,-47.423120670522366,100.54693478057897,45.59488199515235,-48.42951358067862,110.41323220847649,46.166766272721645,-48.17612062589347,120.31747975303706,46.76652462517004,-47.654366252292284,130.20956958950217,47.06877705790066,-42.09828201247867,139.14733290774925,26.733819290318515,-47.14918029270867,141.7363303958555,23.849696848678494,-40.2688686981531,113.00325064892527,24.91683697002254,-32.11673327014316,90.95295808477087,25.316392731071232,-29.486800679329704,80.15146417918291,25.316392731071232,-29.486800679329704,80.15146417918291,29.039370786166813,-32.93187512685733,86.63139066071284,29.039370786166813,-32.93187512685733,86.63139066071284,47.06877705790066,-42.09828201247867,139.14733290774925,66.72187725769791,-48.76006803097131,143.03336538581038,71.93227164172998,-44.26428571840581,114.1562731949254,70.90470501124238,-35.31229267495787,92.41650710579813,70.52435143721628,-30.981414621400255,82.17701066921481,70.52435143721628,-30.981414621400255,82.17701066921481,66.50315405423457,-34.643283441730176,88.35270812809024,66.50315405423457,-34.643283441730176,88.35270812809024,47.1018023380671,-45.97543591489194,142.9177989319791,47.2302107078526,-44.84655915439253,150.27807474560683,47.07623629058239,-42.50859369503636,157.34735482862686,46.547617468276535,-39.9588129003735,166.72043972775546
8.641663209999999,46.1239,-43.4154,92.4681,35.876220473876955,-42.70425747863622,91.6368867576928,32.43867672719763,-39.71231820679847,47.168294530894116,29.64495462703934,-44.41851842530007,7.449891038048861,30.89673048637552,-44.045311797124434,4.075981754403414,23.34727249244206,-32.14735432544611,2.5911070122220687,21.893794745979772,-29.693663740419918,2.0536916808509464,56.37157952612304,-44.126542521363774,93.2993132423072,56.005694280491234,-43.86100120578437,48.60009940082281,54.739989292030586,-46.939079031422665,8.644771752666806,54.34199284365104,-47.16807886647931,5.056088464018823,63.70338407350353,-36.670112082979955,3.34798757291633,66.13076750276373,-33.92780963832661,2.5646226458221757,45.19070716092581,-47.41002929082393,100.55544758177811,45.55362804850818,-48.40989546136937,110.42225735549704,46.126034225799444,-48.14959940990371,120.32629573255264,46.72439878701497,-47.62168842840485,130.2181433298367,47.01315064628853,-42.06228248868705,139.15428733646485,26.68864953558586,-47.15916532899437,141.73526171704808,23.75236720474116,-40.32560213605529,112.99630937355307,24.74330835424988,-32.20170970162913,90.93204166324637,25.116972433852503,-29.54269185341275,80.13674360949419,25.116972433852503,-29.54269185341275,80.13674360949419,28.879286801698772,-32.95384289384662,86.61189533980975,28.879286801698772,-32.95384289384662,86.61189533980975,47.01315064628853,-42.06228248868705,139.15428733646485,66.68611192806439,-48.66945234567349,143.03306159216442,71.85224914597275,-44.115885040486305,114.15707203885434,70.77966630676843,-35.15101706988061,92.424787056307,70.38857005556481,-30.806143922434387,82.1916261621473,70.38857005556481,-30.806143922434387,82.1916261621473,66.37765211161005,-34.49171652716314,88.35990327783355,66.37765211161005,-34.49171652716314,88.35990327783355,47.056179317783744,-45.938253459420494,142.92586852470157,47.18403302203194,-44.810720632868694,150.28635999320136,47.01703118897078,-42.474013361674956,157.35576032272044,46.47327330716428,-39.92321692078235,166.7277027771694
8.64999654,46.0587,-43.4052,92.4725,35.80884629534917,-42.720855445163295,91.64561042241368,32.40245902237847,-39.76191882710078,47.172412627710045,29.62613499260226,-44.42667727080154,7.447900884535535,30.881735706111744,-44.05320803891478,4.0754422228662195,23.342355644342554,-32.14934507831645,2.5866991625994733,21.888442056100082,-29.694650424632243,2.0550792607917248,56.30855370465083,-44.089544554836706,93.29938957758631,55.9676306387006,-43.85875043513718,48.59978546538622,54.734416233953596,-46.937268809857194,8.64347574416152,54.33780539370355,-47.166871067914144,5.054677548652152,63.69996972165477,-36.66929347197523,3.34842296223223,66.12747982170701,-33.92730791392954,2.564341631493381,45.139544826929644,-47.39559653740911,100.56354394973549,45.506571122245056,-48.38895315818521,110.43085935783446,46.079488419883575,-48.12178506594387,120.33468518530916,46.67645647106085,-47.5877568305545,130.2262887979738,46.951793246230835,-42.025090512294426,139.16082710937715,26.63778427566043,-47.16764345584857,141.73379768952907,23.649723373730765,-40.38108587792417,112.98904425646104,24.564895188001344,-32.28617721188171,90.91085555179609,24.911727150874807,-29.598373089523925,80.121792690721,24.911727150874807,-29.598373089523925,80.121792690721,28.71326061379034,-32.975152350144114,86.59205202935209,28.71326061379034,-32.975152350144114,86.59205202935209,46.951793246230835,-42.025090512294426,139.16082710937715,66.64438019058034,-48.577862571466795,143.03228505435922,71.76589770140296,-43.96670413635787,114.15748638990685,70.64828479404999,-34.98903531437991,92.4327561003911,70.2463823819807,-30.6301295545895,82.20598359586639,70.2463823819807,-30.6301295545895,82.20598359586639,66.24581997979652,-34.33933612694912,88.36681453199493,66.24581997979652,-34.33933612694912,88.36681453199493,47.00476827014942,-45.899863344682004,142.93351265633595,47.1321148712838,-44.773686732017076,150.29422054231853,46.95213872637303,-42.43836456147748,157.36376016308233,46.393223354769304,-39.88672536432965,166.73458144519864
8.65832987,45.9932,-43.3918,92.4791,35.741228550039374,-42.734472837089015,91.6565568703761,32.36603506480302,-39.80860229694602,47.17879329384786,29.6074544434339,-44.431880547276954,7.448196635033092,30.866889669201953,-44.05811067937757,4.077201404905193,23.337350868525995,-32.14850187856341,2.584611487786234,21.882948133229572,-29.692848277584808,2.05878988261665,56.24517144996063,-44.04912716291099,93.30164312962391,55.92928919627068,-43.85292665437868,48.60168981854924,54.72867608518463,-46.93176608794204,8.644411938420525,54.333459750078944,-47.161966603091685,5.055498228829492,63.696178645213195,-36.66457598278509,3.3511373352992937,66.12375949549927,-33.92285429597135,2.566352634263686,45.08815797825442,-47.377941954200686,100.57383126263842,45.459298621871895,-48.36477535750956,110.44164730759837,46.03270842681758,-48.09072778609739,120.34525665796126,46.62825961483824,-47.55058399314384,130.2366136177409,46.8900637464049,-41.984693936321655,139.16955088484752,26.586776910960914,-47.17336970053088,141.73454139781145,23.547126575232387,-40.434264012691855,112.98403354134672,24.38676914489706,-32.369050986183105,90.89197973387468,24.705788275497255,-29.652770928433362,80.10919204825987,24.705788275497255,-29.652770928433362,80.10919204825987,28.546511625537434,-32.99457600828792,86.574463404551,28.546511625537434,-32.99457600828792,86.574463404551,46.8900637464049,-41.984693936321655,139.16955088484752,66.6022548937897,-48.48263738243677,143.03364715435916,71.67871698767944,-43.81406308175257,114.1601183044196,70.5158064315801,-34.82383132298858,92.4429620862997,70.10291009733893,-30.450928339981278,82.2226050989318,70.10291009733893,-30.450928339981278,82.2226050989318,66.11289280434374,-34.18380754916401,88.37597210935905,66.11289280434374,-34.18380754916401,88.37597210935905,46.9530677119946,-45.858245443219516,142.94333629418512,47.079912288388144,-44.733421837146075,150.30425972886093,46.88692590893528,-42.399607817269164,157.37395419754,46.31273335321463,-39.84730670259478,166.74367150466227
8.6666632,45.9348,-43.3799,92.4824,35.681048015420195,-42.74523441498317,91.664265143194,32.33173963554475,-39.8387649961118,47.1832728977004,29.599135478885106,-44.43397728074563,7.447625447681958,30.862285621450496,-44.059911577674185,4.078053307079726,23.337844525281362,-32.14779656323909,2.579766594480637,21.88340953715553,-29.69172903943651,2.0559713398842776,56.18855198457981,-44.014565585016825,93.300534856806,55.90075463569905,-43.83547185239236,48.60032008807237,54.725219607120835,-46.926269148358436,8.643219728288578,54.33074376217487,-47.15655959663444,5.054230321674649,63.695319997435384,-36.66056773889997,3.3514596805236234,66.12321602534044,-33.9194110200673,2.565677051496153,45.04213815416791,-47.36414367374372,100.57944020810868,45.41642170162092,-48.34375541743492,110.44785708712875,45.989382715261236,-48.06235140732674,120.35128611450827,46.58302395618625,-47.516545967576505,130.24244709486908,46.832207556767074,-41.947549675582806,139.17380922944642,26.541791505190503,-47.18824394229713,141.7348888644347,23.462288491943948,-40.488835571305984,112.97934487183913,24.23283593515211,-32.45471734512498,90.87344739615378,24.50686200397163,-29.712632662710504,80.09595500975242,24.50686200397163,-29.712632662710504,80.09595500975242,28.392281922802987,-33.02756438815425,86.54834142593667,28.392281922802987,-33.02756438815425,86.54834142593667,46.832207556767074,-41.947549675582806,139.17380922944642,66.56363417679219,-48.38888803535033,143.0345024979607,71.577660695442,-43.674050682643994,114.15758146320005,70.3789110870713,-34.66410121917746,92.45054775791894,69.95162794238352,-30.276395894395172,82.23712854944586,69.95162794238352,-30.276395894395172,82.23712854944586,65.97244651671026,-34.02652953256859,88.38701990061469,65.97244651671026,-34.02652953256859,88.38701990061469,46.905956526473005,-45.81989085989109,142.9486419321999,47.0360683318781,-44.69209809793495,150.3090540067154,46.83300477173203,-42.355284246530296,157.37747516825664,46.25019624083626,-39.79520766812217,166.74453888189717
8.67499653,45.8765,-43.3666,92.486,35.62102527780339,-42.75447573553782,91.67229433009047,32.297638520215,-39.8673813977696,47.18809613573933,29.59090488166577,-44.43443432345933,7.447431819778352,30.857776039129426,-44.06008062250387,4.079288915956181,23.33858150824382,-32.14536721765242,2.5753344329503394,21.884140112583076,-29.68887122650572,2.053570159577174,56.13197472219661,-43.97872426446218,93.29970566990954,55.87225447055829,-43.81667669026967,48.5992539023425,54.72175308068806,-46.91937399766959,8.642347169456379,54.32801419530459,-47.14974510410728,5.053282014425662,63.69454853690604,-36.65524053933983,3.3521149539416832,66.12278623603972,-33.91467158174237,2.5653385659131906,44.996175610100785,-47.348888933845224,100.58535224387867,45.37358001857532,-48.321260192634796,110.45436633283123,45.946085288138406,-48.03249321532058,120.35760976059444,46.53782069177038,-47.481024839565976,130.24857083033035,46.774455493343396,-41.90894083097899,139.17834829216744,26.496988455604832,-47.20138187242091,141.73557084726255,23.377895827149864,-40.541931761694116,112.97501266356488,24.079762257926266,-32.53959092706523,90.85530590873243,24.308161956346854,-29.7723896713819,80.08317094767806,24.308161956346854,-29.7723896713819,80.08317094767806,28.23817753229299,-33.059883358269936,86.52257414869413,28.23817753229299,-33.059883358269936,86.52257414869413,46.774455493343396,-41.90894083097899,139.17834829216744,66.52488157294557,-48.29384601454536,143.0356328695661,71.47643301628604,-43.53305140574346,114.15547195178802,70.24197213636843,-34.503553272682744,92.45856498233714,69.80034569786156,-30.101121572417956,82.25209536526683,69.80034569786156,-30.101121572417956,82.25209536526683,65.8319757508577,-33.86840379446516,88.39849068097242,65.8319757508577,-33.86840379446516,88.39849068097242,46.85890668852623,-45.78003733759593,142.95423321150628,46.992299183567226,-44.64922825556321,150.3141237517765,46.77916237784722,-42.309509269865906,157.38128720485403,46.18760282242177,-39.741744025279296,166.74569746004244
8.68332986,45.8186,-43.3574,92.4905,35.56144147447743,-42.768033154845064,91.6812284052114,32.26397654522091,-39.90017182642912,47.193857178184516,29.583217883994973,-44.43899866523951,7.448198753426269,30.85379704463034,-44.06431815952036,4.081489238366622,23.339601957925105,-32.14715997134624,2.5719284025705065,21.88509832847944,-29.690268163433846,2.052205282974745,56.07575852552258,-43.94676684515493,93.2997715947886,55.84419358687847,-43.80165099747877,48.59910693172185,54.71886407422066,-46.916157781547426,8.64240210424726,54.3258741179702,-47.14660662549739,5.053259857385431,63.694159891127235,-36.65339730840717,3.3537478979704547,66.1226860768474,-33.913365815769005,2.5659905722523804,44.950687460873894,-47.33774666540981,100.59214620321627,45.33120626243204,-48.30289798642361,110.46174940747966,45.903222655117354,-48.00679458013716,120.36480444416833,46.4930214908797,-47.44969431160307,130.25556557082245,46.71697925370494,-41.87458012869051,139.18377852269347,26.452710800196247,-47.21918288117186,141.73713597951402,23.29411862009791,-40.599898532142774,112.97161683268617,23.927524424046357,-32.6298457676342,90.8381905670021,24.109617505726728,-29.83814790884459,80.07149534489714,24.109617505726728,-29.83814790884459,80.07149534489714,28.084209167946284,-33.09754506477941,86.49780859996515,28.084209167946284,-33.09754506477941,86.49780859996515,46.71697925370494,-41.87458012869051,139.18377852269347,66.48638708912316,-48.202591062036106,143.03757928354815,71.37510669366458,-43.39584190482306,114.15432626717543,70.1045787979868,-34.34685356800998,92.467623632,69.64841914415398,-29.92971636848833,82.26814922585136,69.64841914415398,-29.92971636848833,82.26814922585136,65.69101264543718,-33.714210501476956,88.41103850656062,65.69101264543718,-33.714210501476956,88.41103850656062,46.812212092023955,-45.74441465573677,142.96070035558682,46.94884877239372,-44.61057636384497,150.32006531785888,46.72555329080866,-42.268090207690136,157.38599832338807,46.12500864870007,-39.69279639831633,166.74776890456744
8.69166319,45.7606,-43.359,92.4928,35.501814704240864,-42.7922876465263,91.68797941506416,32.23031232568177,-39.94363930749356,47.19745708639726,29.57544170258926,-44.454221190664654,7.446845861664507,30.84972436264313,-44.07923256133548,4.081570676221293,23.340663005202114,-32.15954895620396,2.5664134950202553,21.886119350847757,-29.7022498621323,2.0487319280777347,56.01938529575913,-43.925712353473706,93.29762058493584,55.815981108238304,-43.797554423451814,48.59676707483526,54.71580208062709,-46.923893606732435,8.640285884566666,54.32356003260683,-47.154419349013956,5.051066763154542,63.69368076979646,-36.66258121720272,3.353206054391748,66.1225176425128,-33.92310745432712,2.5644674615425846,44.90506015682996,-47.337347906958165,100.59674363643099,45.28867262202457,-48.29525986432906,110.4669323478424,45.860192669795744,-47.99181255807454,120.36979373270094,46.44805809793276,-47.42907807189361,130.260351006023,46.65940084104563,-41.850950195121015,139.18698897231837,26.408431968301148,-47.247511877891185,141.7365714007154,23.210565769525136,-40.66859608404351,112.9661310079757,23.775873971959513,-32.73148954997642,90.81902580790202,23.91101734542,-29.91599365654507,80.0578372130699,23.91101734542,-29.91599365654507,80.0578372130699,27.93008489331469,-33.14673236948257,86.47094676834422,27.93008489331469,-33.14673236948257,86.47094676834422,46.65940084104563,-41.850950195121015,139.18698897231837,66.44755442191388,-48.122239355211406,143.03730051432427,71.27340739867165,-43.26983241493404,114.15110984174395,69.96690532818998,-34.20149765656738,92.47462813252677,69.49624016349395,-29.769717801341592,82.282167073076,69.49624016349395,-29.769717801341592,82.282167073076,65.54978270018871,-33.5713280932222,88.42153051180104,65.54978270018871,-33.5713280932222,88.42153051180104,46.76537921320258,-45.71948756619684,142.96495327670567,46.905271115801185,-44.582573978918006,150.32378261656322,46.67182180962671,-42.23741868448827,157.3885019718494,46.06215878667821,-39.65469470446375,166.74763592365582
8.69999652,45.7059,-43.3503,92.4964,35.44567456834382,-42.80514001912935,91.69505769058854,32.19871121475258,-39.98085608044205,47.20118450040528,29.56262366495782,-44.46042597916025,7.445816615774724,30.838811875548405,-44.08562224803586,4.081242993770765,23.333876893049542,-32.163774971093105,2.5626681968913014,21.879754542229687,-29.706098480481593,2.0455949513625615,55.96612543165618,-43.89545998087065,93.29774230941145,55.781884202365994,-43.80430747065053,48.59671493151653,54.711573027684,-46.9273220628585,8.639162534801748,54.32057667597114,-47.158617905517175,5.049857040738022,63.69259878365463,-36.66832698865478,3.352930674425579,66.12160449236472,-33.92968620356986,2.561822883462012,44.86149082521967,-47.32880644477755,100.60143316272736,45.24750415208118,-48.28327146549127,110.47186219474614,45.81853587872207,-47.976038074323306,120.37463501102951,46.404211499913984,-47.40925372721504,130.2650909464763,46.60362491883659,-41.82760229945969,139.1898006545503,26.366180201949998,-47.273792293514006,141.74123842953557,23.146174169837728,-40.73052106907386,112.96513924155364,23.644152356577067,-32.832999201308525,90.80227236216052,23.7368488250019,-29.990444738161997,80.04774994972159,23.7368488250019,-29.990444738161997,80.04774994972159,27.7945096151101,-33.20170285011091,86.44632486954747,27.7945096151101,-33.20170285011091,86.44632486954747,46.60362491883659,-41.82760229945969,139.1898006545503,66.40907099938185,-48.04429861066659,143.03973329874563,71.18463606904282,-43.15959825424339,114.150628045495,69.81625411082143,-34.068527671219115,92.4874918757045,69.3232400205745,-29.616949714205617,82.3047195797964,69.3232400205745,-29.616949714205617,82.3047195797964,65.39179319581335,-33.43624766654737,88.44273552707755,65.39179319581335,-33.43624766654737,88.44273552707755,46.721262795521646,-45.69458132494108,142.96901507536,46.86950553128398,-44.55047753724341,150.32656644227342,46.63074083288391,-42.197575885310044,157.3885319432956,46.02220630654935,-39.60015645208965,166.74367162715856
8.70832985,45.6484,-43.3357,92.5007,35.386784449499004,-42.812023109651875,91.70283809576387,32.164442767638896,-40.0119964676832,47.20564192409915,29.54719008818243,-44.460539526459904,7.445545938851737,30.825285330568605,-44.08593572316761,4.081674005268537,23.32457997111151,-32.161863594595346,2.5596740107817766,21.870899044120062,-29.703798510745422,2.0432070796437305,55.910015550501,-43.85937689034813,93.29856190423612,55.74505452668258,-43.80507818875545,48.597399259830254,54.70464513879244,-46.92461065574147,8.638785104894772,54.31489815411585,-47.15666135427684,5.049392453645156,63.68889045881781,-36.6679713407872,3.3534528697238635,66.1180840011326,-33.9301786558777,2.5599898472507823,44.81509224329828,-47.31434345421429,100.6068148154562,45.203488341835275,-48.26537632981781,110.47748166124542,45.77402182536927,-47.95437958523058,120.38016572211613,46.35749839094784,-47.38357240714161,130.27052028114295,46.54500547653612,-41.79843626443732,139.19330779997992,26.321179300343385,-47.294122177686184,141.74659587187068,23.0793255384613,-40.78653354572058,112.96485867579992,23.510521351848922,-32.92921400913465,90.7863081796448,23.56027397172087,-30.060138491638504,80.03854603198894,23.56027397172087,-30.060138491638504,80.03854603198894,27.65648213896543,-33.25149736893938,86.42249918976162,27.65648213896543,-33.25149736893938,86.42249918976162,46.54500547653612,-41.79843626443732,139.19330779997992,66.3675481081775,-47.960669450901925,143.0428109643369,71.09267648047117,-43.0439086843426,114.1508510607622,69.66235828746052,-33.93033660029511,92.50117448175499,69.1469559609603,-29.4590620494357,82.3281451805321,69.1469559609603,-29.4590620494357,82.3281451805321,65.23054815652655,-33.29595499187616,88.46480169783737,65.23054815652655,-33.29595499187616,88.46480169783737,46.67427009901365,-45.663828225207034,142.97376580649083,46.830818868337715,-44.512465196306216,150.3300126186229,46.58665253633764,-42.15190712857262,157.38923778245464,45.97894863637411,-39.539793296560916,166.7403392034094
8.71666318,45.5946,-43.3181,92.5063,35.33163457951217,-42.81601719051885,91.7119270143726,32.13391667093732,-40.04027600966099,47.211433047180854,29.535593861957494,-44.457782547085245,7.446635370565559,30.815593470811148,-44.083361735125514,4.083467236126559,23.31898944977309,-32.15714698981642,2.5580522104604637,21.865722529143486,-29.69870944541163,2.0421933319241785,55.85756542048783,-43.82018280948115,93.30067298562739,55.71196876626415,-43.80266058897232,48.59941353093117,54.7015209071183,-46.918635476341784,8.639752930330097,54.31302845375225,-47.15143826925553,5.0502729795727195,63.688875492410354,-36.66424192473795,3.3553493414039357,66.11822740965849,-33.92727138284275,2.5595383496724526,44.77243953681391,-47.29686053242346,100.61349555412986,45.163223988363036,-48.244451772688976,110.48439912949718,45.73325081102871,-47.92968687379662,120.38699331083507,46.314515950154,-47.35485961381206,130.27724525401712,46.49005241341561,-41.76626308182765,139.19810942172853,26.280026986021753,-47.311622827049405,141.75327015251787,23.016427061623947,-40.83980583138207,112.96592532969578,23.381201791943695,-33.02330702321921,90.77176420524441,23.387442170108127,-30.12826005067956,80.03085526254624,23.387442170108127,-30.12826005067956,80.03085526254624,27.52221577183537,-33.29923372133457,86.40008786908813,27.52221577183537,-33.29923372133457,86.40008786908813,46.49005241341561,-41.76626308182765,139.19810942172853,66.32960439220972,-47.87377856111624,143.04718993413368,71.00407774890294,-42.925125379998974,114.15243518226595,69.51161101247793,-33.789280189867895,92.51634547218607,68.9737055848298,-29.298405820780875,82.35311931201193,68.9737055848298,-29.298405820780875,82.35311931201193,65.07242534658215,-33.15285793562316,88.48840758158902,65.07242534658215,-33.15285793562316,88.48840758158902,46.63098158151057,-45.63003230843168,142.97980922804945,46.795778464524346,-44.47132675696424,150.33472288728757,46.54609177666538,-42.10319598326183,157.39121810085143,45.938882523283,-39.47638813811235,166.7382346277261
8.72499651,45.5461,-43.3023,92.51,35.28182565864227,-42.82192220035916,91.7191243934995,32.10874288437103,-40.07047875427507,47.215358182979465,29.52945318813505,-44.45694583359749,7.445885582567577,30.811354467042523,-44.08268515357215,4.083423999423116,23.318695141737308,-32.15442663536698,2.554612056186584,21.865809016024667,-29.695635818999957,2.0393646282833444,55.810374341357736,-43.782677799640844,93.30087560650051,55.6842096675917,-43.80193180923428,48.599557795856406,54.70377084555774,-46.914350513824274,8.63887250126259,54.3165369414686,-47.14791013671496,5.049305723825647,63.694103435261525,-36.662086306254444,3.355403055122804,66.12357918005361,-33.92590884778749,2.5572463406586294,44.735132596868866,-47.281157245544215,100.61827539277861,45.12831081366923,-48.2252972107357,110.48941462066725,45.69782225700142,-47.906757566368746,120.391917751254,46.276863383985905,-47.32790951622972,130.28206564441064,46.44035977068397,-41.735872695475365,139.2010025133914,26.244319985647792,-47.331089616470486,141.758054223515,22.95908413568478,-40.89514911282868,112.96512771571275,23.257805737858146,-33.120093520262735,90.75542762370557,23.21997133768964,-30.19963878948802,80.0214640708271,23.21997133768964,-30.19963878948802,80.0214640708271,27.393322969329805,-33.349734261304945,86.3758787119163,27.393322969329805,-33.349734261304945,86.3758787119163,46.44035977068397,-41.735872695475365,139.2010025133914,66.2968562651823,-47.788373412420576,143.0496088683403,70.92044929379898,-42.80804368327383,114.15211027530107,69.36563494427492,-33.650279200968924,92.52968200590567,68.80511561944894,-29.139958917055996,82.37629390863074,68.80511561944894,-29.139958917055996,82.37629390863074,64.91906026547878,-33.01194048933613,88.5102064645421,64.91906026547878,-33.01194048933613,88.5102064645421,46.592991279721204,-45.59798117077595,142.983944336822,46.76597465147016,-44.43184858725489,150.33749606732943,46.510646461181864,-42.05622893272525,157.3912716715542,45.90359446291958,-39.414732857722505,166.73415810153668
8.73332984,45.4962,-43.2843,92.5156,35.23073801696245,-42.82344854570251,91.72852883302548,32.08243355178393,-40.10129435418944,47.22120182047432,29.519577445391416,-44.4593377992245,7.447542124651584,30.803751101823817,-44.08484284907353,4.085973830531046,23.316420612560588,-32.15352900229248,2.5548980537779675,21.864060939780924,-29.69417125274626,2.0408736131817147,55.761661983037556,-43.74515145429749,93.30267116697453,55.66077816722166,-43.78242604219079,48.6013005469275,54.69905866395513,-46.91100852919451,8.64142258278639,54.31270627465156,-47.14503391255885,5.051791153959665,63.693137502606234,-36.66163981131065,3.358711387520076,66.12305618800059,-33.9264638242246,2.5584732219473514,44.69581339134853,-47.26394703962859,100.62453912119008,45.091146124312864,-48.20747500734287,110.49565081363829,45.66019972582967,-47.88651049227554,120.39810196570505,46.237423205254714,-47.3048237592201,130.28818956085746,46.38913808244946,-41.71026652411478,139.20575389677163,26.208646966709313,-47.35983548972482,141.76605420539732,22.897421690184164,-40.961572670939205,112.96770804264267,23.148732529066667,-33.21960559666622,90.74586538900269,23.06315507053273,-30.255299015317586,80.02420395892442,23.06315507053273,-30.255299015317586,80.02420395892442,27.270040647944,-33.41572419004827,86.35131840448817,27.270040647944,-33.41572419004827,86.35131840448817,46.38913808244946,-41.71026652411478,139.20575389677163,66.2617266923588,-47.706169422777265,143.05988923574355,70.83542293566968,-42.702698566224505,114.15844803116778,69.20591589672091,-33.52595421522889,92.54957086999889,68.61068899723483,-29.00277918246686,82.40387949917599,68.61068899723483,-29.00277918246686,82.40387949917599,64.74880970228824,-32.894252390683874,88.54072521458679,64.74880970228824,-32.894252390683874,88.54072521458679,46.552948452365676,-45.57106870430028,142.98956147382717,46.73581031567343,-44.395993492107024,150.34145043430098,46.47798140079111,-42.00914363675821,157.39134288179065,45.88345935152759,-39.34717962762767,166.72922442063194
8.74166317,45.4454,-43.2654,92.5165,35.17879077927088,-42.82402422331877,91.73323928823235,32.05531495639924,-40.13116125134566,47.22238117419334,29.50896425449282,-44.46077668378277,7.444556849576195,30.79541614455458,-44.08604907814594,4.083885696408984,23.31348728218333,-32.15163545425983,2.5505648061783495,21.861667896283382,-29.69170286143737,2.0377662157016756,55.71200922072912,-43.706775776681226,93.29976071176763,55.63640996137721,-43.76207001932403,48.59835883723224,54.693393535175915,-46.90681247538922,8.639303610726508,54.30792313836311,-47.14130080863878,5.049607573685095,63.69129120060124,-36.66040111743401,3.357358634706804,66.12167182592607,-33.92624502718467,2.5550406741711327,44.65557858885453,-47.245805018359604,100.62610301018574,45.05306740369639,-48.18871582939084,110.49718708869081,45.62166531745553,-47.86532752518857,120.39958555863606,46.19707290961863,-47.28080571234947,130.28961181712478,46.33703169807622,-41.68374885368881,139.2057997808486,26.172209239167124,-47.38752144104965,141.76937195895215,22.83520879132288,-41.026968154797245,112.96564804096143,23.0393407608666,-33.31830164550758,90.73174840487495,22.905807853713018,-30.310461447815634,80.02270889898463,22.905807853713018,-30.310461447815634,80.02270889898463,27.14620375370528,-33.48099120253232,86.32233860552682,27.14620375370528,-33.48099120253232,86.32233860552682,46.33703169807622,-41.68374885368881,139.2057997808486,66.22553052011443,-47.62310984734156,143.06541043904468,70.7491377288764,-42.59675066320296,114.16005777188522,69.04477269232967,-33.40135956550103,92.56488644534787,68.41474841910863,-28.865485547571904,82.42696865422863,68.41474841910863,-28.865485547571904,82.42696865422863,64.57714081633836,-32.77632972698562,88.56672568893853,64.57714081633836,-32.77632972698562,88.56672568893853,46.51199919868108,-45.543211836713624,142.99047400043384,46.704673970338376,-44.359086875822285,150.34066012133314,46.44416535195304,-41.96104310943138,157.38665422129665,45.861669950094125,-39.27828972266748,166.71934267956098
8.7499965,45.3964,-43.2483,92.5189,35.12867682291745,-42.82652708898035,91.73944943689045,32.03005585719278,-40.16294816495722,47.225092228499,29.50038055837044,-44.46411180731901,7.443117492518965,30.789112337709444,-44.08913099566133,4.083348209456467,23.312415476459886,-32.15172797557571,2.547778549352521,21.861100040296005,-29.691242988245904,2.0362050778187664,55.66412317708255,-43.67007291101965,93.29835056310955,55.613834217683625,-43.743393432672505,48.596938981687785,54.68958035577295,-46.904307393352155,8.638721335977863,54.304997200488195,-47.13926209622859,5.048960629765334,63.69117318529971,-36.66074087807591,3.357554568858717,66.12198256376743,-33.92757603061184,2.553160820909332,44.61719206252593,-47.2294579216817,100.62916014054473,45.01684478634887,-48.1717551998945,110.50021543267098,45.584972898104915,-47.84594832844888,120.40256158757546,46.15854550539041,-47.258602508843154,130.29252712810003,46.28666771473658,-41.65907853798845,139.2073438814212,26.137729085270472,-47.41725645628201,141.77418006771842,22.775068622274098,-41.09456643459652,112.9651046375648,22.93213073653646,-33.41944805554073,90.71921981363066,22.750388238725833,-30.36841051704252,80.02311769958797,22.750388238725833,-30.36841051704252,80.02311769958797,27.024319150438696,-33.54873834235224,86.295085511944,27.024319150438696,-33.54873834235224,86.295085511944,46.28666771473658,-41.65907853798845,139.2073438814212,66.19097974163837,-47.54161606611319,143.07245756745127,70.6643837376618,-42.492569426039495,114.16324612274524,68.88499948765727,-33.27893097517627,92.58190787815042,68.22008386667775,-28.730544797102546,82.4518273640109,68.22008386667775,-28.730544797102546,82.4518273640109,64.40686760316349,-32.66069769362245,88.5944514524124,64.40686760316349,-32.66069769362245,88.5944514524124,46.47283269766665,-45.517172383022704,142.9928797185306,46.675225585919605,-44.32390058519536,150.34132520297112,46.41180804838881,-41.91471975227267,157.3834108611905,45.84076669811982,-39.210893130434,166.71072418613673
8.75832983,45.3504,-43.232,92.5219,35.08160335894148,-42.82977914110252,91.74626559175542,32.00788051150761,-40.19547862221236,47.22844005093034,29.49494618496307,-44.46818642657065,7.442338095862539,30.785963871859153,-44.09296025193276,4.083473928679217,23.314578934992554,-32.15252135403798,2.5456550021458533,21.863782533784885,-29.69147605010072,2.035306004781061,55.61919664105852,-43.63422085889748,93.29753440824459,55.59422033916336,-43.72564516758251,48.59613487724417,54.68872080610749,-46.902785059424936,8.638774699258207,54.30502662202484,-47.13820920283331,5.048949621430378,63.69402794861876,-36.66208396485678,3.3583831224576826,66.12527082675517,-33.92991696420938,2.551912312270226,44.58178984248099,-47.21387887911445,100.6328174556471,44.983606322583206,-48.155557314298754,110.50384396161024,45.55126509652931,-47.82733458558027,120.40613725140501,46.12300277221854,-47.23717346300958,130.29604144305438,46.239311974303995,-41.63520786664461,139.20948608430578,26.106377111684324,-47.447644650706465,141.7796030639,22.718254779489627,-41.16294445237747,112.96519881673211,22.82847060268507,-33.52165537459808,90.70738994114585,22.598308189545644,-30.427776519891246,80.0245345304029,22.598308189545644,-30.427776519891246,80.0245345304029,26.905744075862255,-33.617670375631114,86.26866169343769,26.905744075862255,-33.617670375631114,86.26866169343769,46.239311974303995,-41.63520786664461,139.20948608430578,66.1592482642429,-47.46097811598804,143.0800839769627,70.58229747249335,-42.38954048109483,114.16704405279035,68.7278286904655,-33.15806371508461,92.59965467681121,68.0279796342512,-28.59735735063858,82.47746965643734,68.0279796342512,-28.59735735063858,82.47746965643734,64.23921858508817,-32.54666502374743,88.62294029498347,64.23921858508817,-32.54666502374743,88.62294029498347,46.43665216645967,-45.4919016002414,142.99588244308748,46.648694204494596,-44.28938311875666,150.34254828401788,46.38218942370381,-41.869115978145295,157.38071520960244,45.82207931778114,-39.14392796761517,166.7024729549478
8.76666316,45.3024,-43.2162,92.5247,35.032560283813616,-42.83301424145772,91.75324962033115,31.983991517795285,-40.2279083057403,47.23197657257848,29.482375316526962,-44.47289430859685,7.442194091304422,30.774934964026087,-44.09764039648234,4.083926099809446,23.30946691085022,-32.15362066237437,2.5451797470111703,21.86002383039185,-29.691836452537725,2.034549209723882,55.57223971618638,-43.59938575854228,93.29615037966884,55.5639217144574,-43.717753800470526,48.59480787110991,54.680552902899,-46.90109232613489,8.637445657572997,54.29789816549837,-47.13683595982255,5.047530598031811,63.689449631871355,-36.662724311696856,3.3586530900208937,66.12123921376039,-33.931303694111655,2.5513028197871996,44.54447694117966,-47.198729487280836,100.63630369312672,44.94849965286742,-48.139948721819756,110.50728394036531,45.51588086191454,-47.809516228783565,120.40951964608178,46.08552314923881,-47.21701218415631,130.2994046637143,46.18850755989421,-41.613385265379726,139.2119689026034,26.073749722933595,-47.486621119465426,141.7861885130318,22.646447282976936,-41.24864168705358,112.96626602483148,22.74154851728951,-33.62554276707397,90.70215093234604,22.47815397313468,-30.493667975075294,80.03114140033752,22.47815397313468,-30.493667975075294,80.03114140033752,26.8083434946772,-33.69559072368844,86.25333556101758,26.8083434946772,-33.69559072368844,86.25333556101758,46.18850755989421,-41.613385265379726,139.2119689026034,66.12475880724875,-47.380400060878486,143.08655473735436,70.50012256007302,-42.29370537984569,114.16893984794095,68.5602627924104,-33.048057654482285,92.61513636780579,67.82176796963164,-28.478269430632928,82.49979545329575,67.82176796963164,-28.478269430632928,82.49979545329575,64.06277649458056,-32.45536845178152,88.64562470737012,64.06277649458056,-32.45536845178152,88.64562470737012,46.39708782589161,-45.46894940147628,142.99891312678764,46.620410718468804,-44.256997822778004,150.34369438690982,46.35471356330247,-41.82346362244018,157.3773156320454,45.81735995636343,-39.07005224012667,166.69211661474256
8.77499649,45.2582,-43.1941,92.5289,34.98735059072361,-42.83004104716021,91.76163974374798,31.963926423728896,-40.25414658824868,47.23695247597503,29.47383358930032,-44.47140281224679,7.443498651167651,30.767947167154052,-44.096105761780905,4.085833984300779,23.308286415498664,-32.14858033281637,2.5461396657887985,21.860174883542914,-29.686071695419784,2.035224323815215,55.529049409276396,-43.55815895283979,93.29616025625201,55.53743676941869,-43.703346794937275,48.594896824524525,54.67624716921674,-46.8927663835352,8.63753536445848,54.29463560854835,-47.12882210799611,5.047529771800792,63.68862386088528,-36.65661746037323,3.3603796500684275,66.12093122743872,-33.92591489988332,2.552160607763871,44.511003568994646,-47.17727300068087,100.64118286579307,44.91724384535053,-48.11803740224155,110.51211545694282,45.48434166682345,-47.78540124834136,120.41429361583288,46.05187984663564,-47.19056964238925,130.30415988466663,46.14148581122588,-41.585323049540506,139.21585013682795,26.04514390867618,-47.51948375670652,141.79417666334706,22.57876857041174,-41.3283667150298,112.96882265978742,22.658775248337104,-33.7235052649176,90.69841216747534,22.3620055740463,-30.55380744629693,80.03945329102231,22.3620055740463,-30.55380744629693,80.03945329102231,26.71497919053621,-33.767571605724925,86.23960581942698,26.71497919053621,-33.767571605724925,86.23960581942698,46.14148581122588,-41.585323049540506,139.21585013682795,66.09392174380476,-47.29339700350265,143.09440411124083,70.42141846847309,-42.19168619843132,114.17223198327986,68.39592848758545,-32.93246687910506,92.63213564705288,67.61865561634004,-28.35385502201605,82.52369258312785,67.61865561634004,-28.35385502201605,82.52369258312785,63.889643370904565,-32.358577954855264,88.66984688141454,63.889643370904565,-32.358577954855264,88.66984688141454,46.361338045962476,-45.43972771745924,143.00333700054216,46.59584151371495,-44.21821872704214,150.34618627125732,46.33064725091717,-41.77140509572765,157.3752179655302,45.81516025945403,-38.98914937554516,166.68268092573283
8.78332982,45.2151,-43.1817,92.5305,34.94327931941996,-42.83673437900048,91.76743156510273,31.945030884042122,-40.290121473754645,47.23935759731707,29.466621931940796,-44.4796906019107,7.442249922555746,30.762294481594672,-44.104352445287,4.0851911271433465,23.30846979549262,-32.15330754268504,2.54454701351833,21.861696095870478,-29.690071789294763,2.033346690551397,55.48692068058004,-43.526665620999516,93.29356843489728,55.51208077989053,-43.69871841869424,48.59240662612313,54.673097020188784,-46.894248527454856,8.635060952705821,54.292531627862175,-47.13061857948933,5.0449649896061555,63.68901039832367,-36.6603702817796,3.3595426981394434,66.12185028965261,-33.93039962561425,2.550454384520547,44.47861769281746,-47.16548350119597,100.64346282385824,44.88707516114648,-48.10578576898845,110.51434795043886,45.45388800120391,-47.77094582806705,120.41646815061365,46.01932086225375,-47.17379065480954,130.30631498558014,46.09556540247408,-41.56695375694357,139.21712911880138,26.017804374634878,-47.56190741474013,141.79957594107145,22.51254476943948,-41.41780457018066,112.96886528427943,22.577562311432146,-33.83126364506612,90.69215835190732,22.24731668669161,-30.62393185998839,80.0454489316858,22.24731668669161,-30.62393185998839,80.0454489316858,26.623069571531815,-33.849372528657256,86.2234639800224,26.623069571531815,-33.849372528657256,86.2234639800224,46.09556540247408,-41.56695375694357,139.21712911880138,66.06400306691741,-47.216076071115836,143.09964159924007,70.34361813617984,-42.099623313268616,114.17294929480161,68.2323566238311,-32.82737889607388,92.64669647332161,67.41622033480228,-28.24018000243802,82.5452119933642,67.41622033480228,-28.24018000243802,82.5452119933642,63.71735912219525,-32.272339677011395,88.69164712621802,63.71735912219525,-32.272339677011395,88.69164712621802,46.32667291512654,-45.42016591808239,143.0051592732283,46.5722704797252,-44.18896610892038,150.34602709445232,46.30730152296982,-41.72883251815671,157.3704164394454,45.81280358740497,-38.917090512627496,166.67015402566065
8.79166315,45.1755,-43.1643,92.5325,34.90274168237465,-42.83853694544096,91.77362597228287,31.929679319791543,-40.32123367934705,47.24219677104676,29.463185145947506,-44.48311848642429,7.441444252620514,30.760430454463155,-44.107728730100376,4.084998664802768,23.31232291598098,-32.153248437991806,2.5433579671066697,21.866863878585004,-29.689302116228873,2.0318631190571503,55.448258317625346,-43.49006305455904,93.29137402771713,55.49025259452437,-43.68894080450418,48.590336160892555,54.67354401338748,-46.890548385571265,8.633015483945876,54.294030210629465,-47.12723404345545,5.042828996245261,63.692850480007614,-36.65880647881593,3.359153591714435,66.12618466833503,-33.929532736414416,2.5492010088093746,44.449775379990676,-47.148686619510045,100.64613605276215,44.86045967727374,-48.088530595710246,110.51697242810367,45.42697780454256,-47.75149228418731,120.41903491166948,45.990292331531364,-47.15202827774762,130.30886295310006,46.05311023286861,-41.54364317292661,139.21880751933017,25.99417881783465,-47.599544839243656,141.8053717143314,22.4501322583884,-41.50255936686655,112.96940070980129,22.5001710218449,-33.9343496377578,90.68642066093045,22.13630523585748,-30.689543026694007,80.05216974337878,22.13630523585748,-30.689543026694007,80.05216974337878,26.534867406093444,-33.92648251695277,86.20793324799268,26.534867406093444,-33.92648251695277,86.20793324799268,46.05311023286861,-41.54364317292661,139.21880751933017,66.0374346928541,-47.133562868598396,143.10526638492573,70.26902990511766,-42.00261506709791,114.17407736238768,68.07174793359,-32.71794457452789,92.6617937081124,67.2166092548443,-28.122417919775387,82.56732326947936,67.2166092548443,-28.122417919775387,82.56732326947936,63.54811761467446,-32.181860689530566,88.71400076539945,63.54811761467446,-32.181860689530566,88.71400076539945,46.295509341831696,-45.39563234216666,143.00737574545877,46.55209326088016,-44.1546180336062,150.34621486898055,46.287036819631716,-41.68115603618642,157.36591873258996,45.81259156481672,-38.83934325135615,166.6575570317576
8.79999648,45.1359,-43.1348,92.5348,34.86232041848945,-42.82775435758118,91.7792469801257,31.90780568289899,-40.34007072844443,47.24491892761655,29.451430115255167,-44.47857212461129,7.44110246544038,30.750940694463928,-44.10259621249144,4.085598894941586,23.308411564739913,-32.14474985655755,2.5431230665772944,21.86381000779309,-29.68012572516797,2.032471994377346,55.409479581510546,-43.44184564241882,93.2903530198743,55.46856733321849,-43.66240712146548,48.58943621136176,54.66834709644674,-46.879506580927924,8.633026233354634,54.289261755691996,-47.11601298424839,5.0427826665178,63.69007584719353,-36.64912472477879,3.3606692396635816,66.1238635797617,-33.92033076999082,2.5504628186119125,44.420059776317075,-47.1206339650688,100.64860325935757,44.83253751935142,-48.062502899910946,110.51917183778711,45.398420756181736,-47.72484619061893,120.42124955659666,45.958874600877024,-47.123159168033624,130.31110512961789,46.00697333011824,-41.513220920774955,139.2201635041146,25.96872617440512,-47.63611123158672,141.80934368485177,22.382165692177974,-41.58618815546883,112.96871719511714,22.433828522373176,-34.01860164531397,90.68552919152802,22.047882424227343,-30.754251079616708,80.05804022073055,22.047882424227343,-30.754251079616708,80.05804022073055,26.465351706181117,-33.983463208772314,86.20431591595225,26.465351706181117,-33.983463208772314,86.20431591595225,46.00697333011824,-41.513220920774955,139.2201635041146,66.00680115005575,-47.04279819227986,143.11318947516975,70.19274152450689,-41.904200028429024,114.17671709631873,67.90724593416606,-32.612467818014906,92.67667698760067,66.99502962996148,-28.013877161520693,82.58860054958676,66.99502962996148,-28.013877161520693,82.58860054958676,63.3688943769877,-32.10011419269025,88.74265293854181,63.3688943769877,-32.10011419269025,88.74265293854181,46.26093536242451,-45.36390777897613,143.0092981148435,46.53163330840524,-44.11219183572724,150.34581236358304,46.27000207867323,-41.62433492139584,157.36055602076271,45.825196723393326,-38.75128589997168,166.6440509447021
8.80832981,45.099,-43.1155,92.5366,34.82462986859376,-42.8273178457376,91.78437379809523,31.888634050837553,-40.36932251531983,47.2471726089347,29.442518353569202,-44.48449086741425,7.4403052727639505,30.744299615079147,-44.10791349643651,4.085749434139549,23.307184850190993,-32.14681025940194,2.5424107393341187,21.863406718425775,-29.681530335415943,2.032597158181027,55.37337013140623,-43.40368215426239,93.28882620190478,55.44957063153038,-43.64595743082883,48.588047702821065,54.665904777895875,-46.878581969778956,8.63256264619806,54.287253678692025,-47.11491700961415,5.0422619710988545,63.68987958260206,-36.64940522300686,3.3617114197902467,66.12407375314322,-33.9210489551903,2.551252021936455,44.39310752037396,-47.10276641378708,100.65057099496867,44.80740588947751,-48.04664839498586,110.5208710262406,45.37265473210082,-47.70836220010481,120.42296349382875,45.93023748655277,-47.10445002792381,130.31284572773978,45.963537396724654,-41.49299368453807,139.22101560534418,25.946278469718866,-47.68303869742447,141.81286371579498,22.317253260392164,-41.68037859537637,112.96767400642834,22.370370707226495,-34.11335376326561,90.68429867935859,21.962093595336455,-30.82964908151493,80.06360876797245,21.962093595336455,-30.82964908151493,80.06360876797245,26.39854961074215,-34.050905812660766,86.20037614576853,26.39854961074215,-34.050905812660766,86.20037614576853,45.963537396724654,-41.49299368453807,139.22101560534418,65.97877200857494,-46.96187225302963,143.12059756700165,70.11891907943134,-41.815897818482746,114.17884829383799,67.74491678653608,-32.51780353560661,92.69115279012995,66.77549458649271,-27.916646969941638,82.60958348336202,66.77549458649271,-27.916646969941638,82.60958348336202,63.19199500076496,-32.02940051477458,88.77094207967153,63.19199500076496,-32.02940051477458,88.77094207967153,46.229112130930986,-45.34233861566535,143.01071754002928,46.51379612096554,-44.079734974792814,150.3448363401561,46.255217077966805,-41.57739205932642,157.35453878137548,45.838983233359954,-38.672195777576746,166.6293500698876
8.81666314,45.0595,-43.0971,92.5374,34.78438051075153,-42.82758512258631,91.78849678694837,31.86700826623325,-40.39919856861894,47.24844761565282,29.431205862287886,-44.490950830955605,7.438534154774807,30.735267318421176,-44.1137893510532,4.084929708763717,23.303786782350333,-32.14929294577138,2.5407523193428423,21.860876476445178,-29.683331020423086,2.031780889157175,55.33461948924847,-43.36661487741369,93.28630321305164,55.427981440664674,-43.63049183381841,48.58567956250392,54.660853189223076,-46.87853123619259,8.631123702421277,54.282635936478485,-47.11467899447472,5.040764975276502,63.68727643694159,-36.650720828860116,3.3618136462271844,66.12193029357012,-33.92284730600808,2.5511100867637726,44.36347825666384,-47.08577249458602,100.65153263499164,44.77958343395081,-48.03168571770111,110.5215622041556,45.34420007830526,-47.69279589857403,120.42367009974076,45.89891191477374,-47.08669142907566,130.31357966408643,45.917507906278836,-41.47376518443374,139.2208662827661,25.921348565339425,-47.730548841771714,141.81533322551755,22.250211591938076,-41.775186704282476,112.9656688119774,22.304952764236564,-34.208619273933486,90.6821420945559,21.874242123625415,-30.905718853137703,80.06829274640538,21.874242123625415,-30.905718853137703,80.06829274640538,26.32963477583578,-34.11894826769484,86.19554203118388,26.32963477583578,-34.11894826769484,86.19554203118388,45.917507906278836,-41.47376518443374,139.2208662827661,65.94784869160604,-46.88232349506949,143.1270068158384,70.04236004109313,-41.72926056755044,114.18002699213397,67.57997771469495,-32.42531965650253,92.70481199804436,66.55342790172986,-27.822013729991383,82.62988118640537,66.55342790172986,-27.822013729991383,82.62988118640537,63.01267248294676,-31.960911025926627,88.79844106629808,63.01267248294676,-31.960911025926627,88.79844106629808,46.19461421055411,-45.32174228761743,143.0111316298764,46.49318802678109,-44.04808731586673,150.3427868448806,46.23736356953805,-41.531187986737166,157.3473769911064,45.84869320472927,-38.59297755890717,166.61297979479437
8.82499647,45.0273,-43.0838,92.5365,34.751462503908115,-42.833114782071036,91.79091601048302,31.85272509722408,-40.43434404790766,47.24804539506341,29.42742397529576,-44.502682501087804,7.435091267187538,30.733773624532812,-44.12491467943017,4.082445757972723,23.307742091335406,-32.15714619880396,2.537410398478425,21.86566096147484,-29.69052637681343,2.029277587528864,55.30313749609188,-43.33448521792896,93.28208398951699,55.41372441838828,-43.619926799404844,48.58163213625066,54.66323914683356,-46.88335421438635,8.628014114170028,54.28546502073108,-47.119317200486634,5.037596586578266,63.691958489699154,-36.65676421501473,3.3602693542070887,66.12703054172036,-33.92933465889095,2.5493280878704727,44.341211239185064,-47.073876751811774,100.65078818082243,44.75914252802775,-48.021821491895864,110.52054568787159,45.32311732019896,-47.68233075955536,120.42266957706073,45.874937297321026,-47.07404747411562,130.31260715006408,45.87873246783483,-41.45969841721831,139.21901562991707,25.903993743524424,-47.78346197969919,141.81609401559845,22.19081183888529,-41.87562886273814,112.96203867418762,22.24696713568143,-34.309507804739916,90.67836391084668,21.793556498598345,-30.987631090060944,80.07138438237028,21.793556498598345,-30.987631090060944,80.07138438237028,26.26797841826245,-34.19257120863139,86.18910111943575,26.26797841826245,-34.19257120863139,86.18910111943575,45.87873246783483,-41.45969841721831,139.21901562991707,65.9240881846433,-46.807549084543034,143.13171243220177,69.97284161534625,-41.64762712765437,114.17951868636983,67.42180357736049,-32.33850986060311,92.71689902154237,66.33800985266188,-27.73353916020894,82.64872655372682,66.33800985266188,-27.73353916020894,82.64872655372682,62.84026885145193,-31.898301837801423,88.8244135990321,62.84026885145193,-31.898301837801423,88.8244135990321,46.16742400939834,-45.30627238751151,143.00984047114787,46.479746319293085,-44.021390636497806,150.33896355396985,46.22628878271136,-41.48986420666006,157.33836672243234,45.86404066736379,-38.51779422879617,166.59423604065455
8.8333298,44.9995,-43.0673,92.5369,34.72300585987367,-42.839544272324574,91.79301134807667,31.838176941241382,-40.46373355563286,47.24800727580528,29.422475670679948,-44.505416219983324,7.431754711028468,30.730957587932412,-44.125912621929004,4.080136902434067,23.306690630538696,-32.15681206919776,2.536941158543943,21.86472698451522,-29.68986110816188,2.0300840935928655,55.27599414012632,-43.29505572767543,93.28078865192333,55.3980107012702,-43.604012036496556,48.58052287857421,54.66183137377705,-46.88121315173079,8.627766120897533,54.28427359007313,-47.11696359741048,5.0373118751333,63.69191113283655,-36.65525683764329,3.3611231815102416,66.12710701414369,-33.9281902673375,2.5493334548042856,44.323659439574,-47.0592442519018,100.65112969733364,44.74236845635492,-48.00858994608234,110.5207195850953,45.30417088824965,-47.66673741498537,120.42288570745963,45.85231145733898,-47.05505742887491,130.31281839436454,45.8394497423671,-41.43928379944046,139.21832022554938,25.88614206578436,-47.82787845228098,141.82146447151842,22.14963337585319,-41.95129681469577,112.96403886376774,22.183520426299722,-34.38222489980317,90.68132124999818,21.728545408192,-31.068700190633617,80.07179663456489,21.728545408192,-31.068700190633617,80.07179663456489,26.212028094879866,-34.24182190675125,86.19945787900693,26.212028094879866,-34.24182190675125,86.19945787900693,45.8394497423671,-41.43928379944046,139.21832022554938,65.9007537241521,-46.72309556688443,143.1362794643162,69.9034350336081,-41.56489842771528,114.1773729544288,67.26660107389884,-32.25851016515914,92.72394091161846,66.13633429119938,-27.657918488215145,82.6588768754176,66.13633429119938,-27.657918488215145,82.6588768754176,62.673904995389336,-31.84091997222751,88.84213109225446,62.673904995389336,-31.84091997222751,88.84213109225446,46.13977287437774,-45.28436137577071,143.0097594694753,46.46316166921233,-43.990060822827424,150.33674502074578,46.21464397351403,-41.444456736578225,157.3312178596019,45.88688955188449,-38.44239843865876,166.5786912173032
8.84166313,44.9687,-43.051,92.5357,34.69159753311381,-42.8463537419089,91.79350083254485,31.82070242601086,-40.49347827719486,47.246379257951965,29.41475504289583,-44.5084768732564,7.426836528868485,30.725374392459614,-44.12720960166153,4.07625418668383,23.302665480623354,-32.156906521492324,2.5348919388529234,21.86077670105432,-29.689650390029502,2.02930889521714,55.24580246688619,-43.255646258091105,93.27789916745516,55.37934392209779,-43.58807745839665,48.577834755568645,54.65759329876796,-46.87902579336832,8.625944752913327,54.28026097894322,-47.11456682156557,5.035453061229378,63.6888808589499,-36.653557550640684,3.3604253040961938,66.12415886148865,-33.92681528961336,2.5477929691018057,44.30317735578111,-47.044809633389086,100.64986460128709,44.722684622668666,-47.99556475861235,110.51928491786548,45.28229640236873,-47.651363345776915,120.42149371609949,45.82672915134416,-47.03630530846674,130.31142170537137,45.797101624147864,-41.41916643502286,139.21602247306882,25.865553325811778,-47.87286816891899,141.82525707367523,22.105768082596676,-42.02760516825312,112.96449414166062,22.11711466173034,-34.45555275880116,90.68276629565068,21.660565651372966,-31.15026928617836,80.07073892112831,21.660565651372966,-31.15026928617836,80.07073892112831,26.152947684263527,-34.291506063968086,86.20830243853383,26.152947684263527,-34.291506063968086,86.20830243853383,45.797101624147864,-41.41916643502286,139.21602247306882,65.87424545709563,-46.63854377626931,143.13920797987456,69.8307963574869,-41.48227754290296,114.17361899668177,67.10792869839894,-32.17920450456802,92.72949798428077,65.93110232945112,-27.583318098106037,82.66762098905215,65.93110232945112,-27.583318098106037,82.66762098905215,62.50419137574736,-31.78440394810716,88.85839717221928,62.50419137574736,-31.78440394810716,88.85839717221928,46.109116346308824,-45.26271082846134,143.00807210365414,46.44345221456699,-43.95884459046811,150.3328699754809,46.19949054346757,-41.398996422781785,157.32230282542855,45.90525493165576,-38.36585905854049,166.56075743758015
8.84999646,44.9394,-43.0349,92.5352,34.66174460601794,-42.853185559148066,91.79469053042018,31.80486329646127,-40.523192662346055,47.245465345980016,29.408659579853307,-44.51146655106174,7.4226495386177405,30.721426286020698,-44.128453339307725,4.073107137273895,23.300494075813763,-32.15681043262737,2.533596745479427,21.858724273072664,-29.689223235093603,2.029291735221393,55.21705539398206,-43.216614440851934,93.27570946957982,55.36217833001621,-43.57247981836056,48.57586157927344,54.65485045546808,-46.87712163697943,8.624843952452942,54.27774364416482,-47.11244423760672,5.034314246392469,63.687511787241306,-36.65227897217767,3.360466250469705,66.12291533031471,-33.92589882656476,2.546995597284693,44.28413065064544,-47.030536264431,100.6492998192443,44.70442802348124,-47.98270783018638,110.51854996645176,45.26184741007679,-47.636173934526376,120.42080107046877,45.80256990288712,-47.01775951417553,130.31072330630414,45.75626716609275,-41.39929948079824,139.21441942959515,25.846573550075544,-47.91768295233238,141.8297140352476,22.06384063532922,-42.10382273972624,112.9656068645075,22.052753199957095,-34.528821931506826,90.68488106698798,21.594789330134844,-31.231680560066827,80.0703820820363,21.594789330134844,-31.231680560066827,80.0703820820363,26.095767099560703,-34.34111093737104,86.21783623815622,26.095767099560703,-34.34111093737104,86.21783623815622,45.75626716609275,-41.39929948079824,139.21441942959515,65.8489526680428,-46.554544075309806,143.14283276457985,69.75950336559356,-41.40053653292122,114.17059568949558,66.9507368688252,-32.101274015985496,92.73590302438498,65.7274484324966,-27.510382169218246,82.67728789685899,65.7274484324966,-27.510382169218246,82.67728789685899,62.336094311296876,-31.729253058230125,88.87554542621623,62.336094311296876,-31.729253058230125,88.87554542621623,46.07989954717851,-45.24127847864153,143.00708162837373,46.42510952624216,-43.92770120380338,150.32963967292918,46.18540845080567,-41.353441503371315,157.31392502589594,45.92379340255697,-38.288150762109076,166.54274351606367
8.858329789999999,44.9102,-43.0202,92.5344,34.63204080892485,-42.86157951128921,91.79557796900846,31.789203021386026,-40.55443292682604,47.24426541593611,29.402889071551478,-44.515936992157286,7.418183874273133,30.717797961943212,-44.131158102339974,4.0696842610852,23.29844336465963,-32.158300335455166,2.5320187403320142,21.856750846924292,-29.690407585093965,2.0289895742585404,55.18835919107516,-43.1788204887108,93.27322203099155,55.345150913407394,-43.55807387344198,48.573605864004406,54.652361223114184,-46.876376937353456,8.62346585284726,54.27548892668255,-47.111483986097085,5.0328974032263085,63.68624332191779,-36.65201363360228,3.36025199614127,66.12173073887055,-33.92595671746412,2.545949625126617,44.26524969904617,-47.01766038827751,100.64842813083317,44.68635798098259,-47.971260558034935,110.51750577626302,45.24156934338669,-47.6224129711307,120.41979968952214,45.7785563281626,-47.00066847650327,130.30971666601803,45.7154848530755,-41.38095582821898,139.2125192295788,25.827958996638003,-47.96425716856787,141.83386384860367,22.022395032333467,-42.181870357695864,112.96643571024954,21.98865634501369,-34.60390391002314,90.68674117780759,21.52929227222611,-31.314796940140038,80.06981032090914,21.52929227222611,-31.314796940140038,80.06981032090914,26.03868829376873,-34.392356440723326,86.22712514110708,26.03868829376873,-34.392356440723326,86.22712514110708,45.7154848530755,-41.38095582821898,139.2125192295788,65.82357883559786,-46.47171716632659,143.1461809115841,69.68817539044458,-41.32014415492864,114.16734534808185,66.79340404031616,-32.02526249414572,92.74219713430006,65.52363034282548,-27.439685977914785,82.68691873925717,65.52363034282548,-27.439685977914785,82.68691873925717,62.1679932821185,-31.676165999987777,88.892600627104,62.1679932821185,-31.676165999987777,88.892600627104,46.05078796191029,-45.22133669610492,143.00578612063475,46.40675303113017,-43.89791179626543,150.32605571310742,46.17092733961874,-41.30910498922119,157.30509411832662,45.94089956163056,-38.21064383875476,166.52367135165304
8.86666312,44.8826,-43.0047,92.5326,34.60401170314021,-42.87106470543471,91.7948066402417,31.767024548906292,-40.582704272653295,47.24215225617169,29.39233847294312,-44.521204589882984,7.41309425850109,30.709960149417793,-44.13411247081383,4.065927896839538,23.290420051106093,-32.16116607222098,2.5298483852363036,21.84849757952179,-29.69316565647304,2.028007953716266,55.161188296859784,-43.13833529456529,93.2703933597583,55.3259656806289,-43.54491070031426,48.57104608148993,54.64778377135171,-46.87796697371551,8.621883576297549,54.270779272927314,-47.112380575929855,5.031283666134255,63.681422252604406,-36.65254212384505,3.3603141076615906,66.11680468830376,-33.92636646922382,2.5460952724350827,44.24818020372153,-47.00368481439547,100.6467071554931,44.67063002745481,-47.95969480892303,110.51549431892869,45.22383500610594,-47.60910483028941,120.41783898869642,45.757238978889845,-46.98318126994619,130.30768625439399,45.67777007914455,-41.35990163225563,139.20810492748504,25.81489897785706,-48.01154937354777,141.84380650000827,21.979885737584258,-42.25833370662282,112.97444723145536,21.92582737722172,-34.672872749591896,90.69734324545587,21.47931452687935,-31.400699838475404,80.0746330665468,21.47931452687935,-31.400699838475404,80.0746330665468,25.989216211285928,-34.43907596019379,86.25100806274985,25.989216211285928,-34.43907596019379,86.25100806274985,45.67777007914455,-41.35990163225563,139.20810492748504,65.80216527349879,-46.38376923895046,143.14440536976008,69.61765124777885,-41.24298199823954,114.15714791125228,66.64447713813443,-31.962537211890286,92.73647839507555,65.33274579405116,-27.38638912167054,82.68229069202407,65.33274579405116,-27.38638912167054,82.68229069202407,62.009645764923945,-31.636422496567334,88.89620839846677,62.009645764923945,-31.636422496567334,88.89620839846677,46.02582481676378,-45.1975842172968,143.00295372132288,46.39110553393381,-43.86257360159562,150.32066020328352,46.15850174234912,-41.262798178596256,157.29572828385514,45.9541375400745,-38.14659299915567,166.50892756742957
8.87499645,44.8622,-42.9903,92.5256,34.583243382864794,-42.88163340910691,91.78883867835239,31.75216210847333,-40.612017937396516,47.234849780854525,29.389044857249797,-44.5274625812566,7.402830628069452,30.70937640272527,-44.1380576360425,4.057000649982528,23.289680044896297,-32.16500231760257,2.5225257237628487,21.847532266365246,-29.696891431347392,2.0218774211325177,55.14115661713521,-43.098966590893085,93.2623613216476,55.3140200156856,-43.532902640253916,48.56330182370618,54.65049990366155,-46.88072947840333,8.61512819570779,54.273365436358944,-47.114453064814,5.024496952830332,63.683899993828085,-36.6542501522374,3.3551990853413742,66.1191784201046,-33.927956963682746,2.5410626986390654,44.238310115801234,-46.990781223774434,100.63978599399364,44.66211700258806,-47.94920142834112,110.50828119207681,45.2133143083364,-47.59688010230257,120.41067636969693,45.743121027140894,-46.9667963512812,130.30045282560374,45.64724506187256,-41.34000018019541,139.19848712506214,25.80924871957109,-48.05982406806588,141.8485544598367,21.944993227489384,-42.33587854187646,112.97727636645931,21.870507114845182,-34.74286665737317,90.70280387930902,21.437097223872343,-31.487297793770338,80.07445085207047,21.437097223872343,-31.487297793770338,80.07445085207047,25.94709896774027,-34.48662183934017,86.26981123656296,25.94709896774027,-34.48662183934017,86.26981123656296,45.64724506187256,-41.34000018019541,139.19848712506214,65.78772129879648,-46.29692002392483,143.13741482847894,69.55416756891317,-41.16723860215846,114.14177769725677,66.50264092817537,-31.901696733382884,92.72567578120224,65.14900048525655,-27.335237608203393,82.67263795971645,65.14900048525655,-27.335237608203393,82.67263795971645,61.85850999553433,-31.598610829574216,88.89476555934905,61.85850999553433,-31.598610829574216,88.89476555934905,46.008032853749626,-45.17494309748274,142.99491598418493,46.382534136147136,-43.828235325010496,150.3100125978699,46.152997728454295,-41.2173736376352,157.28104019711517,45.9740083703053,-38.082727888030995,166.48850995381585
8.88332978,44.8391,-42.9706,92.5265,34.55983627240208,-42.88690190195099,91.79076454695138,31.734754181882725,-40.63594305471197,47.23544839163874,29.383191377786865,-44.52825180027209,7.400478017636594,30.70622600963727,-44.13652362273008,4.0559872878775645,23.286355872847167,-32.16336474840491,2.5231615563154506,21.843977870256975,-29.695145200391387,2.023713615737199,55.118363727597924,-43.054298098049,93.26223545304862,55.299440455074475,-43.515409225391444,48.56348054872262,54.65067070044489,-46.87782660367776,8.616290073425418,54.27341142086081,-47.11084680077032,5.025626225706636,63.68382289234626,-36.650258014385535,3.358053384869973,66.11899394418651,-33.92384015205183,2.5440133319076565,44.22573856208618,-46.97256298117144,100.64075800663953,44.650910391392486,-47.93340793433291,110.50895870038043,45.200088667742044,-47.57937862109996,120.41140514085954,45.726273279709524,-46.94516248313258,130.30111083339006,45.613967417996115,-41.31490887014813,139.19676558123749,25.801100278175568,-48.10283538581786,141.86122390474097,21.907714809596442,-42.40830452495667,112.9880427584288,21.812613935162357,-34.8077184812248,90.71623210335386,21.392517079428956,-31.56843554502605,80.0823698923828,21.392517079428956,-31.56843554502605,80.0823698923828,25.902236810493633,-34.528835463407944,86.29662857900459,25.902236810493633,-34.528835463407944,86.29662857900459,45.613967417996115,-41.31490887014813,139.19676558123749,65.7702912953354,-46.204875809019825,143.13831602852898,69.48787387463203,-41.08649427152427,114.1343771263258,66.35810539027551,-31.83624806425025,92.72295502084339,64.96263007952831,-27.279706607084748,82.67113730278408,64.96263007952831,-27.279706607084748,82.67113730278408,61.70481275864137,-31.55624636210367,88.90141697397347,61.70481275864137,-31.55624636210367,88.90141697397347,45.98747229366986,-45.147073966954956,142.99476925035938,46.37109060923156,-43.78856741448905,150.30721128003543,46.14445543983572,-41.16651333567449,157.27413171953125,45.99052347132697,-38.012746829519166,166.47552304150665
8.89166311,44.8165,-42.953,92.5253,34.53698992747326,-42.89427124335228,91.7905902532538,31.717957816949667,-40.661945949384574,47.23395344130681,29.37789726745862,-44.53109013628885,7.396049134282066,30.703631378174414,-44.137038406791014,4.052900596486539,23.28361439466311,-32.1637567112922,2.521745997944321,21.841010108240365,-29.69542589420157,2.0235029497284858,55.09601007252674,-43.01172875664773,93.2600097467462,55.285408546519,-43.500058266811564,48.56157840114356,54.651450336342016,-46.87708790037694,8.615382743336909,54.27406856143642,-47.10940823063112,5.024686417591761,63.68437848104092,-36.64845404746234,3.3588335445453943,66.1194480165761,-33.9219171520593,2.5448885005071045,44.21367038291553,-46.95641679768824,100.63963012338378,44.640221010756555,-47.919684832125355,110.50753508320783,45.18737526679127,-47.56395469348705,120.41003261307208,45.70991941520438,-46.9256213049943,130.29966643533743,45.58116176664365,-41.29195677354751,139.19293845192703,25.793648873606248,-48.14784838808486,141.8717576913672,21.871280721619467,-42.48283122758291,112.99669353054675,21.755408704560143,-34.87461936937672,90.72758514614318,21.34884524228315,-31.65128682198799,80.08835142040195,21.34884524228315,-31.65128682198799,80.08835142040195,25.857892909146408,-34.57290991694618,86.32142116032351,25.857892909146408,-34.57290991694618,86.32142116032351,45.58116176664365,-41.29195677354751,139.19293845192703,65.75311996135588,-46.11488200241675,143.13710929857137,69.42190228173257,-41.00817603339249,114.12489959176649,66.21393105366796,-31.77374159190227,92.71822672124014,64.77666377150732,-27.22740299402626,82.66767803253875,64.77666377150732,-27.22740299402626,82.66767803253875,61.55159506473447,-31.51687948552549,88.90609722486896,61.55159506473447,-31.51687948552549,88.90609722486896,45.96737016215554,-45.121300414190415,142.9925170402844,46.36000136785128,-43.75087986399095,150.30225710094354,46.13610319564817,-41.11752751439932,157.2650034351054,46.00690009673562,-37.94396537893909,166.45996675303138
8.89999644,44.8003,-42.9384,92.5204,34.520663005967975,-42.906822900549365,91.78579740830936,31.699167211092536,-40.697389657253545,47.22817551852579,29.370571509551585,-44.541007313870836,7.387128531046841,30.7016559906881,-44.14464602894919,4.046379860540064,23.28630320822655,-32.16880056430125,2.5126818725022897,21.842266616848015,-29.700163124762724,2.0201396918024717,55.079936994032025,-42.96997709945064,93.25500259169063,55.274541246042816,-43.48667424895631,48.556912526333335,54.651632994831466,-46.87814573897447,8.611766561736253,54.27437930568557,-47.11027114037839,5.021044169842265,63.68555659622298,-36.64995938914445,3.3560573611647193,66.12091152571682,-33.923535455475445,2.542587926639448,44.208134272565566,-46.94348584880413,100.63469171582221,44.637119866074656,-47.90788048704629,110.5023810797357,45.18330191155593,-47.55014521513742,120.40486004658163,45.70382991658537,-46.907199482288455,130.2943014069918,45.561734823118584,-41.26946542496959,139.18479101270867,25.79854960237865,-48.18790935592551,141.88231438516453,21.847995518422984,-42.55386393428232,113.0050330682434,21.709272034184877,-34.94076665961326,90.73772501537479,21.330343858820594,-31.729057585971134,80.09395692812939,21.330343858820594,-31.729057585971134,80.09395692812939,25.828318243622494,-34.622315427158284,86.34822237275507,25.828318243622494,-34.622315427158284,86.34822237275507,45.561734823118584,-41.26946542496959,139.18479101270867,65.74930131799543,-46.03061532956669,143.1241563728753,69.36162912575149,-40.9332453520819,114.10322205363002,66.08329853163252,-31.727642566611266,92.69479081470458,64.61082446643238,-27.193651311647272,82.64376080489528,64.61082446643238,-27.193651311647272,82.64376080489528,61.413781660352,-31.49264866578379,88.89004688535789,61.413781660352,-31.49264866578379,88.89004688535789,45.961707591188535,-45.095662181840694,142.98611542066328,46.36421320650619,-43.71591776405181,150.29356409128138,46.13965562851821,-41.077913104966164,157.254527876226,46.018794622123195,-37.899604959557635,166.44796523318684
8.90832977,44.7821,-42.9225,92.5182,34.50240804698175,-42.9180924540531,91.7837010315933,31.678553690227275,-40.731559401935186,47.22509892118329,29.36128925241381,-44.54962371347302,7.38093435310374,30.69771266245967,-44.15093686370216,4.0425947795281,23.28703974579738,-32.17250775193467,2.506455483562628,21.841561906059923,-29.703580099841023,2.019628667892712,55.06179195301825,-42.9269075459469,93.25269896840669,55.261722470692334,-43.47195364430081,48.55496910671492,54.6499528190587,-46.87784125107698,8.610877588777647,54.27283374048856,-47.10977099151928,5.020128413511186,63.68486200113796,-36.65008389589141,3.356027790864543,66.12049866744195,-33.92376821553689,2.5430391929072336,44.20060682341132,-46.92922649305261,100.63245359783332,44.63203625816465,-47.894739541484,110.4999270453039,45.17723735337864,-47.53500134126677,120.4023875089201,45.695724921258304,-46.887449157389504,130.29163550113418,45.54025870373832,-41.245676282718755,139.17933885081004,25.801622700615926,-48.226602368779545,141.89556942960792,21.823038813332577,-42.62369920733733,113.01607725859927,21.66137829619497,-35.005736687327676,90.75058792732862,21.310213392712054,-31.80524929279429,80.10248835609721,21.310213392712054,-31.80524929279429,80.10248835609721,25.796852073473243,-34.670345070013305,86.37782502351381,25.796852073473243,-34.670345070013305,86.37782502351381,45.54025870373832,-41.245676282718755,139.17933885081004,65.74324993970696,-45.944973830827664,143.11389556201806,69.29922480958409,-40.85729577562377,114.08430210342138,65.95069889568516,-31.680926642500435,92.674184729231,64.44308780236265,-27.159485277412255,82.62271032971009,64.44308780236265,-27.159485277412255,82.62271032971009,61.27411290258286,-31.46785077783575,88.87683980974887,61.27411290258286,-31.46785077783575,88.87683980974887,45.95398699564002,-45.0686763814156,142.98240685412577,46.366296537800295,-43.679510189000844,150.28752352901847,46.14104584836528,-41.036841738168825,157.24669568441067,46.02853657206535,-37.853611143308,166.43853582276645
8.9166631,44.7607,-42.905,92.5185,34.481024898553386,-42.927762079929934,91.78410466612613,31.654913054900902,-40.76411869659906,47.22452835073758,29.348832310782303,-44.55658742390869,7.377270575026287,30.690571811029063,-44.155561358177664,4.041344458985665,23.28457548053503,-32.17453904912797,2.50287646037064,21.837642658823086,-29.705339972951876,2.021782273579924,55.040375101446614,-42.88223792007007,93.25289533387388,55.24573609034286,-43.45560881651151,48.55554446238091,54.64517409309514,-46.875880596918805,8.612511954500249,54.26819390466777,-47.1076126714476,5.021735433082098,63.68105555706884,-36.64853173803698,3.3585389500639735,66.11696975733696,-33.92231928109272,2.5460358619873453,44.18988391842896,-46.913338694557424,100.63271548057689,44.623764325375625,-47.87996222015745,110.49997273842845,45.16797608458527,-47.51822037093681,120.40241463101538,45.68439983589264,-46.8660664580957,130.2914682168471,45.515533490557786,-41.22028227427902,139.17637940679035,25.801661606301895,-48.26358939002141,141.91135089557739,21.795093570009293,-42.69192818775192,113.029683255746,21.610296223765953,-35.0690960195491,90.76604065359676,21.286962361877904,-31.879412745360952,80.11381850725635,21.286962361877904,-31.879412745360952,80.11381850725635,25.76203867012274,-34.71655916433607,86.41007477478918,25.76203867012274,-34.71655916433607,86.41007477478918,45.515533490557786,-41.22028227427902,139.17637940679035,65.73376577859497,-45.85764166949579,143.10613382997832,69.23345090360368,-40.7800130995319,114.06794150037075,65.8148646148617,-31.633282063813205,92.65621384035587,64.27217311504782,-27.124594434495435,82.60433343773951,64.27217311504782,-27.124594434495435,82.60433343773951,61.13131182834658,-31.44216223941585,88.86629394395321,61.13131182834658,-31.44216223941585,88.86629394395321,45.943001601394506,-45.04003518389586,142.98119028457276,46.36504330026159,-43.641348982983516,150.2839342358759,46.13906818403393,-40.99400359230811,157.24130508496938,46.03492121929262,-37.80567268204833,166.43147591596144
8.92499643,44.7439,-42.8871,92.5172,34.46431356068834,-42.93703158838041,91.78290831190758,31.636053353754225,-40.79628231001418,47.22236254573627,29.341015967030618,-44.56312753257189,7.3720368236943585,30.688056476672116,-44.159761912557634,4.038529978707342,23.2867503820637,-32.176133841810454,2.497787509664388,21.838353207247046,-29.706682179382565,2.022430385161905,55.023486439311654,-42.83716841161959,93.25149168809243,55.23438965665879,-43.438839572400106,48.55453861635389,54.64511100103295,-46.87346326138353,8.612569580374988,54.26827517069782,-47.10499585579555,5.021765038451205,63.68198995616008,-36.646536044193,3.3594915028790937,66.1181875361536,-33.92043050789588,2.5474794489021395,44.183765481809274,-46.89702244073618,100.6313773640531,44.62010748585547,-47.86475183671499,110.49841767572019,45.16332519184381,-47.50101073496836,120.40084091325154,45.67766530939562,-46.84426153589701,130.28969897540392,45.495375488293355,-41.194498067235784,139.17181499104476,25.806474317688785,-48.300086718466154,141.92549788013568,21.772148069888036,-42.75971546767579,113.0416750761902,21.564151722901208,-35.13197070555333,90.77991976346715,21.268779370506266,-31.952655391709456,80.12378678102635,21.268779370506266,-31.952655391709456,80.12378678102635,25.73202962814053,-34.76207766830057,86.44083469625427,25.73202962814053,-34.76207766830057,86.44083469625427,45.495375488293355,-41.194498067235784,139.17181499104476,65.72864370692537,-45.76990961908433,143.0967933558395,69.17217060108844,-40.70260798817841,114.05008444845048,65.68371866606138,-31.585850312844308,92.63684240465332,64.10603120048457,-27.090087713216626,82.58460475626804,64.10603120048457,-27.090087713216626,82.58460475626804,60.993314056708115,-31.416718275097004,88.85435839717026,60.993314056708115,-31.416718275097004,88.85435839717026,45.93656912826068,-45.01095525861483,142.97836589316384,46.36827589191472,-43.6026535679457,150.27869651038753,46.14155343440898,-40.95063204582327,157.23426192780414,46.04578769444454,-37.75704065459543,166.42269723722023
8.93332976,44.7258,-42.871,92.5167,34.44611738292324,-42.94579344461379,91.78587441012733,31.615392878385656,-40.83476355764363,47.224067289615164,29.335915924833486,-44.56576287698658,7.369476480182854,30.68268179376173,-44.16118030478459,4.0360061443075885,23.27444320891853,-32.18162157113107,2.496936744642279,21.82630969821279,-29.71268999530851,2.018087609760114,55.00548261707676,-42.79620655538621,93.24752558987267,55.22187255758765,-43.41990021396688,48.55090061813803,54.64006000714157,-46.87157775307374,8.61029226007507,54.263390354010106,-47.10331611280029,5.019483556086362,63.677784617699274,-36.64549839380992,3.3570184574489055,66.11436523540289,-33.91943176629609,2.546025698303405,44.178061280491164,-46.881314165642166,100.63152997619177,44.618586233237586,-47.848533783823875,110.49843440547517,45.163265574460674,-47.48293616905201,120.40070898456648,45.67938065554718,-46.82253029007079,130.28923103482668,45.490655535552385,-41.16906728910034,139.1688583170802,25.823040522081893,-48.32599006747302,141.94164840403593,21.750917311161373,-42.82320740089645,113.0559440311198,21.52566452449513,-35.18939765701976,90.79643567589343,21.246675070791152,-32.01365108615261,80.13879712726497,21.246675070791152,-32.01365108615261,80.13879712726497,25.702134377647596,-34.81195456295505,86.46627140776786,25.702134377647596,-34.81195456295505,86.46627140776786,45.490655535552385,-41.16906728910034,139.1688583170802,65.73952457017047,-45.69234612282487,143.07375783579567,69.11266806259788,-40.62554722661728,114.0187036530053,65.56429309112377,-31.54497178977094,92.5999341496571,63.954746577608255,-27.070144622081195,82.54340678326467,63.954746577608255,-27.070144622081195,82.54340678326467,60.86810753686734,-31.400296105365012,88.82361365229,60.86810753686734,-31.400296105365012,88.82361365229,45.94485733872626,-44.98260585334595,142.97680414560838,46.38422665594933,-43.568722939139406,150.27559864953147,46.149661733545365,-40.91898316434857,157.23177359885304,46.03905357180504,-37.732023376218,166.42234450765926
8.94166309,44.7121,-42.8558,92.5176,34.43238237014244,-42.95541893966133,91.79023741692575,31.599368315833445,-40.87400734085778,47.22718254661357,29.33514042349688,-44.569013084027674,7.368369414515591,30.681617700613796,-44.16321125861834,4.034930699869368,23.26649050714783,-32.18769248134599,2.49759543392415,21.81863137270707,-29.719277104694996,2.015268013980628,54.99181762985756,-42.756181060338676,93.24496258307425,55.21378095568975,-43.401894486443894,48.54867762891578,54.639498847212806,-46.870618430954956,8.609437101000651,54.263000529037676,-47.102561163885646,5.018623623715602,63.678130608185896,-36.64543392850238,3.3559821783871433,66.11510931627234,-33.91941891116924,2.546012721427486,44.17673957285515,-46.866478499955086,100.63307596494164,44.621441102037096,-47.83318867125874,110.49984296508111,45.16757460930839,-47.4657424264385,120.40196902415565,45.68544902875577,-46.80168455443107,130.29015451334965,45.49028492717339,-41.144531990201564,139.16729242962003,25.84407415222866,-48.35265199134838,141.95913717378346,21.73434916363383,-42.887572564111075,113.07160025884198,21.491788430197445,-35.247722017632036,90.81434638155383,21.22919083517235,-32.07543787014459,80.15526027525227,21.22919083517235,-32.07543787014459,80.15526027525227,25.676811315245768,-34.862693541228744,86.49311706150145,25.676811315245768,-34.862693541228744,86.49311706150145,45.49028492717339,-41.144531990201564,139.16729242962003,65.75457264207293,-45.6157563311983,143.05210711506516,69.0574296952632,-40.54976196939772,113.98883892216578,65.4494155449924,-31.505543041189227,92.56465072027396,63.80817350601104,-27.051761615524462,82.50390440537525,63.80817350601104,-27.051761615524462,82.50390440537525,60.74758186370851,-31.385312191148294,88.79450604284541,60.74758186370851,-31.385312191148294,88.79450604284541,45.95746913333304,-44.95511721983613,142.97662389553446,46.40447453851551,-43.5356113705937,150.27386315529594,46.162119566612105,-40.88823693057241,157.2306716293317,46.036809890165436,-37.70810910095357,166.4234201279404
8.94999642,44.7017,-42.8402,92.5174,34.422007787765644,-42.96459030108011,91.79350091537188,31.58686613215434,-40.91269291997105,47.22921262104348,29.33755546719065,-44.57155789562944,7.366221158881729,30.68372977845022,-44.16453779976046,4.032808611826741,23.261778390547615,-32.19301687329609,2.4972678918078555,21.81420888315991,-29.725111306181926,2.0114748103542,54.98139221223436,-42.7158096989199,93.24129908462811,55.20899665284413,-43.3834571838611,48.54536475828846,54.64228751984711,-46.8691446665928,8.607492966951035,54.26596452696035,-47.10128308180006,5.016673756128828,63.68188571764962,-36.644890904341175,3.3538894159615884,66.11927705964915,-33.91893853173225,2.544951391256638,44.17869632395023,-46.851215646071914,100.63351505563497,44.627569917808664,-47.81741867071431,110.50014281046127,45.175154181149004,-47.44813035271029,120.40212022172251,45.69477703495483,-46.780423835794736,130.28996827564563,45.49318143364453,-41.11959262641707,139.16461705621538,25.868492321320513,-48.37874344979552,141.97554135403544,21.72136739945537,-42.95149285490509,113.08621759070192,21.461500046664572,-35.30557114297365,90.831243935944,21.215326430111514,-32.13661930024678,80.17077473426929,21.215326430111514,-32.13661930024678,80.17077473426929,25.65504482988022,-34.91292079740373,86.51897142950513,25.65504482988022,-34.91292079740373,86.51897142950513,45.49318143364453,-41.11959262641707,139.16461705621538,65.7727099903677,-45.538832709747005,143.0293327563594,69.00530525260305,-40.473981040564276,113.95796665361578,65.3378806038094,-31.466319899989998,92.52846503873896,63.66507928338677,-27.033710256395736,82.46356720911488,63.66507928338677,-27.033710256395736,82.46356720911488,60.63051894908902,-31.37052284765354,88.76452355554187,60.63051894908902,-31.37052284765354,88.76452355554187,45.97331872140366,-44.92719114856352,142.97532417839776,46.42793845325601,-43.50202246125907,150.27098909769313,46.177857587201345,-40.85710834650166,157.22845993043762,46.03800196224974,-37.68402623681544,166.42343305795455
8.95832975,44.6843,-42.8212,92.5248,34.404694945025916,-42.97047036728761,91.80437437496917,31.567499529700306,-40.94810438527564,47.238866857831475,29.33278189902448,-44.570780823373774,7.371749678055416,30.67862830276548,-44.162528065821874,4.038355463881417,23.249707142003768,-32.19509581744357,2.5046485923893513,21.80239857964503,-29.727720088296106,2.01539894094635,54.963905054974084,-42.671929632712384,93.24522562503083,55.19719792112654,-43.36156852621532,48.54965453700052,54.63813141798523,-46.864276608462276,8.613164200146592,54.26198827348141,-47.09661962369166,5.022339378226579,63.6785720572488,-36.640848134138636,3.3594042016369112,66.1163425078743,-33.91492928396368,2.551496241583277,44.17370196907178,-46.832521310279404,100.64155390479534,44.626767256779736,-47.79819717759353,110.50804167931578,45.17580214722224,-47.42705290302667,120.40986937206691,45.69716107381642,-46.7556811397213,130.2973778481946,45.489062064020864,-41.09117152352023,139.16952907301533,25.886121624361866,-48.40148561144822,141.9995507858337,21.701659772082376,-43.012215571363086,113.10850080349732,21.424283727377627,-35.36023668230816,90.85582042896083,21.19447824679787,-32.19450632220955,80.19402876155758,21.19447824679787,-32.19450632220955,80.19402876155758,25.626297747978743,-34.959868270576244,86.5525112815652,25.626297747978743,-34.959868270576244,86.5525112815652,45.489062064020864,-41.09117152352023,139.16952907301533,65.78372483562204,-45.45818012922789,143.01412107538184,68.94593068715136,-40.39480410355042,113.93475727534062,65.21910957254993,-31.423956344467946,92.50006117058732,63.5147829965239,-27.012666129261827,82.43108652614897,63.5147829965239,-27.012666129261827,82.43108652614897,60.50632816955418,-31.35265895563151,88.74236314620822,60.50632816955418,-31.35265895563151,88.74236314620822,45.98218484871993,-44.89573665911082,142.98160739595926,46.44438244174449,-43.46484558420146,150.2756759190297,46.18660346512849,-40.82246645690823,157.23382898211764,46.03231700765345,-37.65661410365832,166.43106308008763
8.96666308,44.6742,-42.8057,92.5231,34.394636587064205,-42.97563638459412,91.80666963030389,31.552353691340173,-40.996140441051494,47.23956151231879,29.322341132228736,-44.577803807306275,7.3684753569726595,30.669713352679654,-44.16953224237469,4.035699896125427,23.24337097013244,-32.20080962528477,2.499575313826492,21.796285171572947,-29.733223394979035,2.0107285356710323,54.95376341293579,-42.635763615405885,93.23953036969611,55.19017245411564,-43.344054499019,48.544267342844606,54.63595561669906,-46.86550540618062,8.609357716108569,54.259997884955105,-47.09806231694164,5.018527323177258,63.67793001551974,-36.643536264737754,3.355397620517711,66.11671065259101,-33.91745156926203,2.5511060956716025,44.1747079320699,-46.81578870020924,100.64115390749711,44.634829744059246,-47.77840643261122,110.50761396467045,45.188754613757496,-47.4049415556296,120.40908205100952,45.71557184325171,-46.73232151621522,130.29621636433237,45.50792144682569,-41.066347848682184,139.16744319367714,25.92301050527197,-48.417697892968704,142.01593486081924,21.69297004122118,-43.05892768740625,113.12584899738732,21.38725904173839,-35.41067231136022,90.87225978738395,21.16433292487463,-32.249327461502375,80.20902090243153,21.16433292487463,-32.249327461502375,80.20902090243153,25.592918205638124,-35.00780093806335,86.57274679563895,25.592918205638124,-35.00780093806335,86.57274679563895,45.50792144682569,-41.066347848682184,139.16744319367714,65.8150107339681,-45.40071145614401,142.98325315256358,68.89724089260831,-40.32662783333782,113.89716963693813,65.1209990567074,-31.392553125574516,92.45576555621395,63.389284643900204,-27.005950253157277,82.38068038222953,63.389284643900204,-27.005950253157277,82.38068038222953,60.40415685173326,-31.346307130557058,88.70277378513057,60.40415685173326,-31.346307130557058,88.70277378513057,46.01301488616406,-44.86917287994319,142.97969049561755,46.48175188923254,-43.43459418078717,150.2726172798642,46.20865122716516,-40.80020608747728,157.23321545133663,46.017926942245985,-37.649181911563275,166.43485722747351
8.97499641,44.6644,-42.7879,92.5244,34.38491902593833,-42.9784129525805,91.81197419417651,31.537697575271824,-41.04177313589726,47.24329843999573,29.312072929038443,-44.58238954903828,7.368301135430627,30.660955770442563,-44.174108823010194,4.036137908258296,23.23731470491995,-32.20401286612053,2.497659077354223,21.790475506625476,-29.73619991288319,2.0092270482932526,54.94388097406167,-42.5973870474195,93.23682580582349,55.183434280183626,-43.32432799022068,48.54187896248105,54.63407044193346,-46.8645114467798,8.608558537588657,54.25829789016608,-47.09727873811369,5.017722392479371,63.67766890392598,-36.64407911273034,3.3544039331862594,66.11748064098464,-33.91785197866485,2.553730516120428,44.17598001460363,-46.79672241417232,100.64375291288628,44.6431500254528,-47.75625904502935,110.51018188569132,45.20197139652048,-47.380454807276436,120.4112863135077,45.734260023013384,-46.70656422237651,130.29804105599473,45.52711009041453,-41.03909938823596,139.16832701560193,25.96026430881324,-48.43126801206141,142.0352727834815,21.684879420545645,-43.10315097419436,113.1461922420734,21.350956792872715,-35.458757044355785,90.89168170231595,21.13497294009894,-32.301813611262354,80.22699605451305,21.13497294009894,-32.301813611262354,80.22699605451305,25.560273119582227,-35.05341110066145,86.59598187107456,25.560273119582227,-35.05341110066145,86.59598187107456,45.52711009041453,-41.03909938823596,139.16832701560193,65.84649514625633,-45.341008563740715,142.9552990564468,68.84867216812773,-40.256617709808246,113.86264320632209,65.02325377360033,-31.359403256427804,92.41463044715559,63.26432012836058,-26.99756575521717,82.33351012868204,63.26432012836058,-26.99756575521717,82.33351012868204,60.302463068922634,-31.33815248398078,88.66638154402776,60.302463068922634,-31.33815248398078,88.66638154402776,46.04413985743872,-44.84015567193553,142.98073812147166,46.519421158978844,-43.40186127711978,150.27250940290583,46.23112012774295,-40.77561640034734,157.23557136335936,46.00418375606514,-37.63987168546289,166.4416098953602
8.98332974,44.659,-42.7692,92.5264,34.379645801784825,-42.9803782069549,91.81798215540304,31.527624356536386,-41.08654842817639,47.24777366705452,29.306154144536656,-44.58605827072355,7.368916102561606,30.656532632366805,-44.1777472873255,4.037362422363419,23.235487437746688,-32.20633659661416,2.4965914161046348,21.788871692296613,-29.73830808779992,2.008586857113536,54.93835419821517,-42.55802179304509,93.23481784459695,55.18110134297325,-43.30353331160726,48.54019413380368,54.63665861180071,-46.86238181289935,8.608465406545648,54.261076100705154,-47.09535614766552,5.017622806221954,63.68181210047379,-36.64341253317681,3.3541418468443496,66.12263332801534,-33.91702639144064,2.557094821298423,44.18168372256813,-46.776744477215274,100.64704402550315,44.65590164664435,-47.73318882569827,110.51343701428785,45.219610597784154,-47.35503844845503,120.41417504490938,45.75736309035091,-46.679867451510106,130.30054674650054,45.550655707077816,-41.010907702591396,139.16988771236942,26.002060187759625,-48.44406089085085,142.05530548835284,21.68126351706439,-43.146716776372,113.1673221197737,21.319007758309226,-35.506182192576475,90.91192941869846,21.10991730257062,-32.3535893499872,80.24581951953476,21.10991730257062,-32.3535893499872,80.24581951953476,25.531962596846483,-35.09829191689209,86.62003900025258,25.531962596846483,-35.09829191689209,86.62003900025258,45.550655707077816,-41.010907702591396,139.16988771236942,65.88227333856865,-45.280164068815424,142.92804728938398,68.80430285374887,-40.18573085231771,113.82898862153253,64.92982010051875,-31.325501243635465,92.37447355089174,63.14376956759451,-26.988523325997622,82.28739732105056,63.14376956759451,-26.988523325997622,82.28739732105056,60.20520739767278,-31.329295010969194,88.63098497365047,60.20520739767278,-31.329295010969194,88.63098497365047,46.07965074529824,-44.81016600719876,142.98244953828257,46.561446629993,-43.368134557624764,150.27305510479286,46.258011457860995,-40.75020400004653,157.23860448689555,45.995024702156734,-37.6302111709461,166.44903461795275
8.99166307,44.6467,-42.747,92.5324,34.36751745432214,-42.97893206175373,91.82799349707557,31.510843363986154,-41.12787355871001,47.25628612782716,29.293300047190307,-44.58623214351648,7.373620253702988,30.64515424326312,-44.17787292175169,4.042671016299336,23.226581673907813,-32.205218016657206,2.4996620867315382,21.780162555016037,-29.736987704024003,2.012095536194126,54.925882545677865,-42.51506793824627,93.23680650292442,55.17189122010239,-43.27914811240534,48.54251421107171,54.632465583427624,-46.85665925723935,8.612385064259705,54.257079541833185,-47.08984410178529,5.021535583753715,63.67907149470503,-36.639056590883484,3.3579043018895343,66.12087127198892,-33.912487968811064,2.5644869990869976,44.180519008580205,-46.753254556008756,100.65432727560386,44.66178607312661,-47.70659169449977,110.5206796590005,45.230374998954076,-47.32608122431544,120.4210482105195,45.77358513644574,-46.649612759910795,130.30703284552638,45.56726744746522,-40.979147672129756,139.1754205482303,26.037073385631267,-48.45338044390758,142.07927199422198,21.67097158841227,-43.18696432925398,113.19244561880238,21.280351779526175,-35.55038236425381,90.93617606847702,21.078152465225827,-32.402135241881126,80.26864981706181,21.078152465225827,-32.402135241881126,80.26864981706181,25.496941407874473,-35.13991505819035,86.64810251392382,25.496941407874473,-35.13991505819035,86.64810251392382,45.56726744746522,-40.979147672129756,139.1754205482303,65.91106839655313,-45.21551803799292,142.90475264756472,68.75285147077406,-40.11126199430223,113.79946857680673,64.82944479003379,-31.28812921832735,92.3385573595485,63.01639360596701,-26.976098932427252,82.24560432050694,63.01639360596701,-26.976098932427252,82.24560432050694,60.1011415372124,-31.31701277680242,88.5998409485448,60.1011415372124,-31.31701277680242,88.5998409485448,46.10825777945804,-44.776575689341186,142.9881226093397,46.596543489141254,-43.33078146189098,150.27755109311613,46.27805286313985,-40.72134294621329,157.24561437185773,45.979197593724116,-37.61758403268865,166.46043431698192
